  0.00000238683002631  0.00000240997973589  0.00000242985547786  0.00000245065098791
  0.00000247285783015  0.00000249682449387  0.00000252389635962  0.00000255145298970
  0.00000257884849358  0.00000260673866010  0.00000263613698671  0.00000266639102355
  0.00000269696861882  0.00000272817117558  0.00000276204137992  0.00000279845706464
  0.00000283684086023  0.00000287683978313  0.00000291816349404  0.00000296134666663
  0.00000300614219919  0.00000305192144006  0.00000309862306328  0.00000314581952413
  0.00000319426609524  0.00000325085779970  0.00000331257728962  0.00000337514521322
  0.00000343923765799  0.00000350557538705  0.00000357334277987  0.00000364148466325
  0.00000371770145178  0.00000380019326919  0.00000388752554971  0.00000397823005782
  0.00000407061221545  0.00000416461491127  0.00000426357971975  0.00000436861481283
  0.00000448379479744  0.00000460806389275  0.00000473351835358  0.00000486115851269
  0.00000499558553526  0.00000514779762756  0.00000531091455791  0.00000548106442291
  0.00000565992078648  0.00000585385440484  0.00000606537850188  0.00000629059526351
  0.00000651498545615  0.00000675514596365  0.00000701661810969  0.00000729960473330
  0.00000759562655667  0.00000791170148668  0.00000825999922393  0.00000862221101642
  0.00000900158376984  0.00000941882404871  0.00000989161653279  0.00001038283235899
  0.00001091144646755  0.00001150805304427  0.00001210912107281  0.00001281644269110
  0.00001360078063071  0.00001444369034567  0.00001542487653310  0.00001646144630415
  0.00001765797053092  0.00001900979656232  0.00002058425281289  0.00002237434380576
  0.00002444065117491  0.00002678552558863  0.00002937426641782  0.00003240366449467
  0.00003602895077640  0.00004026176200069  0.00004512309149787  0.00005107290554430
  0.00005849888665259  0.00006781157908685  0.00007942221142729  0.00009424447499819
  0.00011396263501239  0.00014248118249719  0.00018410156768852  0.00025180246836794
  0.00035999434143993  0.00055566826868703  0.00711531096476465  1.00000000000000000
 -0.00252907355878807  0.00929568788400235  0.01911844983986877  0.02965837441302150
  0.04027857535453257  0.05100123704950871  0.06104789112989770  0.07146626436997564
  0.08159978922603095  0.09276567926279800  0.10385617015545311  0.11528669796809823
  0.12640826255836529  0.13738630030101051  0.14788301944217680  0.15819471683408590
  0.16847536074258138  0.17887249239471958  0.18928062575105858  0.19958589386137343
  0.20994542927773760  0.22039959556760469  0.23092252109156200  0.24118562893844087
  0.25142706749902610  0.26178365836857881  0.27225374432682314  0.28274406853844863
  0.29311755092027225  0.30346593868995525  0.31376293187930460  0.32429374429863778
  0.33514761600999399  0.34607705231528996  0.35692222475278867  0.36800999773758064
  0.37923290735345472  0.39022505634232457  0.40110688932567123  0.41161132898166297
  0.42198004799740935  0.43232266112032514  0.44248634963518346  0.45278420816063558
  0.46292140422802069  0.47311857789320194  0.48341284211174979  0.49374055402554778
  0.50410781150945316  0.51462751711769716  0.52497873446805432  0.53536795403811488
  0.54573102345460112  0.55615510904967103  0.56655723272336911  0.57693514137529678
  0.58753761468394450  0.59841934239495187  0.60946109513864311  0.62052220144414139
  0.63173976336058180  0.64290706955292554  0.65412771864315167  0.66539326948655297
  0.67638708688696647  0.68740315610608427  0.69818135679608984  0.70889984065746414
  0.71918241238806124  0.72935039939029878  0.73918895806349227  0.74909633361149019
  0.75919344907045183  0.76955247223963685  0.77981401600022782  0.79009102468312831
  0.80019266603468697  0.81020484491688227  0.81979761354617864  0.82963597511703124
  0.83978632703035161  0.84993816902740371  0.86050843040905667  0.87104728896188721
  0.88150534224628641  0.89151317355919257  0.90187644720654792  0.91244327323370689
  0.92365428840462449  0.93492911079070140  0.94624536631090062  0.95754147382889987
  0.96805650987360459  0.97907498242738622  0.98947601094959803  1.00000000000000000
 -0.00162803305991695  0.03176862304298835  0.04939291139326987  0.06757816013664167
  0.08580543069383760  0.10400449819176523  0.12191023691478801  0.13954169990668339
  0.15683373369672152  0.17384361697658135  0.19076364422161107  0.20746682908881822
  0.22401965754093989  0.24005538977217850  0.25567888578594705  0.27123412518474688
  0.28682003599635902  0.30256985815751403  0.31820318816392845  0.33347650887989999
  0.34834274401403376  0.36277513255293198  0.37681868099234395  0.39070912716762912
  0.40450120643007492  0.41835154171637706  0.43222176686577607  0.44579257256866345
  0.45912242672737780  0.47207583160237282  0.48498440889366701  0.49774479510838943
  0.51019133334243216  0.52250736661046471  0.53485099833050576  0.54689994767360017
  0.55858502678317457  0.57003406607661578  0.58139685177764200  0.59257340360007682
  0.60368191583239117  0.61493530002028529  0.62616651687139235  0.63723003115067711
  0.64823656411202302  0.65923479522939243  0.66996605169416668  0.68040369532635303
  0.69074749545053582  0.70095420014234822  0.71085446797170238  0.72038165505539953
  0.72975841852521706  0.73908168369137928  0.74831741964944043  0.75738060132117546
  0.76619459303684134  0.77479608665322752  0.78318589559348983  0.79145520650634615
  0.79963993681105361  0.80780184745609918  0.81581065879091985  0.82363582240740851
  0.83131187667614836  0.83876297172081982  0.84591501388151968  0.85302990963092407
  0.85988012796917934  0.86673522492588129  0.87348060368762692  0.88008300142591822
  0.88654832679998874  0.89290396208720713  0.89917882789865089  0.90533278593808020
  0.91139799438300195  0.91720033303468296  0.92274657199815202  0.92818310877507026
  0.93347008581145852  0.93866325284499708  0.94389273745867852  0.94906835946353396
  0.95414404651014140  0.95910983807376360  0.96388707290425546  0.96859382307566100
  0.97321759934846397  0.97764164839445722  0.98183456843246730  0.98575750402516338
  0.98946210928393730  0.99304169985749424  0.99654606981354477  1.00000000000000000
  0.00210750474515367  0.05856905338453627  0.08554027525402498  0.10306164863201270
  0.11698145023706169  0.12853702602687961  0.13868347018985902  0.14792598807509622
  0.15653269314651516  0.16476428835298748  0.17259409598439804  0.18014707707165367
  0.18742447551773761  0.19440157117518087  0.20128312731996850  0.20815768463020518
  0.21488969037617331  0.22150265679916123  0.22805624087918291  0.23455123543476206
  0.24095976778439340  0.24730483586979965  0.25379158227411142  0.26039245555733370
  0.26698175130697016  0.27353117424687978  0.28002247757450754  0.28660593975479420
  0.29303585852778796  0.29927398501483710  0.30535955592932601  0.31129402658593464
  0.31722585009109222  0.32310626606955617  0.32897611938155252  0.33488636475839112
  0.34091211850319819  0.34706405036475146  0.35333152187411432  0.35974465405791434
  0.36618968838235644  0.37256301244952805  0.37897484905586348  0.38549073036587855
  0.39208887492675404  0.39869949026164547  0.40514833960824653  0.41169114466855733
  0.41809332083024048  0.42441695662121992  0.43077690358596754  0.43715999060773308
  0.44356372577074382  0.44993488056542486  0.45637177348100832  0.46302334055339817
  0.46982950839338267  0.47664253244638877  0.48349364873097994  0.49042928924498663
  0.49758854254509194  0.50486112215674783  0.51221124193893131  0.51935084548340726
  0.52638434658369837  0.53340841651798288  0.54057212835965895  0.54790691105316747
  0.55518846238951969  0.56241739539841640  0.56970574170988453  0.57725890459471696
  0.58503759663221822  0.59289488563286663  0.60080817639937090  0.60904865587737089
  0.61753496224067128  0.62621330794179930  0.63510401579478515  0.64422308551863150
  0.65363940418926891  0.66323496713756924  0.67307798630602245  0.68327887401614484
  0.69401024242677212  0.70515140658442821  0.71673626592401085  0.72890891271434322
  0.74211097597404307  0.75632284576504061  0.77261378027578842  0.79105124815947014
  0.81198554472396922  0.83797447323096397  0.88107237074479516  1.00000000000000000
   1180.2331305380160       -1.0000000000000000     
 F T F F T F F F F F F T F F T F F T F F T F F F F F F T F F T F
  <DiscreteSampler_grid>
  grouped_processes
  1 # 1 for a reference and 2 for a running grid.
  10 # Attribute 'min_bin_probing_points' of the grid.
  1 # Attribute 'grid_mode' of the grid. 1=='default',2=='initialization'
  0.0000000000000000 # Attribute 'small_contrib_threshold' of the grid.
  0.5000000000000000 # Attribute 'damping_power' of the grid.
 # binID   n_entries weight   weight_sqr   abs_weight
    13   10   1.605573679481893E+010   9.064065327078322E+020   1.605573679481893E+010
    14   10   1.605573679481893E+010   9.064065327078318E+020   1.605573679481893E+010
    16   10   1.605573679481894E+010   9.064065327078324E+020   1.605573679481894E+010
    17   10   1.605573679481893E+010   9.064065327078318E+020   1.605573679481893E+010
  </DiscreteSampler_grid>
