  0.00000242814026863  0.00000250450986528  0.00000256503838629  0.00000262224936772
  0.00000268034871496  0.00000273952405820  0.00000280298727291  0.00000286851675891
  0.00000293621403265  0.00000300573693002  0.00000307630611562  0.00000314926603319
  0.00000322610243904  0.00000330755077529  0.00000339347233314  0.00000348124695048
  0.00000357103190227  0.00000366463403806  0.00000376475102016  0.00000387276428387
  0.00000398495945761  0.00000409836733020  0.00000421503665850  0.00000433948777725
  0.00000447434993595  0.00000461970635010  0.00000476564173516  0.00000491330390208
  0.00000507531060284  0.00000524946810139  0.00000543237291342  0.00000562179713078
  0.00000581718503293  0.00000602707931159  0.00000625534376855  0.00000648753769092
  0.00000672911499154  0.00000699789749311  0.00000728689246323  0.00000758097871893
  0.00000788170924953  0.00000821292282828  0.00000855286757751  0.00000890316916115
  0.00000928842530143  0.00000970605755188  0.00001013812998981  0.00001058357917550
  0.00001105265277916  0.00001154624097685  0.00001206163178994  0.00001262300353056
  0.00001324061412670  0.00001388391147494  0.00001458322968322  0.00001533878791485
  0.00001612589175630  0.00001698658719261  0.00001792694989425  0.00001887659147579
  0.00001987011285215  0.00002094940503375  0.00002208514479843  0.00002335538782507
  0.00002476235545426  0.00002625841952457  0.00002795026973176  0.00002970643146262
  0.00003153625304567  0.00003351552313010  0.00003562507028305  0.00003806466427066
  0.00004078844050254  0.00004375562658625  0.00004688000955472  0.00005051416206712
  0.00005458201373950  0.00005913222660943  0.00006426258209048  0.00007019820137176
  0.00007696839161120  0.00008454673580017  0.00009341506526602  0.00010363538897856
  0.00011424733279644  0.00012726403873352  0.00014236632550354  0.00015719970742607
  0.00018071414782010  0.00020932945343504  0.00024108914232861  0.00027838681870650
  0.00033203805692494  0.00052120265539278  0.00311313861496479  1.00000000000000000
 -0.00174611693636999  0.00981801771007161  0.01995089848374488  0.03025173840498216
  0.04049702682970067  0.05093467710851432  0.06119578857177715  0.07171619706579797
  0.08218257347053716  0.09289584386671605  0.10368464159198493  0.11441483596357713
  0.12529751505840964  0.13568467169998430  0.14619897466054257  0.15661444748110134
  0.16679249882300307  0.17714825873394446  0.18736059426060267  0.19784246204107631
  0.20846795041727911  0.21918240974729566  0.22981088310316858  0.24020695399029970
  0.25068547844203815  0.26148264303317392  0.27218658815866525  0.28270496798220518
  0.29307210510328513  0.30339600403743183  0.31379542511844649  0.32425904551159290
  0.33456494533229258  0.34492059100929379  0.35541756928527302  0.36627212794680941
  0.37723411731710738  0.38774467729864215  0.39814103314384558  0.40826646399013811
  0.41859643716251016  0.42904868581528871  0.43944762815105393  0.44994081293785448
  0.46041984302217831  0.47108283086025649  0.48159693090832439  0.49215110760451503
  0.50281987363376601  0.51369049734281935  0.52435812055564046  0.53477870812968409
  0.54520221874032371  0.55589303663979817  0.56668007422247835  0.57745846678289270
  0.58807624764982436  0.59881729779669746  0.60942703222221406  0.62020126720896174
  0.63110906167844916  0.64209943974379968  0.65267113167455815  0.66295538044890490
  0.67335424737607119  0.68387600478087363  0.69412393295248109  0.70433223789861665
  0.71429961795814900  0.72446033349204164  0.73459544222803463  0.74491762218942448
  0.75518331173051223  0.76555126147995822  0.77608722792863682  0.78687134609914633
  0.79756937937679395  0.80818854902506132  0.81882686262035131  0.82949553891295158
  0.84008399062990768  0.85064278777921631  0.86121016682582019  0.87190792537736628
  0.88256818154107697  0.89310907118100635  0.90387507228977249  0.91469963548704269
  0.92569822719967298  0.93650076235951019  0.94696429834084261  0.95748037140587483
  0.96813150490118360  0.97890381227688372  0.98945437874192754  1.00000000000000000
  0.00971340363556729  0.02089856998207326  0.03335242212272055  0.04698985061994831
  0.06037646298796764  0.07374741796957472  0.08713285918925777  0.10035255580407720
  0.11344296027215491  0.12637188617812034  0.13915887653925413  0.15206149327375262
  0.16508591772941580  0.17763498559672325  0.19009805030730395  0.20242748455372156
  0.21474314158794783  0.22700992635926179  0.23921868484704015  0.25143467767189226
  0.26355948986470806  0.27545339366740429  0.28689026387602656  0.29823423223954554
  0.30958486181258843  0.32102438758150131  0.33242388450113641  0.34368585731059759
  0.35483660903264624  0.36595369017832313  0.37707568409658471  0.38816692429977873
  0.39934913806115629  0.41060009479257437  0.42177537522606373  0.43275301718693765
  0.44349636983230784  0.45406336184204182  0.46444945409594884  0.47467126323815811
  0.48481603240595189  0.49495053872691580  0.50503607644953996  0.51504453437580167
  0.52502799991778104  0.53498764167368251  0.54488194093536424  0.55469528886196229
  0.56447153372332848  0.57425583817725656  0.58391515039248332  0.59339026846571374
  0.60283567580795194  0.61232571678613279  0.62183991259495897  0.63111551773866459
  0.64017532488528295  0.64925155119567513  0.65853484887715041  0.66792717977565330
  0.67718337491290936  0.68638059194703660  0.69545667634463526  0.70453390545152894
  0.71345836829915010  0.72229216059211243  0.73109702711735114  0.73993035780753202
  0.74871576640033843  0.75740947207704168  0.76623054783227251  0.77504884650316674
  0.78375319248187147  0.79251024487060728  0.80122959736727739  0.80999880727588003
  0.81876056981660628  0.82753674432206870  0.83628255284027797  0.84498488418244833
  0.85370181292038017  0.86247318001638451  0.87129284720656652  0.88011650534474917
  0.88897033780667545  0.89794554427388074  0.90699874018467153  0.91619704437821858
  0.92526708350833009  0.93449166026205199  0.94384668100456415  0.95351108641151938
  0.96356713243988390  0.97419509866086751  0.98631250442027907  1.00000000000000000
 -0.00703975248184944  0.08699945731688449  0.13585873153632610  0.16457715723847299
  0.18645496441855958  0.20506441631115860  0.22153403564415955  0.23635257574914256
  0.25028114012043290  0.26303142654520384  0.27524457681418424  0.28681689963854534
  0.29792951528645989  0.30864913652325715  0.31910805557994343  0.32921393095654228
  0.33897271091082010  0.34842138955741025  0.35779506026939489  0.36701212757514706
  0.37592338731160191  0.38466864034469728  0.39340013826495585  0.40213023438767059
  0.41083388899559159  0.41945203133839326  0.42793957490363654  0.43621864410459482
  0.44423058828937512  0.45212904085444616  0.46007381101481354  0.46805857139656781
  0.47605466318974016  0.48391457131948573  0.49160146801210558  0.49925624296921839
  0.50683641522394862  0.51445070162737350  0.52204193374436247  0.52956327837973483
  0.53711564199754924  0.54457272316713878  0.55202550971751119  0.55940817281846489
  0.56673419143675963  0.57404961581812286  0.58144245195742850  0.58895624006631420
  0.59652378134268913  0.60402550880054062  0.61135601310618526  0.61862498886319539
  0.62579053086092529  0.63275055011205550  0.63957378573330592  0.64631483013184488
  0.65299473912191397  0.65967993530627722  0.66644701382748484  0.67325960824455933
  0.68006310763411737  0.68678447291932454  0.69359468689411885  0.70046770308811623
  0.70744169108455968  0.71437742449523900  0.72124970646641406  0.72799586024899177
  0.73460237415414098  0.74119405785141479  0.74783853460594563  0.75446292540060522
  0.76099796555217836  0.76748601888699453  0.77398199646421284  0.78052770558339046
  0.78714778195842627  0.79376200731624824  0.80034633047903636  0.80692035013397612
  0.81353530745934588  0.82022052723213512  0.82692581180863156  0.83366986819870970
  0.84052248605120206  0.84747252507807380  0.85458553070046683  0.86204667977107174
  0.86976771099181438  0.87793690304045213  0.88674832248820257  0.89657167039283914
  0.90814238325709173  0.92256444737898857  0.94257897989309758  1.00000000000000000
   3.4592998961860619       -1.0000000000000000     
 F T T F F F F F F F F F F T T F F T T F F F F F F F F F F T T F
  <DiscreteSampler_grid>
  grouped_processes
  1 # 1 for a reference and 2 for a running grid.
  10 # Attribute 'min_bin_probing_points' of the grid.
  1 # Attribute 'grid_mode' of the grid. 1=='default',2=='initialization'
  0.0000000000000000 # Attribute 'small_contrib_threshold' of the grid.
  0.5000000000000000 # Attribute 'damping_power' of the grid.
 # binID   n_entries weight   weight_sqr   abs_weight
    10   10   7.286738780652742E+009   4.047289596125133E+020   7.286738780652742E+009
    11   10   7.286738780652742E+009   4.047289596125133E+020   7.286738780652742E+009
  </DiscreteSampler_grid>
