  0.00000238140852657  0.00000242144305940  0.00000246360337751  0.00000251257085440
  0.00000256375969805  0.00000262092771475  0.00000267585823296  0.00000273267987711
  0.00000279091031200  0.00000285168513311  0.00000291432444784  0.00000297750417539
  0.00000304188932590  0.00000310723724509  0.00000317363846425  0.00000324594917716
  0.00000332292960232  0.00000340149681316  0.00000348138801260  0.00000356321840128
  0.00000364658396391  0.00000373320905004  0.00000383381638524  0.00000393576905259
  0.00000404004592601  0.00000414635036100  0.00000425250816677  0.00000436933567779
  0.00000449935076463  0.00000463162340558  0.00000476641485644  0.00000490382387865
  0.00000504991296445  0.00000521058155560  0.00000537828810107  0.00000554993845010
  0.00000572411226803  0.00000591722718992  0.00000612770136666  0.00000634257329024
  0.00000656192650368  0.00000679253337889  0.00000704770061340  0.00000731759369715
  0.00000758998598424  0.00000788136452384  0.00000819770433056  0.00000853681504430
  0.00000888057880930  0.00000925669773511  0.00000966447584275  0.00001008949851643
  0.00001053482860254  0.00001101660072706  0.00001153301030008  0.00001206577460040
  0.00001266236413498  0.00001331751983136  0.00001399724840881  0.00001472776250794
  0.00001551509383865  0.00001634563744394  0.00001724701840825  0.00001822796750490
  0.00001924758014561  0.00002044205148238  0.00002171711381011  0.00002312589654603
  0.00002471460749362  0.00002649434878576  0.00002848296411044  0.00003058264806092
  0.00003283806139547  0.00003528358586558  0.00003802627650415  0.00004102534121060
  0.00004442070358930  0.00004838946780944  0.00005300974483859  0.00005831752029476
  0.00006414184033118  0.00007092330951545  0.00007862023683010  0.00008740559046639
  0.00009863673306204  0.00011333257332476  0.00013097877970496  0.00015126622945133
  0.00017579494751361  0.00020566956160633  0.00024633638293241  0.00031104261093803
  0.00044028335637165  0.00077352661477526  0.00349283972563863  1.00000000000000000
 -0.00242869309675670  0.00930454498479373  0.01932840146530112  0.02973974358386219
  0.04018309344460080  0.05101893918415974  0.06197687048411035  0.07276756438197338
  0.08333332972774271  0.09381687182816451  0.10435469795373035  0.11492309721036106
  0.12539234559493267  0.13572571269191985  0.14602695511995345  0.15631183596742504
  0.16656596243270552  0.17676504046357680  0.18703470686321380  0.19747899509410197
  0.20801370567240676  0.21848186983171544  0.22906101845632293  0.23969095973468635
  0.25019345438123358  0.26045880653467957  0.27065480461607527  0.28125025150900845
  0.29182984986012328  0.30233108989575358  0.31288448067311236  0.32343864954626311
  0.33393391298761882  0.34415228772487272  0.35437912078412231  0.36474229748612647
  0.37521624757095573  0.38569259642701192  0.39608737204447086  0.40657919778835244
  0.41696035705158685  0.42733248302515220  0.43774727658600926  0.44832736673728035
  0.45877546487847959  0.46909949423981190  0.47946329236149354  0.49014616614935169
  0.50077841375366083  0.51140027915761954  0.52202678660753488  0.53295615386737683
  0.54377663148114919  0.55439695451886750  0.56501810611373693  0.57579178284444132
  0.58656818930881915  0.59728799759437079  0.60804880314254095  0.61885295248742844
  0.62948052533484700  0.63996852887470446  0.65038378519515971  0.66082015924560822
  0.67136807138166321  0.68211774193679675  0.69302626950837942  0.70399814635126523
  0.71486168506848735  0.72565898979301535  0.73619237531437975  0.74659991596143249
  0.75697436661291395  0.76734288001413931  0.77766030536156727  0.78814556306051753
  0.79893961054216645  0.81011851149623937  0.82114139068016923  0.83195575886308859
  0.84262500758282954  0.85323474116182507  0.86386384818786510  0.87443894441226611
  0.88489257792798681  0.89549205147892252  0.90616466987969446  0.91690804150489458
  0.92733917098084140  0.93763685727371626  0.94799119150865663  0.95824178675891358
  0.96860472544118792  0.97887701977918318  0.98941221774026022  1.00000000000000000
 -0.00109659605454623  0.01260551602275728  0.02545211000654779  0.03855048855844376
  0.05130539989990020  0.06375026152393994  0.07613510177953935  0.08833592798622394
  0.10042651330710800  0.11242660910075358  0.12434285065580361  0.13614861209597270
  0.14791063687455194  0.15967264447164053  0.17133368249796338  0.18287633151856003
  0.19438555981782676  0.20579126288122165  0.21701433542945553  0.22819967544887848
  0.23946688346405318  0.25065508178422480  0.26160144879621094  0.27231721844429674
  0.28304819290893762  0.29381733393182929  0.30452888982932580  0.31526737071271560
  0.32596775272861178  0.33668038176003828  0.34724045685105620  0.35764043624154240
  0.36790636665167775  0.37813331927392146  0.38845138114306299  0.39888650412192911
  0.40929697856351188  0.41949059467364647  0.42956919441027491  0.43967748545791607
  0.44985877448490225  0.45998859955003224  0.47001188516733705  0.47992169168982152
  0.48957739450376608  0.49906081569202432  0.50847028285267837  0.51802075959597038
  0.52754990774526844  0.53694468572331533  0.54634303953910124  0.55575456234631759
  0.56514594947154817  0.57448454029590845  0.58376803748112138  0.59301409031780927
  0.60221931734400780  0.61143757749325678  0.62068163145962785  0.62990106914280808
  0.63906848164262475  0.64815604224694623  0.65720368194351131  0.66625569658736816
  0.67530377611869885  0.68430260138141441  0.69322222032062475  0.70208532056883632
  0.71100695007185977  0.71995934185639210  0.72887979960277549  0.73784295039878933
  0.74692791418691795  0.75609290202222357  0.76544299504139590  0.77465301392798502
  0.78401102926510768  0.79316972956090714  0.80247831531862601  0.81170860662419608
  0.82128818625512368  0.83098761868942561  0.84078748563484940  0.85063994978869606
  0.86051664259729699  0.87040059831038274  0.88038738467560274  0.89048755499452925
  0.90091846842819256  0.91183399846713908  0.92326916703178508  0.93516356470049267
  0.94765769323334192  0.96155809162479955  0.97886037623727129  1.00000000000000000
 -0.01500861933183388  0.09722005670683828  0.13541172957472244  0.15946671518239577
  0.17853064702190707  0.19449442292428071  0.20848992685231424  0.22106371590389523
  0.23262235630848507  0.24340963598212545  0.25357661568610940  0.26322642782997413
  0.27242188955837754  0.28116448349934087  0.28953108246825754  0.29756129820754584
  0.30527217430229975  0.31284508442342240  0.32018851767660844  0.32741581080576765
  0.33452194881926206  0.34144363980735809  0.34830067215166671  0.35498919709196486
  0.36155137485092409  0.36806492269280466  0.37446465813484353  0.38070082276007694
  0.38683862046450779  0.39295468048018012  0.39900250937802106  0.40491410638819009
  0.41077486415291992  0.41657763569838813  0.42239733944130364  0.42824567649340711
  0.43403445201948998  0.43979217132292187  0.44549659046409790  0.45118034365017978
  0.45685303354582685  0.46252491602356083  0.46817333858152194  0.47380954539395065
  0.47944922169831117  0.48507657720544572  0.49071135571154012  0.49634082950494313
  0.50204148988657171  0.50774710342323282  0.51343484765039227  0.51908211466181631
  0.52477024211292367  0.53051021994219327  0.53628137192034164  0.54202428427891625
  0.54771146647325997  0.55338345601003236  0.55909804529930329  0.56486427850240528
  0.57068459086569023  0.57658773452483369  0.58251607471628641  0.58852325053146337
  0.59449087879664209  0.60046631250292715  0.60653926573792050  0.61272872603955952
  0.61898697366514011  0.62529186292452299  0.63165160678943966  0.63807319771560500
  0.64458790282410194  0.65120626604338072  0.65789130217137037  0.66467244725584884
  0.67162617056655305  0.67877219394832256  0.68610926882623324  0.69379229111014140
  0.70169483014251954  0.70979138516667650  0.71826076965372332  0.72705273174131235
  0.73627914798560723  0.74593344334844203  0.75611250364376903  0.76686752984462847
  0.77834287517326795  0.79089779349043454  0.80489483234846981  0.82086256626181775
  0.83975719199889476  0.86390479835676770  0.90176257950577421  1.00000000000000000
   13.105412981942330       -1.0000000000000000     
 F F F F T F F T T F F T F F F F F F F F F F F F F F F F F F F F
  <DiscreteSampler_grid>
  grouped_processes
  1 # 1 for a reference and 2 for a running grid.
  10 # Attribute 'min_bin_probing_points' of the grid.
  1 # Attribute 'grid_mode' of the grid. 1=='default',2=='initialization'
  0.0000000000000000 # Attribute 'small_contrib_threshold' of the grid.
  0.5000000000000000 # Attribute 'damping_power' of the grid.
 # binID   n_entries weight   weight_sqr   abs_weight
    10   10   1.179635772284183E+009   5.733289642805138E+018   1.179635772284183E+009
    16   10   1.183328170955201E+009   5.770661264889288E+018   1.183328170955201E+009
  </DiscreteSampler_grid>
