  0.00000236208025918  0.00000239099814779  0.00000242214066488  0.00000245691233011
  0.00000247290788099  0.00000248914420486  0.00000250954778042  0.00000253164132038
  0.00000255375021407  0.00000257651627956  0.00000260012736054  0.00000262504564580
  0.00000265210490621  0.00000268020685790  0.00000270892743795  0.00000273897807823
  0.00000277087071784  0.00000280543830517  0.00000284213883533  0.00000288060547976
  0.00000292072976994  0.00000296236961631  0.00000300534526608  0.00000304943718625
  0.00000309549997027  0.00000313972756282  0.00000319093035521  0.00000324723748470
  0.00000330714832844  0.00000336997097948  0.00000343583134136  0.00000350476938291
  0.00000357483668362  0.00000364563819474  0.00000371501797533  0.00000380351574784
  0.00000389456177504  0.00000398745823248  0.00000408374403187  0.00000418407401713
  0.00000429079515703  0.00000441152291565  0.00000453501912342  0.00000466206245424
  0.00000479222968270  0.00000492545014886  0.00000507092176676  0.00000523091505000
  0.00000539825802281  0.00000557070641487  0.00000575525417635  0.00000595542722334
  0.00000617298902283  0.00000640641766441  0.00000664315895319  0.00000691530126645
  0.00000720646236460  0.00000751245605257  0.00000783775340143  0.00000818884832461
  0.00000857228598061  0.00000899070262084  0.00000944699736363  0.00000994705961863
  0.00001048042739958  0.00001107650489964  0.00001173732382949  0.00001244614241307
  0.00001322627809196  0.00001407725656888  0.00001504122394293  0.00001612227725322
  0.00001731730047129  0.00001865322511091  0.00002011908136843  0.00002176191959096
  0.00002360794258452  0.00002579361280859  0.00002830564310537  0.00003120464079391
  0.00003464246816769  0.00003881522877913  0.00004413695895184  0.00005083296129376
  0.00005878627640781  0.00006917150609124  0.00008282156275287  0.00010207330307875
  0.00013057225356955  0.00017567250286749  0.00024527439179396  0.00035308882468277
  0.00056137362720067  0.00104998266025248  0.04159972254824316  1.00000000000000000
 -0.00233842196386536  0.00902080863702794  0.01881719578786752  0.02945964165787216
  0.04046261311856846  0.05109974837848655  0.06149272029360429  0.07215008209468873
  0.08319621232262969  0.09414454809601723  0.10485934550760752  0.11567151434492465
  0.12614953920087665  0.13649338994714744  0.14668399013742447  0.15711915852680408
  0.16776843709248121  0.17832219799142596  0.18858765128959415  0.19884990577698647
  0.20911691752761322  0.21984068933268636  0.23070702741122825  0.24120309973076381
  0.25145027517227470  0.26182731867507558  0.27248436150351035  0.28341924788951017
  0.29431148469658885  0.30510228981451420  0.31567308642307873  0.32625537181046421
  0.33677194304912222  0.34724030525737493  0.35765802903081090  0.36816074923471481
  0.37889609095507387  0.38945969638537992  0.39982635550899492  0.41007227877748359
  0.42028847951749881  0.43054699873411900  0.44114809089998841  0.45211636584565584
  0.46273281185592519  0.47280915533541668  0.48282069382749654  0.49302250612599230
  0.50356439665818953  0.51401744167723684  0.52456085828231291  0.53512133770163928
  0.54605661075716516  0.55716032331160059  0.56808691050336535  0.57807162533626111
  0.58788273075635444  0.59798577491699212  0.60853091999908748  0.61889382705153928
  0.62902001965050125  0.63898383705721662  0.64895940691364173  0.65917914217315321
  0.66999209561078088  0.68135487789749982  0.69249277967326894  0.70325830194718042
  0.71401962969048249  0.72455255200857249  0.73519904065540320  0.74566353459519985
  0.75608953674627644  0.76661052585185296  0.77742866134503597  0.78822723078002954
  0.79892720307096199  0.80942862811281935  0.82011796935676962  0.83067967748273119
  0.84111928372580513  0.85182608991674580  0.86271590292089606  0.87368646408838579
  0.88457412527212653  0.89551928711451745  0.90675930544418237  0.91777928282018151
  0.92841816975886848  0.93893940287712141  0.94938804317090353  0.95974259799611128
  0.97005468077605594  0.98008272430183929  0.99024604669221461  1.00000000000000000
 -0.00354282889608140  0.02641090649878911  0.05038612098074442  0.07408293041733276
  0.09739576132582546  0.12049660472558993  0.14335512354317637  0.16584334059505529
  0.18778598135910604  0.20910088251164283  0.23011647838958807  0.25078566561945798
  0.27091263134426580  0.29054976405487815  0.30978793097242724  0.32865472098585857
  0.34702100483322879  0.36516948587586584  0.38313809320202713  0.40074126939278099
  0.41793129630210035  0.43471443789023412  0.45109913984310035  0.46699115758236037
  0.48247303479081344  0.49783962331022003  0.51305899983429104  0.52807679365783466
  0.54288133551117301  0.55733176636126236  0.57142857860828622  0.58520074137442990
  0.59872901446980575  0.61201506096505853  0.62511401547496859  0.63801507082274223
  0.65062900794776513  0.66283929310819734  0.67481404235437581  0.68651738233362913
  0.69791728592474211  0.70898690859269009  0.71971026422130480  0.73022844793701824
  0.74048606242809378  0.75063118586054700  0.76056544990160646  0.77038223245107962
  0.78000252478182330  0.78929870960979909  0.79833506696272238  0.80713689239893660
  0.81573296211558621  0.82402919487380388  0.83215077293811757  0.84005770877888164
  0.84779362523827506  0.85533751527905277  0.86255517750109223  0.86960138637794737
  0.87644004067261616  0.88304385391859075  0.88952654762589201  0.89577293881940756
  0.90166720360348951  0.90733517960334420  0.91288562561163566  0.91830642142732066
  0.92355703785301946  0.92856562404717391  0.93346496381226773  0.93807813250484962
  0.94253610142573097  0.94684108908125830  0.95098567930249156  0.95498004267822989
  0.95883015408741323  0.96248231534359729  0.96593602221547015  0.96927921947242324
  0.97242222136584677  0.97541087238540281  0.97821570660038737  0.98087399871065839
  0.98333588480242184  0.98563989725490331  0.98779364723785001  0.98976686734211905
  0.99155292228464798  0.99318400987730859  0.99462946368516458  0.99592369267313197
  0.99711463616089713  0.99810507728116737  0.99906517657123606  1.00000000000000000
 -0.01957658796001724  0.09203163146771806  0.12189564943754935  0.14078853563841925
  0.15587200950683092  0.16892946581126869  0.18092760428968196  0.19233335002512053
  0.20323877883963695  0.21364638310706893  0.22380873829441025  0.23411178549118275
  0.24442146009957230  0.25446153667457327  0.26421373408971510  0.27382899063324950
  0.28330060424835291  0.29254360090987352  0.30172808522860889  0.31091815292886787
  0.32019523156703439  0.32934556673754506  0.33842426763441524  0.34729335623859581
  0.35620016680127448  0.36503832336425368  0.37393570396160425  0.38298862485282792
  0.39214900577811995  0.40179452340445937  0.41157216095915805  0.42165200459287500
  0.43139415929254704  0.44094573269997994  0.45036359585338215  0.45964645213005850
  0.46876598736062514  0.47784177775814324  0.48704496591058422  0.49638230136568173
  0.50577451158071052  0.51517582446216381  0.52455499861896981  0.53358565616805909
  0.54266239802682570  0.55126537332247016  0.55960839556478503  0.56777136007470208
  0.57598490112906975  0.58421629510061079  0.59268167844332120  0.60117170987715385
  0.60960502605848332  0.61798407688445012  0.62608445869943197  0.63390847213800672
  0.64160388675186841  0.64912821286346190  0.65646861277551916  0.66376276411711788
  0.67082676447744172  0.67768193715904335  0.68442264443520684  0.69108642796943354
  0.69779306120011941  0.70454926290789766  0.71132196740717457  0.71803531767643336
  0.72460457203334583  0.73118855789476034  0.73800994111284757  0.74490406253182873
  0.75167324562356330  0.75833650164133370  0.76495724395570952  0.77150812589223339
  0.77797720688543548  0.78445672281712819  0.79099718360354221  0.79747783108551218
  0.80392309349221969  0.81042927067893511  0.81705182109951746  0.82386797999824224
  0.83065393593653947  0.83753752902974576  0.84459006730980224  0.85191329841976127
  0.85960357724254821  0.86774290275105792  0.87644344389191087  0.88618366004770577
  0.89771214774003527  0.91306674662858978  0.93877570132552124  1.00000000000000000
   2.7071993277584601       -1.0000000000000000     
 F F F T F F T F F T F F T F F F F F F F F F F F F F F F F F F F
  <DiscreteSampler_grid>
  grouped_processes
  1 # 1 for a reference and 2 for a running grid.
  10 # Attribute 'min_bin_probing_points' of the grid.
  1 # Attribute 'grid_mode' of the grid. 1=='default',2=='initialization'
  0.0000000000000000 # Attribute 'small_contrib_threshold' of the grid.
  0.5000000000000000 # Attribute 'damping_power' of the grid.
 # binID   n_entries weight   weight_sqr   abs_weight
    10   10   1.084346754159903E+010   5.315984846364458E+020   1.084346754159903E+010
  </DiscreteSampler_grid>
