  0.00000236724160024  0.00000239015214661  0.00000241132363804  0.00000243321605509
  0.00000245479956114  0.00000247638719954  0.00000249827638197  0.00000252286934467
  0.00000255269152899  0.00000258241835106  0.00000261350419847  0.00000264569752086
  0.00000267869393820  0.00000271214430331  0.00000275051231896  0.00000279024475097
  0.00000283163392112  0.00000287586611573  0.00000292216826464  0.00000296962750271
  0.00000301893930494  0.00000306997382650  0.00000312190188504  0.00000317739891293
  0.00000323600527879  0.00000329871189649  0.00000336442499400  0.00000343080494894
  0.00000349825527557  0.00000356840056478  0.00000364073699773  0.00000371702419303
  0.00000380130633697  0.00000389746188386  0.00000399514483422  0.00000409509255730
  0.00000419539320294  0.00000430523098677  0.00000442496042780  0.00000455050165201
  0.00000468224984845  0.00000481674641811  0.00000495388924762  0.00000511233540417
  0.00000528604245170  0.00000546726295088  0.00000565464043595  0.00000584556192207
  0.00000607114569238  0.00000629732025931  0.00000652890360631  0.00000677530524458
  0.00000704766183110  0.00000733947736448  0.00000763617853252  0.00000794361597797
  0.00000829103345351  0.00000865816165853  0.00000904594886933  0.00000949049472903
  0.00000998814656674  0.00001048917328411  0.00001106814968226  0.00001168295860514
  0.00001234216069017  0.00001306233842566  0.00001383040621232  0.00001469969374629
  0.00001567767549765  0.00001674348123077  0.00001791016908374  0.00001913934402819
  0.00002057401013559  0.00002214862788168  0.00002396597157222  0.00002593399218358
  0.00002818909648662  0.00003071769171723  0.00003373503599460  0.00003733733677490
  0.00004181316059298  0.00004707583072138  0.00005307751693415  0.00006048039475980
  0.00007007667819185  0.00008162760554334  0.00009588789676443  0.00011431450327903
  0.00013927685786754  0.00017745888778914  0.00022530622799133  0.00028772834827165
  0.00040772078762817  0.00063818684215810  0.16433830695717383  1.00000000000000000
 -0.00245901961528740  0.00997058034105009  0.02021444008040322  0.03057908679837600
  0.04110159842464239  0.05228522731356804  0.06331148496881900  0.07409742143940540
  0.08508528151391047  0.09639175437791665  0.10783245560499390  0.11853142709499616
  0.12944912211423604  0.14059230902054196  0.15200090329062255  0.16353771453746638
  0.17475875915923442  0.18555108481833668  0.19633730094376059  0.20681131431719899
  0.21672843018171795  0.22647961652574633  0.23643355336705038  0.24656061638883292
  0.25637065042496215  0.26610263218752522  0.27645662667355025  0.28736357875530322
  0.29811608605319107  0.30877549711056063  0.31939252979704957  0.32989695387131518
  0.33995380360471039  0.34994373643636539  0.36022900660634283  0.37040800214322078
  0.38048292437746367  0.39080206005121443  0.40119534102243370  0.41132111692574252
  0.42145104409174788  0.43173751820210887  0.44201706739028573  0.45217697741328244
  0.46247526127286803  0.47326717701268450  0.48387283866619529  0.49411333568030985
  0.50488691895102433  0.51610671451839307  0.52777361104655085  0.53907780533973393
  0.55077590995670422  0.56265502001538026  0.57427333838185735  0.58569133782811744
  0.59708027687839327  0.60831783976313480  0.61912311457096048  0.62938284191484273
  0.63933507126047318  0.64942316036650838  0.65922280487500062  0.66892494537566627
  0.67895394232934614  0.68924457870664124  0.69962861704913482  0.70965067038520480
  0.71970503097290761  0.72952780990650945  0.73966279352654307  0.74950644381522280
  0.76043756131345541  0.77104130363841250  0.78194528811478559  0.79300584023432896
  0.80357136918883698  0.81444939285063589  0.82526922447672135  0.83609234897746509
  0.84649050492273570  0.85673123539454510  0.86679271409645442  0.87688671302250643
  0.88735086222787340  0.89809470649206657  0.90837218251005269  0.91855599362943463
  0.92857430656829909  0.93884810496152094  0.94903053500870205  0.95920137353356805
  0.96952912678461534  0.97974359117367715  0.98988591826868055  1.00000000000000000
  0.00357206586699026  0.02327546231026715  0.04365875879275881  0.06365569196115509
  0.08313931673546465  0.10297217950049993  0.12291894840065000  0.14176737652986474
  0.16040079578241606  0.17863913821622754  0.19644993764894658  0.21407355045822657
  0.23152456351960274  0.24865112265635206  0.26571121228690381  0.28226318794959149
  0.29811670553456643  0.31382033473126913  0.32957333575941961  0.34560139998579353
  0.36156351145260840  0.37738937654453530  0.39303668383191531  0.40832676457266698
  0.42327638272759238  0.43798650966092800  0.45218194246203047  0.46590539406791565
  0.47918031129473482  0.49220636378429156  0.50524559013810777  0.51848177112760496
  0.53138315242254996  0.54400836249447726  0.55630654773551080  0.56876355983340021
  0.58084017840145030  0.59261099287038643  0.60414587864728819  0.61547427821314626
  0.62657229271070192  0.63756829949171134  0.64861321265140814  0.65956455942833447
  0.67027692436381403  0.68086966286009598  0.69121727710090719  0.70116222913263437
  0.71082210132840407  0.72041325485918140  0.73009356014950333  0.73967281165214283
  0.74914270602329036  0.75841910746738450  0.76770516596875082  0.77704309031809871
  0.78629399968112224  0.79522314209336065  0.80379844623548047  0.81211892318142331
  0.82016131032078343  0.82808345988646181  0.83591837222707632  0.84345420403461746
  0.85093672774445783  0.85812259503890276  0.86498724034375618  0.87174089107403152
  0.87835418860444647  0.88485925147446320  0.89130865840161189  0.89752510181427192
  0.90354320135220056  0.90944538806255359  0.91530233356532587  0.92104761148016756
  0.92663600624403109  0.93202012776669241  0.93721547381290704  0.94224560674121083
  0.94694125381862981  0.95161759168564986  0.95607876661561042  0.96040255516363293
  0.96454339031675385  0.96853901455501068  0.97243666766954717  0.97615882010281219
  0.97965735479038618  0.98299551195138801  0.98622346476607348  0.98928776344375258
  0.99210812065892118  0.99479364325693065  0.99742137280246879  1.00000000000000000
 -0.01880458995121934  0.13665479565692409  0.18554639370846765  0.21650765982181949
  0.24206681824774071  0.26477617162549599  0.28453784989865527  0.30294394674093639
  0.31947595205084500  0.33431033969779272  0.34863816765808703  0.36257435042281067
  0.37596078475922218  0.38896019138496829  0.40121286292986252  0.41257382332829518
  0.42368377393646361  0.43445395798807523  0.44471544454127165  0.45457788210448347
  0.46425582702507884  0.47386968088221632  0.48328010852364334  0.49265462116483882
  0.50209303569252894  0.51135530540409302  0.52072532175727859  0.52987559005865148
  0.53861648879137081  0.54672318351472349  0.55430508428672864  0.56207357154863025
  0.56983086990254872  0.57756509736794293  0.58487598376679206  0.59171519202523692
  0.59849048491415779  0.60515733269507710  0.61183320850034784  0.61847901761240742
  0.62504477125177560  0.63159378507638475  0.63801779066111131  0.64447335764090752
  0.65113398038284254  0.65790379475992522  0.66453191905608244  0.67102323360943461
  0.67738702465228684  0.68351514069457320  0.68933423570587493  0.69491991183173429
  0.70034278324099120  0.70604190105221720  0.71167868376116972  0.71723625758549969
  0.72260862125237979  0.72770699020964003  0.73260241314902252  0.73742840932111242
  0.74235026846478880  0.74742529647650480  0.75253878482448489  0.75755376043930955
  0.76239018796310842  0.76712686070273806  0.77187548696985575  0.77640705541593535
  0.78108336620033725  0.78569281883400721  0.79023957553278912  0.79484980940437100
  0.79950554825935072  0.80409883505712543  0.80868940024182778  0.81331540508643274
  0.81790590006557684  0.82259892847362193  0.82736684164141128  0.83222234780859250
  0.83715315017072667  0.84216198761527261  0.84728040763527435  0.85251621197205663
  0.85780935728418195  0.86333292039735721  0.86899920927222096  0.87515747442166991
  0.88193914961624698  0.88904981512254000  0.89672931608308271  0.90528369876381287
  0.91541855495353974  0.92901165349997938  0.95092343730858286  1.00000000000000000
   171.20846550370743       -1.0000000000000000     
 F F T F F F F T T F F F F T F F F F F F F F F F F F F F F F F F
  <DiscreteSampler_grid>
  grouped_processes
  1 # 1 for a reference and 2 for a running grid.
  10 # Attribute 'min_bin_probing_points' of the grid.
  1 # Attribute 'grid_mode' of the grid. 1=='default',2=='initialization'
  0.0000000000000000 # Attribute 'small_contrib_threshold' of the grid.
  0.5000000000000000 # Attribute 'damping_power' of the grid.
 # binID   n_entries weight   weight_sqr   abs_weight
    10   10   7.056837768910660E+010   1.780233019126702E+022   7.056837768910660E+010
  </DiscreteSampler_grid>
