  0.00000240835696874  0.00000249712731351  0.00000255258605173  0.00000260485125175
  0.00000265718340100  0.00000271008035620  0.00000276461187683  0.00000282060272259
  0.00000287949360322  0.00000293935003777  0.00000299999009048  0.00000306199868838
  0.00000312523567337  0.00000319107391397  0.00000326170790749  0.00000333772774758
  0.00000341373717394  0.00000349185682279  0.00000357163292755  0.00000365203124683
  0.00000373974123853  0.00000383474730520  0.00000393239838234  0.00000403174441070
  0.00000413461349177  0.00000423905622019  0.00000435075090136  0.00000447495550449
  0.00000460273673762  0.00000473224968181  0.00000486598068373  0.00000500669729730
  0.00000515801370513  0.00000532461216442  0.00000549158672995  0.00000566167577512
  0.00000583406513560  0.00000603889223369  0.00000625012946046  0.00000646249162695
  0.00000667923911529  0.00000691369293621  0.00000717130926651  0.00000743361211322
  0.00000770236260001  0.00000798799180717  0.00000830256794170  0.00000862425784516
  0.00000895364510759  0.00000931547998429  0.00000970873433870  0.00001011595128501
  0.00001052904489414  0.00001099817890458  0.00001149875018919  0.00001201502881345
  0.00001256863433918  0.00001317317355355  0.00001380657225461  0.00001448074126902
  0.00001522501394010  0.00001600820731798  0.00001685149682511  0.00001778339088665
  0.00001877178181287  0.00001982647889759  0.00002098221479219  0.00002222603180180
  0.00002360816041152  0.00002514004591121  0.00002679081447144  0.00002860103453279
  0.00003058642841389  0.00003280566755699  0.00003522943977760  0.00003799260741100
  0.00004108944253436  0.00004476232225329  0.00004889521154785  0.00005388657890968
  0.00005944541303314  0.00006632945856830  0.00007466063286656  0.00008437065837363
  0.00009563347200163  0.00010919473818193  0.00012449354997083  0.00014170017332448
  0.00016380331083414  0.00019382592875606  0.00022860942729374  0.00027269213111101
  0.00035119013166064  0.00051455424903034  0.00523957762351545  1.00000000000000000
 -0.00225911618591379  0.00965708423550856  0.01994531372081148  0.03060488319728045
  0.04126976873298148  0.05178235745852623  0.06219782961993190  0.07296097868873735
  0.08375023804599879  0.09486810549670074  0.10586646451670366  0.11667276854819504
  0.12726559471698762  0.13758975413627877  0.14788649707278476  0.15794960165769681
  0.16798578537010947  0.17816642588343681  0.18842102216148038  0.19887513058920558
  0.20944279344591199  0.21996779414374218  0.23047502005410778  0.24095344795969564
  0.25161943620994154  0.26229887594163726  0.27290502851264231  0.28354858018182039
  0.29422784687404080  0.30481790054502017  0.31536076626440784  0.32585713124070542
  0.33651925767376939  0.34714413735132538  0.35770592239515536  0.36814171588426414
  0.37869367413413513  0.38924440083553569  0.39986156560339103  0.41043666536567275
  0.42093763320097455  0.43138272152269680  0.44172661756127513  0.45208389499627211
  0.46270427745751253  0.47318420574491415  0.48376736688978023  0.49425777895364981
  0.50506666699917724  0.51604875707856113  0.52685589188466464  0.53751917372970415
  0.54788184027404940  0.55816222435178919  0.56847111147944451  0.57892813275985966
  0.58963345437322878  0.60047657414505706  0.61118110965191730  0.62170890195682493
  0.63212508892359087  0.64250471626763028  0.65290546637152191  0.66315767990541041
  0.67351310230758721  0.68389162533299985  0.69421019462280964  0.70461874067189334
  0.71497538864993415  0.72537002147718921  0.73575948466636321  0.74627863521486826
  0.75703878608155095  0.76768324276952882  0.77822408188024206  0.78881410520878348
  0.79943489739723839  0.81004522704248971  0.82061034786955045  0.83111640818177301
  0.84167680813138623  0.85225014328667359  0.86289128405967375  0.87360829279405405
  0.88401671610977250  0.89449512764033023  0.90489672561820667  0.91549797083124573
  0.92600732577036327  0.93660254164992773  0.94724610863966385  0.95783292354086336
  0.96841940582790076  0.97899591974497768  0.98954645059739954  1.00000000000000000
 -0.00133442487270366  0.01264480315527630  0.02433733559590419  0.03647460389264098
  0.04856130190975214  0.06063643979408310  0.07264907019479400  0.08464974700320929
  0.09675424016103865  0.10888569139395139  0.12102435503139899  0.13315655560620934
  0.14536384621447929  0.15738631596418740  0.16924065757929915  0.18098887752051099
  0.19259281239641576  0.20411054713143306  0.21543001247535135  0.22667234943450318
  0.23792708131210460  0.24917835522052478  0.26030059514817927  0.27129900944982221
  0.28228939736185432  0.29298069415270905  0.30354687163126565  0.31406386988762708
  0.32472288681320111  0.33538864846429872  0.34582199833830041  0.35623739451160330
  0.36657844935795281  0.37690054477392793  0.38711992236552145  0.39730969516850739
  0.40765854054036699  0.41795046038393258  0.42803557146627452  0.43794993543104477
  0.44780073379737628  0.45786081443052107  0.46776254444235216  0.47762297511272789
  0.48728973016909960  0.49699162733202662  0.50655696066411582  0.51601974927524619
  0.52548914672998837  0.53494432259186420  0.54426858420801683  0.55339095730699817
  0.56248808990847210  0.57188945417990722  0.58131859443188205  0.59074744398100854
  0.60012262964992269  0.60964815215610879  0.61932624437326900  0.62894037401312741
  0.63852722572632614  0.64800799647255924  0.65747465297229557  0.66683248312218113
  0.67605356228274049  0.68524512989371000  0.69440758519714096  0.70348531398277758
  0.71245731575698090  0.72135118287416256  0.73025860404890319  0.73926154126980470
  0.74834439739714786  0.75755052196149808  0.76696747618574945  0.77644854293350463
  0.78611950889672833  0.79579752620576882  0.80552785611528332  0.81516361223151368
  0.82463013905580163  0.83408417136032587  0.84368304097748181  0.85343745919860625
  0.86327740120672014  0.87326286980329315  0.88332965859838219  0.89346404608277863
  0.90379242092973011  0.91442697024741804  0.92536990673817732  0.93676283480465161
  0.94883601924150196  0.96238019157454868  0.97909613543503793  1.00000000000000000
 -0.01312553813040892  0.09939276745124810  0.13665352340982803  0.16010901025171972
  0.17907820350549886  0.19506500858022877  0.20911142239336877  0.22188888683931901
  0.23357510054361372  0.24434402101530084  0.25436701128561612  0.26384290806242527
  0.27284312240923964  0.28126918824811487  0.28940924588891509  0.29728173630345478
  0.30502108207448347  0.31259649813250917  0.31996516036776773  0.32714667669694836
  0.33427466933244171  0.34122931974145920  0.34809510506155206  0.35479537329019917
  0.36135713693557286  0.36788120896061177  0.37436584160924469  0.38077768190985184
  0.38714446891237841  0.39343632053152533  0.39956330682012103  0.40556554136237200
  0.41147062337847590  0.41742076522803306  0.42326919865857598  0.42908048306397811
  0.43489390162278813  0.44063794279087659  0.44630908896554994  0.45196329614797692
  0.45759371761970946  0.46318638051656019  0.46874866082958261  0.47427623111786982
  0.47975412388339306  0.48519951507114406  0.49064804925983579  0.49613722447642689
  0.50175544327278432  0.50743408593972072  0.51308149286668614  0.51871491334280595
  0.52434615764934345  0.52999019554431126  0.53561057906018350  0.54126753050029008
  0.54700120497944771  0.55279147383861149  0.55861029458490730  0.56444125268785839
  0.57028861217431992  0.57615320378604440  0.58204635076550160  0.58797377339441914
  0.59395400623482852  0.59997579066066464  0.60607666227594592  0.61221757756174533
  0.61839624027503481  0.62467294922618388  0.63108936364487267  0.63760759899386998
  0.64417834554367037  0.65084842801784337  0.65764402866319360  0.66453833551049724
  0.67162624943152971  0.67884490132681319  0.68622507257739007  0.69384931570833330
  0.70167685056313300  0.70973904862239356  0.71817655139898129  0.72696151466390613
  0.73614232779350530  0.74580994597810590  0.75602953420380559  0.76690877813476455
  0.77847389657613564  0.79105046929787837  0.80496554360314365  0.82087269705050092
  0.83974394488254156  0.86368653346244162  0.90174746437908015  1.00000000000000000
   13.040096919437433       -1.0000000000000000     
 F F F F T F F T T F F T F F F F F F F F F F F F F F F F F F F F
  <DiscreteSampler_grid>
  grouped_processes
  1 # 1 for a reference and 2 for a running grid.
  10 # Attribute 'min_bin_probing_points' of the grid.
  1 # Attribute 'grid_mode' of the grid. 1=='default',2=='initialization'
  0.0000000000000000 # Attribute 'small_contrib_threshold' of the grid.
  0.5000000000000000 # Attribute 'damping_power' of the grid.
 # binID   n_entries weight   weight_sqr   abs_weight
    10   10   3.008492311919490E+008   2.310271119032578E+017   3.008492311919490E+008
    16   10   3.101780654720475E+008   2.391536844159777E+017   3.101780654720475E+008
  </DiscreteSampler_grid>
