 -0.00264603034560829  0.02096173590318397  0.02637638391055413  0.03187607622842121
  0.03729777847244512  0.04281205255772737  0.04845558159441354  0.05435916751320712
  0.06068356441522285  0.06732506786515571  0.07401512672074363  0.08078301959385990
  0.08763808005119657  0.09477468434561580  0.10199412832854036  0.10939374737987363
  0.11685730765659545  0.12456283707333952  0.13251837831260496  0.14034444983833752
  0.14825699712023452  0.15641746505185647  0.16479297068420637  0.17330747465831284
  0.18219728784989797  0.19131467904878902  0.20038091034054811  0.20958341003204523
  0.21895982742021813  0.22846294914941631  0.23796774242693483  0.24753203884116651
  0.25785472127879178  0.26818658004633644  0.27865615341179217  0.28918267630734878
  0.30008527392084494  0.31142176971345642  0.32268550387266648  0.33405287532064687
  0.34544453970809441  0.35726355820978500  0.36923743619765664  0.38136824053580232
  0.39355036631004420  0.40579923702744342  0.41810393818678088  0.43082328468591646
  0.44375713925630900  0.45672477847037507  0.46966692833715784  0.48255851283257212
  0.49551970292622527  0.50888130923117159  0.52262928855280144  0.53624318530649606
  0.54967807894069876  0.56292176113789694  0.57597942704767757  0.58893633078729701
  0.60209486310793636  0.61531229351087258  0.62839880592671826  0.64129688882803537
  0.65401917120931619  0.66663827353694960  0.67921510866533863  0.69171428498095733
  0.70411441494562266  0.71637305207654378  0.72849215901272057  0.74052057753375233
  0.75246786470254057  0.76439728322317546  0.77630063040353570  0.78810007438752105
  0.79975561838902609  0.81112064202665934  0.82231472870940536  0.83349563005094018
  0.84465302839188050  0.85578367514691733  0.86681429211422845  0.87772073732846811
  0.88856264454419376  0.89940027828178848  0.91016960561761506  0.92081845460398248
  0.93125587374553420  0.94154505254864762  0.95210518593953863  0.96256076026528592
  0.97254888057497901  0.98210707316561596  0.99116650798621808  1.00000000000000000
 -0.00222263958641023  0.00910947511383856  0.01898513574161879  0.02957963030625354
  0.04011842149486824  0.05081159517260488  0.06162765934339103  0.07202643734978691
  0.08251503375608177  0.09320387845766356  0.10378106606944587  0.11408059980767862
  0.12421965300618645  0.13470784774792793  0.14501203704102444  0.15561561730679324
  0.16594679945613736  0.17672105629503879  0.18730405655161314  0.19762541926139940
  0.20800109613811660  0.21825855527457078  0.22858214488187925  0.23904841232514906
  0.24910144537982423  0.25971273613393697  0.27027354750337185  0.28113935933594586
  0.29202528493897240  0.30303734907051122  0.31394192296417339  0.32463499460748674
  0.33522098053787325  0.34580315241899040  0.35636098354990153  0.36668719880008183
  0.37706696552566588  0.38763613507639577  0.39846432265260634  0.40901939949149668
  0.41966933862334499  0.43047917204101527  0.44128023808453909  0.45187003757228317
  0.46235855669426729  0.47310600597173152  0.48379517375058068  0.49449459065739892
  0.50489164382004936  0.51522838867112697  0.52562655742263964  0.53616785499431296
  0.54689909771863565  0.55766570592074394  0.56836510446679789  0.57907489844505933
  0.58965402283882340  0.60022795249850802  0.61083857217683057  0.62142168710672741
  0.63212485356319026  0.64277196151112959  0.65339667053827610  0.66391296993915461
  0.67424950627474289  0.68460154997000477  0.69501633637795524  0.70559919311105435
  0.71624202566709272  0.72700936473465438  0.73782958503854001  0.74878920771632984
  0.75966086868551208  0.77050696701356658  0.78119511279275300  0.79171142237857994
  0.80204689570396681  0.81234044122876858  0.82271516977924519  0.83315549811000988
  0.84351688062408026  0.85382785758547952  0.86395400860541016  0.87412139880729678
  0.88415516301443742  0.89444949602809842  0.90477315343050646  0.91507946842416432
  0.92576301101912817  0.93636292576030189  0.94702623967793087  0.95773341837858206
  0.96852065297944601  0.97924470938618091  0.98956967222268544  1.00000000000000000
  0.00953957219967448  0.01708334732294294  0.02296657915098461  0.03033329396926411
  0.03802724000214550  0.04570806991974801  0.05329750103999641  0.06083555048861777
  0.06846966547962316  0.07618419060224596  0.08395869404781470  0.09190325493468898
  0.10009833343091626  0.10825685785764257  0.11681092074242214  0.12523291619118856
  0.13356402856296987  0.14197760276154878  0.15022326394133467  0.15842948585316743
  0.16669222917203208  0.17493578553018449  0.18318187897000229  0.19139820208944311
  0.19961591846039317  0.20783550551284732  0.21605422607378649  0.22432834636905813
  0.23267953976087055  0.24111496225689544  0.24957535128990666  0.25799107990516706
  0.26640622392121333  0.27486689735626568  0.28341340315772806  0.29206957473383305
  0.30080042288675207  0.30955197855735561  0.31828496112834842  0.32702546804159255
  0.33582498121687493  0.34468303086213098  0.35354157055257546  0.36231775476021677
  0.37107968582078993  0.38002361483093483  0.38905441668007379  0.39803333172877875
  0.40702309950675125  0.41608205969681428  0.42525871188282593  0.43451895814563091
  0.44373589410117631  0.45294505334181245  0.46217300764405689  0.47143414618824953
  0.48078392606262760  0.49022502729722350  0.49979058027809142  0.50943849381406836
  0.51919933615919867  0.52906844146081011  0.53901465305073215  0.54902395961528982
  0.55912734473196035  0.56947086796411261  0.58003005928683549  0.59071416694823797
  0.60141610740850804  0.61222257540137826  0.62305839618205439  0.63395990427327709
  0.64486706444327790  0.65582271456793761  0.66691840227722610  0.67817696463076971
  0.68955854726605914  0.70099875285146707  0.71258227629881865  0.72446226468439556
  0.73656918437122543  0.74896217891118599  0.76156859548783407  0.77452533546016122
  0.78777281706496460  0.80123255380186820  0.81507381222882402  0.82951127375025635
  0.84472756346382449  0.86066424510959605  0.87742394562711135  0.89518457320562406
  0.91422464212379140  0.93539471352890979  0.96239298327223777  1.00000000000000000
 -0.01710333788172897  0.11374953864221303  0.16799321903779729  0.19834739708049098
  0.22217092199430100  0.24193188543921634  0.25962660441757279  0.27569031897359991
  0.29042430452255208  0.30427371269675063  0.31742934336410461  0.33005620542481440
  0.34235866511675384  0.35431888745341167  0.36593040992709702  0.37718056536590294
  0.38810496371207898  0.39885203242368245  0.40949125403935505  0.41995466643192875
  0.43036698218626035  0.44064842861657838  0.45076273941337475  0.46049808969992256
  0.47007278373979522  0.47953386901500716  0.48896595938634185  0.49832554356713699
  0.50774891715375525  0.51706328426127290  0.52626265115290738  0.53528874476905763
  0.54424440400701402  0.55289092578518373  0.56145053601652029  0.56971722203127551
  0.57804514241785165  0.58627077094823687  0.59444283515662222  0.60243276906809418
  0.61029702475582137  0.61800368777999659  0.62559146068764715  0.63313745061026983
  0.64064717191442699  0.64809532450879614  0.65540721388900935  0.66262616791719853
  0.66965149042067074  0.67652758725588613  0.68326972944739983  0.68987800493273810
  0.69640437909998865  0.70285028520860227  0.70919581657053798  0.71540380610342813
  0.72149647645139781  0.72751449935075674  0.73339638765119375  0.73918849182988744
  0.74500868170216861  0.75071890836585498  0.75626562991548152  0.76171555992396012
  0.76710865564336062  0.77244867760724056  0.77776103131646279  0.78304794567891300
  0.78830970221155672  0.79352297463210342  0.79866395327254114  0.80369268069297328
  0.80868094144706015  0.81364425470658919  0.81858863018251704  0.82353097051109991
  0.82846956732263555  0.83339135498871952  0.83830888362074518  0.84324869910760014
  0.84820059848870455  0.85320385390930431  0.85833669712969562  0.86360123186267190
  0.86889868392028635  0.87426901398224854  0.87982605374340261  0.88560149201478811
  0.89162087137089641  0.89808138912884838  0.90502689932449965  0.91259091870515652
  0.92152981642184573  0.93324909087101937  0.95338046539286281  1.00000000000000000
   7.2780332796569855E-002  -1.0000000000000000     
 T F F T F F F F F F F F T F F T F F F F F F F F F F F F F F F F
  <DiscreteSampler_grid>
  grouped_processes
  1 # 1 for a reference and 2 for a running grid.
  10 # Attribute 'min_bin_probing_points' of the grid.
  1 # Attribute 'grid_mode' of the grid. 1=='default',2=='initialization'
  0.0000000000000000 # Attribute 'small_contrib_threshold' of the grid.
  0.5000000000000000 # Attribute 'damping_power' of the grid.
 # binID   n_entries weight   weight_sqr   abs_weight
    10   10   3.546674806926147E+008   1.359887478811627E+017   3.546674806926147E+008
  </DiscreteSampler_grid>
