 -0.00029422486766389  0.01296022664955604  0.01734566032332730  0.02190059725006639
  0.02662754554044561  0.03149382206836177  0.03642444203803138  0.04190463766692609
  0.04768865410090697  0.05368544612765675  0.05968907532745076  0.06575331131114964
  0.07196405792449631  0.07834551690775376  0.08460463044867360  0.09118493535277976
  0.09800071090488433  0.10496598272662704  0.11214471414609407  0.11944358950769980
  0.12702756113393329  0.13466405679107007  0.14205478014668069  0.14950112471544591
  0.15719900272509627  0.16506958767122681  0.17316926473008981  0.18170209047382033
  0.19037109364286181  0.19899391723244692  0.20759510641757625  0.21678291664841667
  0.22611394567003576  0.23538559210769808  0.24476248742079498  0.25455310197620201
  0.26456985475980976  0.27456287374432720  0.28450217958159474  0.29450368475902799
  0.30507617332105608  0.31575609194226806  0.32644461498757810  0.33715857028138535
  0.34805274040585282  0.35925787177555923  0.37080616508693570  0.38248165962258796
  0.39427238610531740  0.40608152118698421  0.41814299605109356  0.43066977847372190
  0.44343818233499643  0.45622843946283653  0.46899374090441293  0.48167358328223692
  0.49433317326636594  0.50755619818293241  0.52113542466703322  0.53473012912235229
  0.54808860313254126  0.56161044790912262  0.57494451550579173  0.58833000151128589
  0.60170388620290083  0.61509891486934554  0.62835970924981066  0.64149622371744852
  0.65460312942620213  0.66756686035694723  0.68036193612955231  0.69312918884336994
  0.70610378889442682  0.71920229283088344  0.73235375569716055  0.74537681894499952
  0.75827863747131041  0.77109039072147634  0.78376023130364803  0.79617155737510636
  0.80852386274033083  0.82064303951828366  0.83238854698977316  0.84448166235220357
  0.85701327955463835  0.86946962339523703  0.88179472306878270  0.89437966395919455
  0.90692921765066936  0.91944518661173080  0.93206843664675776  0.94504257932911551
  0.95787159972093305  0.97197971487411394  0.98625090298317986  1.00000000000000000
 -0.00236512790885043  0.00931598023977722  0.01923434246798872  0.02971032083059068
  0.04008130838009159  0.05079454380223791  0.06126848560526294  0.07149953416274846
  0.08160435302621102  0.09201566027596174  0.10252411157343846  0.11285127827286179
  0.12294471729674100  0.13304224064215714  0.14331146033031145  0.15377123933568321
  0.16419338201873226  0.17473311855041793  0.18511120250009280  0.19547708546841513
  0.20591618905198256  0.21649017013564512  0.22715615406645126  0.23784808383447720
  0.24851829270291403  0.25933564328685355  0.26997169632988743  0.28051699630292265
  0.29122900081614089  0.30218256614000205  0.31299104882289236  0.32330789091536893
  0.33351567029583395  0.34398909974860276  0.35438938630256916  0.36458579372291117
  0.37466058923581486  0.38497056149351444  0.39525991467982446  0.40565129431994890
  0.41605504661729098  0.42637659232221764  0.43667300502907125  0.44691282098096569
  0.45696809601488797  0.46722110107318721  0.47756971220765382  0.48824840550539378
  0.49911020579156540  0.51014634912104784  0.52101260179836650  0.53154979562469395
  0.54197919616268353  0.55291705695198046  0.56391620169514800  0.57471367776642301
  0.58531608969415050  0.59595202780975998  0.60646926116565159  0.61689247132920277
  0.62753380580092344  0.63817865015000463  0.64851266202532953  0.65857134985932142
  0.66876902737078714  0.67936282967325767  0.69014562240464428  0.70075595510210820
  0.71113415101237931  0.72136092990511125  0.73169088741879929  0.74210625986930190
  0.75282785149956777  0.76364926491814966  0.77450210240062589  0.78542819759340776
  0.79642099769299146  0.80724883172346795  0.81791352656161720  0.82833332984425989
  0.83874739980920221  0.84921459717411807  0.86014365777808122  0.87139619000357271
  0.88253648156035769  0.89358667945854187  0.90453622527523636  0.91557193339947152
  0.92642161577419480  0.93714197610353245  0.94775724586816290  0.95826645904247321
  0.96882321236779334  0.97929841878416524  0.98969125737824548  1.00000000000000000
  0.00907027619024378  0.01609228575836762  0.02175239481584549  0.02909288050267432
  0.03692315208703391  0.04453001595638151  0.05226232058633377  0.06021273987701149
  0.06823330984686787  0.07631994081046853  0.08410093350770424  0.09194443070838959
  0.09975093711769017  0.10765828959017848  0.11568276951333206  0.12384269930528714
  0.13201169795110823  0.14015044795155016  0.14826367127229603  0.15635079829273896
  0.16446717499009633  0.17271382933017729  0.18111015815694123  0.18963509391756198
  0.19827751168662472  0.20698515226943859  0.21571190993107631  0.22443198144762816
  0.23309880149470869  0.24174080827919295  0.25028307969216212  0.25860916343976953
  0.26687283036353615  0.27521021613099544  0.28357831862182925  0.29193306411842390
  0.30044102463751898  0.30904772224701577  0.31790509355517244  0.32704864550723423
  0.33614040356969876  0.34517608470990224  0.35427752712276345  0.36335490312331264
  0.37268933904559937  0.38194949821124202  0.39116495849461896  0.40022119065574085
  0.40918861875459905  0.41817964991236317  0.42723293317440558  0.43641694452750307
  0.44577697643399516  0.45523117823355980  0.46461522958368140  0.47390058053913320
  0.48316649688884139  0.49245581364123142  0.50192245996534945  0.51156374610587818
  0.52133967152662142  0.53106357728841946  0.54069587246303263  0.55052513082504817
  0.56061487331134996  0.57098084951622041  0.58151616994490174  0.59213483789009880
  0.60288832832598249  0.61361571783119329  0.62426103856289283  0.63484003176555814
  0.64552909486999632  0.65636455929371129  0.66720454837069865  0.67812916599137241
  0.68930570227807986  0.70075296163495182  0.71241486789428199  0.72440402495852008
  0.73663397865316260  0.74891824493332504  0.76119642273817312  0.77364432838271158
  0.78662055808863673  0.80049093323470277  0.81483623289770157  0.82975232977926716
  0.84514922134315107  0.86155263631811352  0.87886974515151994  0.89666001169640375
  0.91568892244866940  0.93725822990856933  0.96423460516887216  1.00000000000000000
 -0.00989465463251036  0.08501089399067471  0.13259011118333336  0.16156523268726991
  0.18403490985659351  0.20260654862713659  0.21941510510907095  0.23450320303081848
  0.24855881159125018  0.26075230289562612  0.27261065013620800  0.28384217049031918
  0.29498511780338793  0.30578410405694312  0.31639652057913936  0.32705952464858534
  0.33760647888353351  0.34783580109069440  0.35769358304662136  0.36714225820466351
  0.37626678971412125  0.38506065697459008  0.39381917726974375  0.40242041038084064
  0.41106569888074712  0.41945880509869782  0.42781546799457093  0.43607414259056343
  0.44439145222732096  0.45273275167809007  0.46075908765904389  0.46860776770480694
  0.47636274188632083  0.48408692781218265  0.49178750342656008  0.49946613591557748
  0.50699320557777861  0.51452536974111129  0.52195825600797241  0.52931347357120351
  0.53669810476711255  0.54416196441344244  0.55168141371771140  0.55909862474915661
  0.56639080681664145  0.57362580232826355  0.58090489647623733  0.58827310019392609
  0.59562569711641267  0.60288098411215207  0.61006200110188991  0.61719889155795360
  0.62437391039506174  0.63167883934161928  0.63899196113457424  0.64636037739527263
  0.65379746067015221  0.66121279156557666  0.66859759173443711  0.67578298640757173
  0.68296656822094326  0.69005225122305380  0.69701354532991111  0.70397264614354127
  0.71083614724033539  0.71768643025026413  0.72452284457105232  0.73128653533363375
  0.73801405735470882  0.74471867444011408  0.75142503381353254  0.75815666443516094
  0.76486178352598244  0.77156880065812117  0.77837024841754798  0.78516968925192898
  0.79201716291111668  0.79881689559771540  0.80551399617398367  0.81224341158037960
  0.81904664681344030  0.82574941850112860  0.83256384311862430  0.83954673551900449
  0.84670276788274457  0.85400556565458685  0.86139571009349425  0.86894341263381103
  0.87680777264195642  0.88498360236794094  0.89365702705887806  0.90306781008088555
  0.91397289272672921  0.92763534754290111  0.94944776994107749  1.00000000000000000
   6.1482026932094547       -1.0000000000000000     
 T F F T F F T F F T F F T F F T T F F T F F T F F T F F T F F T
  <DiscreteSampler_grid>
  grouped_processes
  1 # 1 for a reference and 2 for a running grid.
  10 # Attribute 'min_bin_probing_points' of the grid.
  1 # Attribute 'grid_mode' of the grid. 1=='default',2=='initialization'
  0.0000000000000000 # Attribute 'small_contrib_threshold' of the grid.
  0.5000000000000000 # Attribute 'damping_power' of the grid.
 # binID   n_entries weight   weight_sqr   abs_weight
    31   10   3.870686661874782E+008   1.589122937188721E+017   3.870686661874782E+008
    32   10   3.870686661874782E+008   1.589122937188722E+017   3.870686661874782E+008
    40   10   3.717935024553947E+008   1.471550025742218E+017   3.717935024553947E+008
    41   10   3.717935024553947E+008   1.471550025742218E+017   3.717935024553947E+008
  </DiscreteSampler_grid>
