  0.00000237968224234  0.00000239194150614  0.00000240376950886  0.00000241610026220
  0.00000242836796698  0.00000244331483532  0.00000246089728311  0.00000247822487150
  0.00000249597718071  0.00000252016888936  0.00000254819575393  0.00000257758709286
  0.00000260776884193  0.00000263889571467  0.00000267221706167  0.00000270726624169
  0.00000274424355941  0.00000278460593603  0.00000282806229719  0.00000287313087768
  0.00000291921463662  0.00000296775945441  0.00000301798189458  0.00000306902179663
  0.00000312107519091  0.00000317505241794  0.00000323652861345  0.00000330384835761
  0.00000337461283853  0.00000344685565106  0.00000352226619755  0.00000359846501029
  0.00000367637909561  0.00000376132676590  0.00000386255288993  0.00000396573327585
  0.00000407266441880  0.00000418398461427  0.00000430338227103  0.00000443500049615
  0.00000457645774143  0.00000472256274801  0.00000487405543629  0.00000503407284216
  0.00000520772574409  0.00000539596399517  0.00000558809226582  0.00000579823912866
  0.00000602416447024  0.00000626746721811  0.00000651571660114  0.00000678120638302
  0.00000707494155777  0.00000738052435527  0.00000769226116499  0.00000802737122971
  0.00000842964962932  0.00000884094076618  0.00000929662380264  0.00000979481016650
  0.00001033044044066  0.00001091593856108  0.00001155208766904  0.00001221970575527
  0.00001296755039960  0.00001377876330502  0.00001465050070649  0.00001558479622573
  0.00001658143906140  0.00001768318332725  0.00001891898324570  0.00002033070181986
  0.00002195302567742  0.00002375058907349  0.00002570965370232  0.00002791140474010
  0.00003040100633624  0.00003322937733281  0.00003655124009422  0.00004055271297496
  0.00004535073913525  0.00005115972138484  0.00005856240569725  0.00006719503575120
  0.00007773137008922  0.00009109140990263  0.00010951484877757  0.00013209177116343
  0.00015994739393315  0.00019826912785518  0.00025050444387186  0.00032931789468433
  0.00045511955037515  0.00068708124554674  0.03566000422839648  1.00000000000000000
 -0.00248749676793021  0.01021127026025112  0.02060810106781910  0.03182936182089821
  0.04268384529915652  0.05398418756853873  0.06482395814563108  0.07472744274271539
  0.08472638525405096  0.09455559500687585  0.10434964326243834  0.11403427807341036
  0.12405209276539146  0.13448235949665699  0.14503654052768220  0.15532966343381707
  0.16556225855098924  0.17611819016737146  0.18665204214045869  0.19702065804939561
  0.20736235149888249  0.21815329196412314  0.22914545264879801  0.24052618551377947
  0.25183472067203477  0.26323734972457424  0.27414079697390770  0.28406030851847219
  0.29408399549707398  0.30416613647242535  0.31432562337171055  0.32474617960097579
  0.33543859204906501  0.34668133443118199  0.35772585792975453  0.36863544651311636
  0.37947278914801214  0.38977799950556785  0.39976512727091890  0.41000157803196446
  0.42074703848442430  0.43186929303987664  0.44304776652599226  0.45373428550698813
  0.46478465553741138  0.47567291587865551  0.48647646727856120  0.49687729829097999
  0.50744321442514184  0.51789288717480797  0.52826563554140171  0.53831430575071826
  0.54933733046918420  0.56041007737891801  0.57082858455201935  0.58115848998098496
  0.59155942510618009  0.60140474775946240  0.61095712467909824  0.62020134827352424
  0.63049889359182176  0.64129430699480328  0.65233249491031431  0.66337367553998439
  0.67437689116399346  0.68519303635691542  0.69570371001446707  0.70615136215052532
  0.71673538382048119  0.72724925495098725  0.73781749486012183  0.74852769024188881
  0.75958097098970645  0.77076716779427989  0.78065288728345583  0.79057435139496368
  0.80047970595126849  0.81042292516515946  0.82049224298973433  0.83082329798686549
  0.84207564486583153  0.85394827306127330  0.86542588085168315  0.87639619483683884
  0.88698053769002638  0.89752202586507202  0.90847575246894374  0.91945911582149786
  0.93034602694640867  0.94094410541910245  0.95143080629797228  0.96175550921816277
  0.97175211067423117  0.98145736157641550  0.99073458544098136  1.00000000000000000
 -0.00255937733433795  0.01910706132410816  0.03872921860855739  0.05853453995942596
  0.07816025279430193  0.09757903381746577  0.11649366956277837  0.13533277423101167
  0.15376400836526760  0.17183918024817665  0.18999850362563600  0.20807692513803813
  0.22629947057339711  0.24441717275159799  0.26216796868789838  0.27950219859766612
  0.29631256048717575  0.31245327202812606  0.32817696453754697  0.34375430462104195
  0.35929606244489193  0.37489446835644169  0.39025523592356826  0.40538303448983060
  0.42025426824279316  0.43496831635969491  0.44952683453377856  0.46382205269035404
  0.47779525178450399  0.49144670642510074  0.50494176313722039  0.51832031324594252
  0.53158929301656832  0.54451207684177394  0.55714004510094539  0.56936629204511946
  0.58131256477502447  0.59334317995047947  0.60544013103260030  0.61754304328651377
  0.62938305695320762  0.64103553341065389  0.65253555378116579  0.66388572425040948
  0.67503206472943034  0.68594350400126503  0.69670396549354396  0.70716897625337116
  0.71722522228192487  0.72700971359433508  0.73677755266673495  0.74641791440859173
  0.75579220124539181  0.76494584049611702  0.77412715011973554  0.78333483009300398
  0.79231789595409152  0.80088504954605921  0.80923219774181099  0.81753206234022402
  0.82592222164423590  0.83418758592252507  0.84220308474492878  0.85003902352596727
  0.85774717493254782  0.86523965977827189  0.87258960090780069  0.87974862765665407
  0.88689993197801542  0.89385062625582601  0.90032901494636819  0.90647099853103097
  0.91247460776761824  0.91836202452770177  0.92409388532075365  0.92967732959008098
  0.93521571144427174  0.94034214476930034  0.94512746014574012  0.94969446189716233
  0.95401098800641881  0.95814068886962900  0.96200701392012300  0.96578202915032485
  0.96949465620633013  0.97305646122690603  0.97650593685709353  0.97992068079592476
  0.98290315993408484  0.98579659879187476  0.98858944551744488  0.99120948498504013
  0.99351724439047084  0.99573994771604446  0.99789925644680677  1.00000000000000000
 -0.01147222561562066  0.10978439173456760  0.16217606021100595  0.19308114083693573
  0.21783547187043062  0.23925375882642191  0.25826365300249537  0.27531837211008897
  0.29068108302839163  0.30480529830212472  0.31786650496134505  0.33021250056489276
  0.34221125545631642  0.35397216610485960  0.36557257667763798  0.37668327942026225
  0.38721534030502530  0.39696669697623155  0.40646256190728186  0.41594899617298681
  0.42554532816666579  0.43488639952265407  0.44417274773233550  0.45310975865994541
  0.46213934410108215  0.47133656385762118  0.48073189305494712  0.48976292784473424
  0.49820830653803405  0.50620117383718100  0.51398775184328371  0.52190170899479238
  0.52994871531019971  0.53805487317469725  0.54616934621634372  0.55392670752743067
  0.56156236792823111  0.56928004410682387  0.57736153961633663  0.58557815641729960
  0.59314179274287959  0.60026443017411646  0.60723009168351905  0.61431841008566146
  0.62177867517636820  0.62864018866684968  0.63530786581443788  0.64176371015450406
  0.64814324774247967  0.65445854025290406  0.66074410086536706  0.66697636594506393
  0.67306511758057574  0.67902811854286460  0.68485693247578860  0.69070577400190658
  0.69638775119552787  0.70206780945461722  0.70770420261958389  0.71328005999127619
  0.71886564532569119  0.72436661378854750  0.72992298976529080  0.73524195149705229
  0.74066453789312781  0.74590554856174862  0.75127041972022934  0.75667744200357845
  0.76198242658308357  0.76720151736179132  0.77234485879772663  0.77725088730607272
  0.78227757620317162  0.78731184607687177  0.79234351120235691  0.79734736326165168
  0.80238553735188789  0.80749781351615935  0.81261537763701031  0.81778534137862746
  0.82299684955180730  0.82824060814306588  0.83365197460266094  0.83940067051896305
  0.84547987242537959  0.85155702598061123  0.85804816245608118  0.86491955168515489
  0.87225527438344641  0.88013234026296550  0.88862475551039188  0.89809018951331654
  0.90928234573534061  0.92411774645686995  0.94819618443031450  1.00000000000000000
   4.6139837997615700       -1.0000000000000000     
 T F F T F F T F F T F F T F F T F F F F F F F F F F F F F F F F
  <DiscreteSampler_grid>
  grouped_processes
  1 # 1 for a reference and 2 for a running grid.
  10 # Attribute 'min_bin_probing_points' of the grid.
  1 # Attribute 'grid_mode' of the grid. 1=='default',2=='initialization'
  0.0000000000000000 # Attribute 'small_contrib_threshold' of the grid.
  0.5000000000000000 # Attribute 'damping_power' of the grid.
 # binID   n_entries weight   weight_sqr   abs_weight
    10   10   2.803127866173337E+010   2.874901250995052E+021   2.803127866173337E+010
  </DiscreteSampler_grid>
