  0.00000236590939426  0.00000239518206675  0.00000242646455239  0.00000245845127975
  0.00000247371911879  0.00000249344488164  0.00000251652799487  0.00000254036842323
  0.00000256503541902  0.00000259040780793  0.00000261635983986  0.00000264300405655
  0.00000267045436870  0.00000269865155162  0.00000272820623663  0.00000276033497519
  0.00000279421379181  0.00000282956283758  0.00000286593307140  0.00000290288255213
  0.00000294079056554  0.00000297919980586  0.00000301915709468  0.00000306028552691
  0.00000310213411971  0.00000314512082502  0.00000319033645297  0.00000323887592161
  0.00000329100598310  0.00000334591859415  0.00000340213014494  0.00000346054127993
  0.00000352067107921  0.00000358244447405  0.00000364506940426  0.00000371406279069
  0.00000378837061413  0.00000386587216168  0.00000394649992708  0.00000402917405144
  0.00000411353760384  0.00000420051540675  0.00000429262744233  0.00000439148190549
  0.00000449751263138  0.00000460790709187  0.00000472227271232  0.00000483946125166
  0.00000495989033237  0.00000508949470432  0.00000523002925049  0.00000537442226612
  0.00000552438219931  0.00000568128685706  0.00000585072945984  0.00000603220288542
  0.00000622494864597  0.00000642643728811  0.00000663671061021  0.00000686306977835
  0.00000711319476136  0.00000737684247276  0.00000765224735469  0.00000794125277867
  0.00000826847430446  0.00000861513145573  0.00000897889022490  0.00000937468888715
  0.00000980579987587  0.00001026737103315  0.00001077544184758  0.00001134935758175
  0.00001196128404534  0.00001266067551009  0.00001343740270985  0.00001428201657991
  0.00001522169089730  0.00001626672387864  0.00001746029053835  0.00001881805281977
  0.00002036234668278  0.00002221002180369  0.00002438201237295  0.00002696546988839
  0.00003006550705762  0.00003377811655999  0.00003836694747985  0.00004432512898285
  0.00005220615814962  0.00006283181508232  0.00007914281922055  0.00010457634406512
  0.00014534740466905  0.00024251756884147  0.01351311253901116  1.00000000000000000
 -0.00228360551194963  0.00922873294092402  0.01935834616447870  0.03016494321654329
  0.04073630830115592  0.05101987301021643  0.06116238427288885  0.07146042696307697
  0.08196586265472162  0.09234888691604062  0.10270668662022621  0.11319727320352391
  0.12380671018686129  0.13441509636402343  0.14505578307213060  0.15560168100141311
  0.16622533210322324  0.17664302357081407  0.18692198840062776  0.19747817993004141
  0.20805908339347001  0.21880930652824296  0.22954200088764254  0.24050380255427703
  0.25154340453587709  0.26221717098329023  0.27295730311335858  0.28374605380872636
  0.29410533320313098  0.30444625857759466  0.31484560537471501  0.32582871393443091
  0.33670365203179897  0.34723031777718827  0.35764072978598321  0.36762033215242235
  0.37769520030137982  0.38758050537322775  0.39745075323236323  0.40742489693923006
  0.41761622432245432  0.42809285487852683  0.43868980398383900  0.44917878010090723
  0.45976447647992963  0.47051627923777056  0.48151990033163272  0.49246655221378988
  0.50329326819981257  0.51364348054385645  0.52407544944410922  0.53455926845334978
  0.54503079901830576  0.55560820788508269  0.56617677971962066  0.57701822897906396
  0.58761592098842452  0.59817369695104405  0.60880208625958787  0.61953662203776372
  0.63004574676529201  0.64036117494578237  0.65061319849369359  0.66066219270899817
  0.67105410542819666  0.68155182758320176  0.69208387570106877  0.70245887319589340
  0.71282212617788276  0.72349877652024164  0.73403937975376687  0.74467580489644269
  0.75528156843150052  0.76595311531702825  0.77667317601459240  0.78748827211261485
  0.79814104549294429  0.80873070082032927  0.81946246820777813  0.83044208845834755
  0.84130963845494922  0.85186193757210049  0.86237478236093901  0.87272927314963211
  0.88343175644531380  0.89396002642634809  0.90462360066570868  0.91522185114060184
  0.92585132281690141  0.93623791405566836  0.94661549631974151  0.95703208198848944
  0.96774188472724587  0.97838422776021661  0.98921983713702311  1.00000000000000000
 -0.00212525617890714  0.01573794370244450  0.03199231122987237  0.04838986428857964
  0.06416757642094389  0.07947084207155002  0.09463375047191372  0.10980211332020320
  0.12507370670607323  0.14038542472268589  0.15561458405484113  0.17063710355049713
  0.18543710060952004  0.20024006270684189  0.21502690227928103  0.22959565725636230
  0.24380828069299312  0.25787496710015129  0.27180644101351020  0.28574421849903042
  0.29964301691628925  0.31328964922782754  0.32673022016098219  0.34026745373562994
  0.35388530287566183  0.36725711354648727  0.38040672028612332  0.39334722674323974
  0.40607662059139649  0.41866315554153155  0.43120749768321870  0.44367830580582668
  0.45604502867582197  0.46834165422438440  0.48047286864514982  0.49239318790210002
  0.50428290879464677  0.51616848674876048  0.52781013177374181  0.53916939832171518
  0.55040335816411989  0.56158241074532977  0.57281933203986679  0.58409781611817468
  0.59534818448299820  0.60647004258793680  0.61750539876419752  0.62846405765474289
  0.63929815971346038  0.64996989299796426  0.66043234882399704  0.67066996199773132
  0.68074224184074184  0.69072183954293731  0.70060686610855327  0.71038158877911217
  0.72000660407788886  0.72946043397090887  0.73876246495180276  0.74790831717113193
  0.75695546573357764  0.76594918338936024  0.77485433144348781  0.78361737587223768
  0.79221019697882034  0.80063649782809809  0.80891623158546433  0.81706685788251532
  0.82516629962384525  0.83325965199465324  0.84138926342567055  0.84949535723399794
  0.85729661415666858  0.86493250137136879  0.87254463012591288  0.88000982373952086
  0.88725244042892837  0.89426759056276661  0.90113777674448203  0.90788336501625877
  0.91475449934701225  0.92143097521313011  0.92788930157710781  0.93415064384703894
  0.94019690711672133  0.94608915825343654  0.95187181928412101  0.95757945397308719
  0.96323285338379294  0.96878186103638275  0.97417204646225641  0.97939645525145980
  0.98450128546550331  0.98958340128531519  0.99476173105497800  1.00000000000000000
 -0.02574867935499001  0.11719615481473858  0.15372041109574230  0.17746752885438927
  0.19550608594590116  0.21084198807536383  0.22446931654601565  0.23669012073589255
  0.24779985475897662  0.25803759955208966  0.26772570594403472  0.27679340601770525
  0.28537716900602861  0.29354573425440350  0.30135922055820685  0.30906289233467388
  0.31658370377465267  0.32391592744132791  0.33096924637057079  0.33777206055637199
  0.34443495849972355  0.35102447775177953  0.35750566925156169  0.36385668939182292
  0.37013055702033371  0.37628782914901227  0.38224718052093076  0.38805878191699983
  0.39379481825025009  0.39947082905861037  0.40505907415866260  0.41065177435715283
  0.41616763646969035  0.42157241655286820  0.42694753360004578  0.43234224018979861
  0.43776800224189333  0.44322667732267607  0.44869985124359357  0.45416104201066204
  0.45961060652575025  0.46506422844421796  0.47050794378193644  0.47592567833758331
  0.48133048210859913  0.48671349318943508  0.49207150277041961  0.49755069047175793
  0.50294927508679133  0.50837055114114305  0.51377354367805195  0.51918226970109371
  0.52457625095915339  0.52998499115479714  0.53544435950494662  0.54083983706586081
  0.54617484745770550  0.55147911658401660  0.55678480306425060  0.56219504333763493
  0.56770372423992987  0.57326971550093786  0.57886542475787472  0.58448118557907713
  0.59021063129378715  0.59594990189160379  0.60180033952260503  0.60773105667221383
  0.61372466890770461  0.61975981908100886  0.62588850635913651  0.63221918389545206
  0.63873041369184358  0.64524258517827593  0.65179533378179000  0.65844297822899056
  0.66520618257593833  0.67203363217441137  0.67894473855076221  0.68604530788416462
  0.69333339390208260  0.70083545583629236  0.70856217765718199  0.71662406010511615
  0.72498602800331924  0.73396932592842856  0.74337645382650397  0.75353228227705960
  0.76460503685332493  0.77666683148792248  0.79002317014208623  0.80512240989856276
  0.82316386846986866  0.84650433653330381  0.88555639729261049  1.00000000000000000
   1234.5670885759357       -1.0000000000000000     
 T F F F F T T F F T T F F F F T F F F F F F F F F F F F F F F F
  <DiscreteSampler_grid>
  grouped_processes
  1 # 1 for a reference and 2 for a running grid.
  10 # Attribute 'min_bin_probing_points' of the grid.
  1 # Attribute 'grid_mode' of the grid. 1=='default',2=='initialization'
  0.0000000000000000 # Attribute 'small_contrib_threshold' of the grid.
  0.5000000000000000 # Attribute 'damping_power' of the grid.
 # binID   n_entries weight   weight_sqr   abs_weight
    10   10   3.371617123439357E+010   2.054722649094869E+021   3.371617123439357E+010
    16   10   3.375246820537745E+010   2.056768653434182E+021   3.375246820537745E+010
  </DiscreteSampler_grid>
