  0.00000236793248762  0.00000238374471604  0.00000240062142308  0.00000241872107606
  0.00000243624591034  0.00000245407081251  0.00000247210763012  0.00000249455858010
  0.00000252122130608  0.00000254772338348  0.00000257543503091  0.00000260455447799
  0.00000263467807673  0.00000266537504842  0.00000269643662739  0.00000272842174374
  0.00000276396954739  0.00000280356969023  0.00000284581848212  0.00000288939091241
  0.00000293375726583  0.00000298043584252  0.00000302986979852  0.00000308190337207
  0.00000313402498171  0.00000318873838306  0.00000325247468428  0.00000332814207675
  0.00000340167242136  0.00000347697948630  0.00000355476478447  0.00000363373924598
  0.00000371227429288  0.00000381521531589  0.00000391862076920  0.00000402526724217
  0.00000413505755171  0.00000424921323037  0.00000437877037508  0.00000451895131364
  0.00000466803075532  0.00000482085815016  0.00000498022233634  0.00000515588319593
  0.00000534430554255  0.00000553971968437  0.00000574596608685  0.00000596897795413
  0.00000620874287420  0.00000645756526072  0.00000671084542548  0.00000699526103625
  0.00000729767549447  0.00000761654117969  0.00000796633782209  0.00000836346330013
  0.00000877019881622  0.00000919521459049  0.00000967675649972  0.00001020357732685
  0.00001076508389464  0.00001136653951443  0.00001199489916042  0.00001269363385261
  0.00001348682602814  0.00001435718216848  0.00001530300845833  0.00001633259568863
  0.00001752594194193  0.00001891862333864  0.00002044588922140  0.00002204883496286
  0.00002380187261027  0.00002578050079482  0.00002805929988820  0.00003062418943501
  0.00003360703669435  0.00003704568801216  0.00004114710320429  0.00004594575755859
  0.00005158000226073  0.00005856592152888  0.00006695615615732  0.00007754374335803
  0.00009075416167425  0.00010722057233482  0.00012773868219290  0.00015537065891453
  0.00019007451616925  0.00024472251647378  0.00033664752047029  0.00048676573483004
  0.00071774112460467  0.00132493946770683  0.01580406475028166  1.00000000000000000
 -0.00215349696183033  0.00940715499985209  0.01925523010656874  0.02938168924301159
  0.03996744293095371  0.05117834014839048  0.06234680250794036  0.07317525875182743
  0.08380952048683941  0.09461151575124388  0.10509635534686308  0.11560700183282707
  0.12607227420391778  0.13614133725510799  0.14620862961152034  0.15656300093953793
  0.16725338688890123  0.17798304322000016  0.18869704164034934  0.19980474646891647
  0.21089829030913229  0.22140860744848861  0.23127987797973157  0.24076354260851751
  0.25007308008660573  0.25968148871398761  0.26997925659788663  0.28132624181738164
  0.29313788904447996  0.30443027575482440  0.31542939248717411  0.32625212690300909
  0.33687590917416299  0.34772177279392025  0.35839948233383706  0.36927828048565170
  0.37986892566034514  0.39039891434513257  0.40066817905224766  0.41064228340391851
  0.42026559214367665  0.43000469682798770  0.44023936615983350  0.45146613348110026
  0.46288202577661836  0.47409962407246792  0.48483129425349392  0.49530337922312934
  0.50590102725612551  0.51651045696403486  0.52702700882649212  0.53731785327885029
  0.54771931977715327  0.55816442892900364  0.56855795563251177  0.57897045895278421
  0.58877097976380655  0.59851739839030105  0.60853139978815007  0.61910054801778180
  0.62946988770432366  0.63959594797757024  0.64973858343572932  0.66030397354494785
  0.67068131114989304  0.68097654851533085  0.69123535980746165  0.70102288374772670
  0.71042382204392085  0.72020441413511349  0.73054802551901954  0.74131961758761822
  0.75195837995326431  0.76260409721008726  0.77302726768067109  0.78299130896650271
  0.79324464372649706  0.80383944484676739  0.81474357265762065  0.82552112574152881
  0.83643346001441354  0.84796326916105691  0.85957286855960002  0.87107641555979565
  0.88235560312504313  0.89356819111114627  0.90431809649405637  0.91493095137178859
  0.92573073146682272  0.93673382323225340  0.94758355073741962  0.95818266547581654
  0.96860667662839761  0.97903110674754334  0.98938272452496401  1.00000000000000000
 -0.00386484592599832  0.01995894412278432  0.04008094521475258  0.05972564347335001
  0.07840646236811810  0.09651435485823329  0.11476525148969666  0.13340764065357250
  0.15194160033151688  0.17018901825624777  0.18822980696413794  0.20610944922143917
  0.22335803167549950  0.24025213850739394  0.25717100456493652  0.27386126821583440
  0.29049700152441177  0.30696293061212671  0.32310219282938935  0.33901045247588169
  0.35482164575998515  0.37034652717002753  0.38573661460860942  0.40074495736917198
  0.41539714211452200  0.42929612059970090  0.44325256450092188  0.45718752291853354
  0.47083776985206444  0.48442446339378287  0.49813344095097845  0.51185210954971661
  0.52535801870285459  0.53861194731998785  0.55158217275747257  0.56431523553473473
  0.57683545244072931  0.58907643913778307  0.60116606354001312  0.61324193236521207
  0.62506074291741809  0.63660843391134492  0.64821759192216200  0.65989103135608784
  0.67128967300092002  0.68219606973887925  0.69276824390606417  0.70312600610157538
  0.71337776300569855  0.72356349309117707  0.73348912392386556  0.74313970061995427
  0.75267168377758575  0.76205482023301763  0.77119672984814958  0.78013291400069540
  0.78899423057574247  0.79795779814099255  0.80699520007868319  0.81578000225351432
  0.82419036383773603  0.83222952726533650  0.83980378288704571  0.84733449870706246
  0.85488633376387113  0.86212958584526889  0.86913823143328306  0.87592014454780920
  0.88245909780292719  0.88889401728165751  0.89517352876794720  0.90137556551675280
  0.90740153327786088  0.91340816224066113  0.91929184793141561  0.92500201203313037
  0.93046969981369132  0.93574126112161093  0.94080193538487455  0.94565191464442278
  0.95044885888010644  0.95507652436142376  0.95944796542382349  0.96339606563082414
  0.96727822688996079  0.97103424201246535  0.97462901018493597  0.97807208100751519
  0.98128994756128218  0.98440662760191777  0.98732910261010276  0.99012285156407298
  0.99284294212526547  0.99527610418705670  0.99766042589828186  1.00000000000000000
 -0.01006298072876722  0.10568308076713456  0.16066038533466684  0.19239946966745317
  0.21718251278093648  0.23809377196894371  0.25618449185057729  0.27275529284855582
  0.28801970892956363  0.30226299901616371  0.31573533944407473  0.32866840223326754
  0.34102900390240909  0.35289348622477063  0.36436948946380698  0.37560567029967001
  0.38635948253056585  0.39703038225045822  0.40746169911237728  0.41777703326262905
  0.42800533028609156  0.43833909007623079  0.44831924814378071  0.45773363187462796
  0.46667085651119178  0.47540309980482537  0.48398773061154082  0.49215723944922163
  0.50035853924652152  0.50864880998358541  0.51690708574285671  0.52499060599606318
  0.53278140694380960  0.54073745725885736  0.54866328340711323  0.55658822421644982
  0.56416999977628624  0.57136221645252094  0.57854164148050991  0.58561608764485040
  0.59258202186523334  0.59941209962574493  0.60609877685711877  0.61299073236574453
  0.62014996747396700  0.62729866448208760  0.63365462116787641  0.63972077800905958
  0.64552751698621358  0.65128320061333489  0.65711430471209764  0.66294252033245904
  0.66864156884583703  0.67452072716470957  0.68033177558364488  0.68625214903547871
  0.69210172258859604  0.69780825543771907  0.70347801919018449  0.70925494037323134
  0.71525251249912902  0.72150317122138485  0.72780497568429714  0.73362391396729487
  0.73933990410564798  0.74489510018997229  0.75043861346132013  0.75593423239363633
  0.76142601617902839  0.76695722071813011  0.77236631801629163  0.77782660144612836
  0.78310631482455939  0.78844514464847204  0.79366209517849629  0.79880103551161763
  0.80389372829083894  0.80892268122384470  0.81401546056624341  0.81931454717268193
  0.82476138421529610  0.83031101085993098  0.83607230949059064  0.84199585393060117
  0.84801488937260772  0.85411729041189910  0.86052580124291556  0.86712016925056468
  0.87403151833519965  0.88159583268735608  0.88994911713848457  0.89942888697511048
  0.91068836656930230  0.92510637162369591  0.94754117806066396  1.00000000000000000
   4.6581125815522215       -1.0000000000000000     
 T F F T F F T F F T F F T F F T F F F F F F F F F F F F F F F F
  <DiscreteSampler_grid>
  grouped_processes
  1 # 1 for a reference and 2 for a running grid.
  10 # Attribute 'min_bin_probing_points' of the grid.
  1 # Attribute 'grid_mode' of the grid. 1=='default',2=='initialization'
  0.0000000000000000 # Attribute 'small_contrib_threshold' of the grid.
  0.5000000000000000 # Attribute 'damping_power' of the grid.
 # binID   n_entries weight   weight_sqr   abs_weight
    10   10   6.311520666039511E+009   5.657135384324482E+019   6.311520666039511E+009
  </DiscreteSampler_grid>
