  0.00000244510232287  0.00000251575145728  0.00000257572603514  0.00000263415443604
  0.00000269350642163  0.00000275325542548  0.00000282143150354  0.00000288995482977
  0.00000295956152029  0.00000303034074508  0.00000310197505823  0.00000317610644213
  0.00000325654102790  0.00000334356251134  0.00000343233244211  0.00000352346245872
  0.00000361786479132  0.00000371588052865  0.00000382102676405  0.00000393518007823
  0.00000405110875739  0.00000416881310890  0.00000429092339490  0.00000442489104605
  0.00000456675242377  0.00000471238281386  0.00000486144185001  0.00000501659605146
  0.00000518439132101  0.00000536904608428  0.00000555930570879  0.00000575352283720
  0.00000596713846117  0.00000619932381427  0.00000643228242211  0.00000666987722269
  0.00000693337757805  0.00000721139480055  0.00000749479510634  0.00000779089769779
  0.00000810739368072  0.00000844352131865  0.00000878912187768  0.00000914859527957
  0.00000955519804720  0.00000997444577347  0.00001040861917984  0.00001088247707133
  0.00001141397231224  0.00001195397460079  0.00001251818118424  0.00001316816156355
  0.00001383056995354  0.00001453499686821  0.00001529647941377  0.00001608742789324
  0.00001691481134726  0.00001781590696076  0.00001874617420413  0.00001974102693770
  0.00002087552544801  0.00002200920279799  0.00002326340258055  0.00002460737324662
  0.00002596098829129  0.00002750911857660  0.00002915657458644  0.00003091413343911
  0.00003284292794915  0.00003491438318445  0.00003719099970300  0.00003974974049864
  0.00004243584943297  0.00004546906063659  0.00004880231361285  0.00005244847216530
  0.00005629136853943  0.00006059196891010  0.00006550393048508  0.00007121032280581
  0.00007741652482864  0.00008460843937824  0.00009338500713534  0.00010293293502447
  0.00011275104893519  0.00012375928592290  0.00013679687901627  0.00015298711326828
  0.00017230546660173  0.00019423184775350  0.00021998235184401  0.00025835685152580
  0.00030280942950655  0.00034655267104426  0.00072924644018942  1.00000000000000000
 -0.00243838277827717  0.00961367268125138  0.02000756027857288  0.03030173837416749
  0.04053950907390680  0.05109755318098311  0.06163998032265449  0.07217327775293525
  0.08242896191611442  0.09293189194491722  0.10332589011078493  0.11369247429181997
  0.12403025163853909  0.13429019226870811  0.14464136059489743  0.15511886212777665
  0.16579974526994234  0.17636220422764290  0.18714438670029110  0.19796491338578781
  0.20899203095576954  0.22019759018526996  0.23124409191697035  0.24167450328274712
  0.25170320227110277  0.26199518163829244  0.27271847157952972  0.28355955061040200
  0.29398810653266672  0.30432784691693487  0.31487096582893409  0.32563813237057559
  0.33649281365391748  0.34723526726941328  0.35773717707375891  0.36792484104198730
  0.37803774240760507  0.38807018494267503  0.39825268930692753  0.40826426703304930
  0.41823281932112838  0.42828365003093505  0.43874233081505110  0.44949974037265494
  0.46032557439969446  0.47120020347486768  0.48216398427125551  0.49316292088868285
  0.50430445574501526  0.51566421571833565  0.52678813692304982  0.53757180209544553
  0.54806717021531570  0.55851322765069455  0.56898176948677204  0.57950812095896087
  0.59025076976425950  0.60078046038906963  0.61147784610383071  0.62223525486760700
  0.63298240801298111  0.64378694338833709  0.65483442339012621  0.66570142505864682
  0.67623322760688365  0.68649757594557559  0.69701526050365892  0.70761839469199672
  0.71813036938285335  0.72841112379828754  0.73890618563798338  0.74934824594166660
  0.75978574521949727  0.77023757481507060  0.78072008520097202  0.79136729040435294
  0.80161854800158028  0.81168163200054610  0.82184702194202486  0.83197363883039732
  0.84257949622448736  0.85284143397101009  0.86309699176131649  0.87342630352616735
  0.88399408311554328  0.89457915288190915  0.90464768801712214  0.91453105519756639
  0.92487525698562245  0.93534482607901159  0.94575463365415247  0.95607962387336476
  0.96697003748352706  0.97817711244401973  0.98917966749754194  1.00000000000000000
  0.00135753399786929  0.01813815937187085  0.03306722386771022  0.04827390878478795
  0.06278727586935876  0.07673629529994895  0.09036859017900070  0.10383346213203234
  0.11706124129466426  0.13006278781339803  0.14311003542468442  0.15614430489176392
  0.16897598830589691  0.18183800858467508  0.19465658149285692  0.20758519714311854
  0.22028115187080277  0.23265368018487814  0.24494849073151698  0.25712596123084741
  0.26918111350185359  0.28111062055767827  0.29284915654524091  0.30449277398155161
  0.31617130342026839  0.32799743938361570  0.33973133519337118  0.35125253036836285
  0.36254601638057637  0.37387814123391122  0.38534713543920135  0.39684071628802919
  0.40817579255208214  0.41922733879880414  0.43018761447790849  0.44099082490285613
  0.45168401688402288  0.46230015245047074  0.47279631688690399  0.48338189668294895
  0.49407194497139512  0.50488325508363285  0.51575010453145487  0.52619731458906749
  0.53652177974784077  0.54660420659835574  0.55650357392258853  0.56623333856365266
  0.57576201361932988  0.58546352033388660  0.59532245618296142  0.60508750026454616
  0.61459342836203446  0.62390154984981605  0.63328263292667764  0.64281624262822834
  0.65234143209631257  0.66169462486998887  0.67086020211978015  0.67981885884207593
  0.68858847187537386  0.69712395684496964  0.70548188852951499  0.71399974351997308
  0.72267311520240196  0.73130734050598156  0.73995829434982807  0.74856035244516594
  0.75724804304376481  0.76591527717524743  0.77456151758649139  0.78316233232244237
  0.79176432593762236  0.80033762905423944  0.80887450094564017  0.81752086842643024
  0.82598389451849408  0.83436275115649039  0.84282293101661077  0.85114785846297947
  0.85981149300808069  0.86849592322086366  0.87718841964241401  0.88583129528952353
  0.89438454026029979  0.90300594530106548  0.91185790534000488  0.92081576076564298
  0.92970610174775004  0.93858894563495665  0.94750271915705719  0.95654378392405026
  0.96603080423300847  0.97577190701295025  0.98735623616177859  1.00000000000000000
 -0.00698390301227036  0.11121874761042869  0.15831130869226512  0.18721410978211039
  0.21058710765607594  0.23076006735958185  0.24851238582102489  0.26445790191060148
  0.27936268645383683  0.29350539782650620  0.30699449940856194  0.31999688023100870
  0.33256308353024477  0.34468489484644077  0.35641483769151139  0.36774908877501800
  0.37889272635381299  0.38985625020878689  0.40059527201774481  0.41093869896924573
  0.42106916008343176  0.43100775765062432  0.44077717465415539  0.45014436928669938
  0.45947922716132200  0.46870784707923263  0.47796174934837288  0.48714288801972294
  0.49623756740946706  0.50514893520266191  0.51390731830959191  0.52253446919390290
  0.53107525140272138  0.53962362199092007  0.54817311601096241  0.55663870188266240
  0.56504859736010737  0.57326322158098308  0.58140777487308093  0.58933529447063693
  0.59710851326514347  0.60467215202801561  0.61218879452076203  0.61966814754039845
  0.62715653063217747  0.63461740110801212  0.64197586456086031  0.64922793966536496
  0.65634183161550075  0.66336131632318318  0.67029035073625387  0.67723719358812862
  0.68414624401276047  0.69095559862051970  0.69763405246641041  0.70418243219840759
  0.71056712265845690  0.71674556785817356  0.72279338926279812  0.72887207675800314
  0.73488237696572367  0.74093002130139562  0.74687795791723077  0.75263656204294682
  0.75827184109143753  0.76382793689055806  0.76930735120312710  0.77463770835750334
  0.77986895813673507  0.78513945305996113  0.79043608272136956  0.79570337261919100
  0.80094806550839326  0.80612479829583195  0.81134054098417085  0.81649412311513647
  0.82166368846811988  0.82680896229874845  0.83189775514141351  0.83703080964528420
  0.84224055370897022  0.84743907574295751  0.85271334732818915  0.85817575092394127
  0.86379121478358012  0.86953890013513291  0.87546988580316953  0.88182032698394264
  0.88833068711875163  0.89533226655956200  0.90317275683646470  0.91200637374196691
  0.92251605957617300  0.93551346552109305  0.95575741948294612  1.00000000000000000
   1.5582978293517000       -1.0000000000000000     
 F T T F F F F F F F F F F T T F F F F F F F F F F F F F F F F F
  <DiscreteSampler_grid>
  grouped_processes
  1 # 1 for a reference and 2 for a running grid.
  10 # Attribute 'min_bin_probing_points' of the grid.
  1 # Attribute 'grid_mode' of the grid. 1=='default',2=='initialization'
  0.0000000000000000 # Attribute 'small_contrib_threshold' of the grid.
  0.5000000000000000 # Attribute 'damping_power' of the grid.
 # binID   n_entries weight   weight_sqr   abs_weight
    10   10   1.496101262848583E+009   4.681714711807198E+018   1.496101262848583E+009
    16   10   1.491360720481795E+009   4.679339167887791E+018   1.491360720481795E+009
  </DiscreteSampler_grid>
