  0.00000231494226934  0.00000255773645200  0.00000269690432247  0.00000280693197873
  0.00000292870167632  0.00000305245718854  0.00000317856115955  0.00000330990294758
  0.00000344797733201  0.00000358760841965  0.00000373414711425  0.00000389045907828
  0.00000405235737089  0.00000421807434986  0.00000439340610973  0.00000458380096641
  0.00000477977546300  0.00000498563100112  0.00000520730207018  0.00000543992267082
  0.00000567990992625  0.00000593159907238  0.00000619718202874  0.00000647047904280
  0.00000674676147472  0.00000705844308222  0.00000738277408012  0.00000771427020671
  0.00000806462328369  0.00000843771334064  0.00000881728155585  0.00000920947851588
  0.00000964408417355  0.00001008963023620  0.00001055157194145  0.00001104336342572
  0.00001155767550929  0.00001208448814187  0.00001263807108790  0.00001323516557957
  0.00001384568147339  0.00001448232652351  0.00001516776253329  0.00001586654070147
  0.00001659540824706  0.00001736715369503  0.00001819963550446  0.00001904174544302
  0.00001995914659048  0.00002092542460346  0.00002190291717506  0.00002294116377729
  0.00002406684626442  0.00002524285273569  0.00002646580204135  0.00002778975117073
  0.00002918417040705  0.00003061871921186  0.00003219441236178  0.00003383766003518
  0.00003554325199284  0.00003733924730087  0.00003919695199737  0.00004107203394908
  0.00004303313331899  0.00004514332366696  0.00004722723247708  0.00004961461711072
  0.00005211988979117  0.00005471668008913  0.00005739466834902  0.00006037560594483
  0.00006361596126097  0.00006723840892655  0.00007103797314095  0.00007474040237232
  0.00007883238148367  0.00008336961853843  0.00008819182730162  0.00009329379931877
  0.00009837138210007  0.00010375593815109  0.00011032702386873  0.00011952759364997
  0.00012997160169699  0.00014081238502557  0.00015219001436219  0.00016275675183886
  0.00017665295845508  0.00019332351787061  0.00021735415389191  0.00025347776293725
  0.00030664467360425  0.00038297307461588  0.00739998434790912  1.00000000000000000
 -0.00242584060293248  0.00910210429828342  0.01887990499692829  0.02920734482560410
  0.03957335638698659  0.05004540452776333  0.06040824142655028  0.07082449676148486
  0.08120592041991719  0.09147324817157768  0.10182853916754601  0.11205409067728446
  0.12243890280220276  0.13319628109623061  0.14432450964069993  0.15513608715585955
  0.16575492714156598  0.17610979819601905  0.18652660429458523  0.19680447298219730
  0.20721262207604640  0.21809657959771372  0.22901527274061875  0.23981975864610414
  0.25047088655720856  0.26109786349884551  0.27166343699372336  0.28203740274760997
  0.29237134305902246  0.30292004579564702  0.31354217239302440  0.32407484433730421
  0.33457784603759755  0.34514678113146197  0.35578202554417299  0.36628170539895694
  0.37668022578105631  0.38711673059245033  0.39770360768539592  0.40846664761493201
  0.41921006701991798  0.42979616456926051  0.44037197118858928  0.45106319867388772
  0.46162129915990363  0.47212435509735567  0.48271745592760668  0.49339862119131839
  0.50412549883289881  0.51469472736964705  0.52513018701900704  0.53549097109116039
  0.54580605155328688  0.55637472578435698  0.56682690488841780  0.57717086204026391
  0.58737504533258322  0.59744376581958492  0.60764816588270365  0.61781063051775620
  0.62817682512532991  0.63879730410234792  0.64951176851066383  0.66022183035832349
  0.67085733748941911  0.68144897938802185  0.69191654289335125  0.70228025142434236
  0.71281709129036963  0.72356636979827871  0.73428567514121124  0.74478707858665349
  0.75510897314974601  0.76527464775561937  0.77555498987632621  0.78591936845357324
  0.79645527099021174  0.80707256725236243  0.81783424651726033  0.82866902894271599
  0.83938212663929357  0.85001031040378527  0.86063174813562338  0.87139528103144193
  0.88220412544084492  0.89298619003378554  0.90357294834147339  0.91406118194949104
  0.92447844513390920  0.93504837906231486  0.94574641802133996  0.95664529679041754
  0.96746600534587801  0.97836843896793424  0.98916950439454843  1.00000000000000000
  0.00093466173936635  0.01256360573364411  0.02333762326011614  0.03430545910029979
  0.04511279610407518  0.05596127260927973  0.06688165393936613  0.07795826707979564
  0.08887767436976630  0.09945599596856705  0.10982691473346985  0.11995839898672642
  0.13013090660488305  0.14016401757795866  0.15025740788402173  0.16054829418357794
  0.17092675377985111  0.18134996932832362  0.19153014418077050  0.20146669241488183
  0.21137611071525866  0.22120197596409766  0.23106936611626799  0.24095580649036796
  0.25092435441024619  0.26092093262494598  0.27087657333564880  0.28072986913789205
  0.29048358644129296  0.30016508127313973  0.30976702069865841  0.31935422171930439
  0.32900964494817930  0.33871526387904072  0.34864011901061098  0.35845347891249141
  0.36812407861575980  0.37770447186226119  0.38718201670172792  0.39678860613214723
  0.40620295331012279  0.41579784965107025  0.42536881913209346  0.43489166686756198
  0.44434876066345236  0.45362319723968397  0.46308245987499158  0.47259456224741114
  0.48229136127401889  0.49200249780210681  0.50163061174260359  0.51101005693028378
  0.52034375427267965  0.52976597409032289  0.53928010707344043  0.54878457846383477
  0.55821782790781371  0.56773036179165359  0.57730089154163711  0.58691648209949687
  0.59644797798162019  0.60595000539179911  0.61551045416035932  0.62516190284810114
  0.63498205947510333  0.64482973632424090  0.65465427557947709  0.66450057151745978
  0.67439720019824012  0.68436486414778774  0.69435445389394645  0.70423674251306123
  0.71408121522055990  0.72394848390916000  0.73391496374138765  0.74394809865673739
  0.75409034102357253  0.76439997652111569  0.77482970475103308  0.78538087854855698
  0.79604612174152034  0.80689692248536493  0.81787740789693686  0.82897680508490368
  0.84027407360359896  0.85155861793308374  0.86296387335377256  0.87466756259716183
  0.88678835793529076  0.89927089667929605  0.91215253341390912  0.92563987100478895
  0.94005308632537476  0.95611580536587759  0.97556005255177425  1.00000000000000000
  0.01963873968189336  0.05513917006658543  0.07635042115601028  0.09126537952811167
  0.10362283915365102  0.11438222409225862  0.12421842232797620  0.13339415158748175
  0.14209743721609483  0.15044275611619354  0.15849262414005486  0.16635227753512924
  0.17400896852873368  0.18154333040562842  0.18897282907833909  0.19630530761911352
  0.20358525221954413  0.21082002396023125  0.21799552782103698  0.22510459760972384
  0.23215002748028679  0.23913417449789237  0.24609431356570016  0.25300288543570693
  0.25985450204917782  0.26672112462910458  0.27365674375248095  0.28057215652297146
  0.28746963768046685  0.29421734835325813  0.30092951061208878  0.30765260848392512
  0.31437732498142773  0.32111974480720173  0.32783608985639423  0.33451156648681329
  0.34119695844703779  0.34784612112185043  0.35445735005575890  0.36109344969420759
  0.36773382954782535  0.37439446420419958  0.38105469020878302  0.38773204332639566
  0.39444382443650933  0.40116045088866026  0.40783222063889146  0.41448582034485032
  0.42111924733329525  0.42777924433231296  0.43446824290183456  0.44122394405397386
  0.44797928816654020  0.45473559521764345  0.46149152707572361  0.46821951608855605
  0.47495384122800627  0.48174408335533353  0.48864351889830088  0.49563941433721875
  0.50265357812501432  0.50978749125165368  0.51690552549992508  0.52406591003471081
  0.53129828260769585  0.53864691499733075  0.54608096583828192  0.55365761333266406
  0.56123465325342414  0.56886289388359212  0.57651341969594327  0.58427257723821135
  0.59228510713812721  0.60042467327895943  0.60867916390094856  0.61701140129876053
  0.62548766555893864  0.63415879073409165  0.64304213332279159  0.65216231506677957
  0.66145288237603261  0.67097611775137056  0.68072367592300520  0.69086785722869248
  0.70144012411257195  0.71260708808850159  0.72431083557593767  0.73689772366353479
  0.75023171203944350  0.76518737939771730  0.78149122873354304  0.80006112226662507
  0.82192189916368286  0.84973445461428010  0.89256114656706020  1.00000000000000000
   247.60679484894288       -1.0000000000000000     
 F T F F T F F F F F F T F F T F F T F F T F F F F F F T F F T F
  <DiscreteSampler_grid>
  grouped_processes
  1 # 1 for a reference and 2 for a running grid.
  10 # Attribute 'min_bin_probing_points' of the grid.
  1 # Attribute 'grid_mode' of the grid. 1=='default',2=='initialization'
  0.0000000000000000 # Attribute 'small_contrib_threshold' of the grid.
  0.5000000000000000 # Attribute 'damping_power' of the grid.
 # binID   n_entries weight   weight_sqr   abs_weight
    13   10   2.370143948899692E+009   1.509676018258544E+019   2.370143948899692E+009
    14   10   2.370143948899691E+009   1.509676018258543E+019   2.370143948899691E+009
    16   10   2.370143948899692E+009   1.509676018258544E+019   2.370143948899692E+009
    17   10   2.370143948899691E+009   1.509676018258543E+019   2.370143948899691E+009
  </DiscreteSampler_grid>
