  0.00000241037212193  0.00000243869536346  0.00000246158729537  0.00000248271126344
  0.00000250594222875  0.00000253059415090  0.00000255692021952  0.00000258452224921
  0.00000261336492684  0.00000264345502133  0.00000267442121589  0.00000270606013195
  0.00000273742392647  0.00000277438153875  0.00000281396579573  0.00000285232030204
  0.00000289077326096  0.00000293057937533  0.00000297265672718  0.00000301713337594
  0.00000306350238820  0.00000311079399487  0.00000315607888057  0.00000320920342179
  0.00000327207186003  0.00000334076554853  0.00000340990541428  0.00000348171889233
  0.00000355540503946  0.00000362957682901  0.00000371150966739  0.00000380128220645
  0.00000389613010021  0.00000399669604717  0.00000409653282043  0.00000420429548667
  0.00000431931174455  0.00000444145613751  0.00000456957879673  0.00000470173914687
  0.00000483871022239  0.00000498450969073  0.00000514896318057  0.00000532313060680
  0.00000549843572565  0.00000567483419180  0.00000586957107852  0.00000608868374959
  0.00000631970999248  0.00000655455482424  0.00000680151177750  0.00000707982366094
  0.00000737494837770  0.00000767660393656  0.00000800014904347  0.00000838479986890
  0.00000876854476755  0.00000916570759220  0.00000961522826439  0.00001007382353129
  0.00001057065557380  0.00001112410331787  0.00001172637621163  0.00001237768668316
  0.00001310262493739  0.00001386728943872  0.00001467728837005  0.00001559319865570
  0.00001653303267533  0.00001766824752720  0.00001885271943205  0.00002020915019739
  0.00002170460392263  0.00002332345750411  0.00002519453036304  0.00002724463640577
  0.00002950848293810  0.00003207525327377  0.00003508580413132  0.00003864685521658
  0.00004259721542351  0.00004706740534574  0.00005261808979063  0.00005914269166959
  0.00006802035272894  0.00007961827275324  0.00009293407132292  0.00010799412815288
  0.00012800573337992  0.00015862444145843  0.00019915924155660  0.00025205760391743
  0.00031660939840841  0.00045012324747865  0.00069568890414995  1.00000000000000000
 -0.00216695063377895  0.00963970184038579  0.02011048717515161  0.03020968334397802
  0.04014738925791485  0.05052518234470060  0.06105221222363053  0.07152043667688253
  0.08219620126713603  0.09286647020073671  0.10386530174329667  0.11438781257719090
  0.12463899871911550  0.13480608423128232  0.14513884179236933  0.15574818672872326
  0.16643053750791539  0.17722557770600950  0.18842051851439381  0.19978102395221994
  0.21064113163623843  0.22145153781650856  0.23222092006500236  0.24320686909874781
  0.25404947437770137  0.26489178197398860  0.27597549592021231  0.28710732896404667
  0.29831705562440342  0.30932155934026168  0.32008310156537573  0.33085788299859242
  0.34053834486732348  0.35033721204604767  0.35996463704202553  0.36923784746331872
  0.37831431127203607  0.38747314749241318  0.39746494963539919  0.40839983343642416
  0.41926652454169416  0.42983097372975454  0.44022264750376222  0.45072555030310701
  0.46161337335831676  0.47292859048155123  0.48472077791607709  0.49693963151930559
  0.50940205734207999  0.52126085024686253  0.53164298127442000  0.54131260517480861
  0.55095824071688937  0.56061027535534635  0.57040368921308859  0.58067626506038705
  0.59223946016578577  0.60448806451196557  0.61606683160783782  0.62711322071562614
  0.63762240405376835  0.64730969167294006  0.65698183292130696  0.66666190375079637
  0.67678593297805523  0.68725154232949182  0.69730548971816608  0.70730740089649602
  0.71748709664877763  0.72782264449747280  0.73819354277889537  0.74834833785028931
  0.75893094479886136  0.77005324292820820  0.78113599122601074  0.79201940360580048
  0.80247334885776300  0.81280661149944811  0.82308260408721712  0.83336356267777967
  0.84370041570337917  0.85388718078881198  0.86380813416636115  0.87462541008528116
  0.88539288513053405  0.89595352453852906  0.90580008557691072  0.91590396455228495
  0.92639246490694926  0.93660160176464125  0.94703154960568026  0.95774860969285802
  0.96877977543553162  0.97950336382547665  0.98986355494115719  1.00000000000000000
  0.00341341614868397  0.02358566398073579  0.04460898671026001  0.06506611751682731
  0.08497501128192227  0.10452377362566123  0.12360866962376674  0.14157167708782453
  0.15925457255502412  0.17698396946205311  0.19469177719007308  0.21235649326507799
  0.23027719726801410  0.24797308026101919  0.26513202718004414  0.28182137042792177
  0.29808799983426731  0.31379168342883035  0.32968211187983204  0.34587475921278182
  0.36219883229220412  0.37786951743318947  0.39323738394604824  0.40862191975782858
  0.42353142837933921  0.43758075086625126  0.45123825104966470  0.46504033990866744
  0.47900049857453780  0.49299875777560026  0.50697281574891273  0.52076262958095731
  0.53386600594017652  0.54673336822316299  0.55938597901944120  0.57199853703090742
  0.58435279893881487  0.59657245835858275  0.60854227133926375  0.62027028611348034
  0.63200404401902988  0.64353954371117650  0.65441632038603315  0.66508078804736248
  0.67588077492810517  0.68646722020427331  0.69656770590152217  0.70628630152813499
  0.71658813550348932  0.72671833784882456  0.73666041231696233  0.74632201539470233
  0.75592362541140556  0.76562685942157838  0.77502532196716645  0.78427812579189771
  0.79337045427428765  0.80200756401222417  0.81050028117523598  0.81858827974149073
  0.82663336696618384  0.83440526332979381  0.84203082320253164  0.84957516031716707
  0.85713025096174766  0.86464721806720857  0.87205823759019518  0.87918298054191724
  0.88602019458982439  0.89267332445899628  0.89925414190743025  0.90585177418961371
  0.91235539889692363  0.91854798506513169  0.92428680856776269  0.92982443792405511
  0.93510652070819456  0.94015748948601674  0.94493783268189246  0.94945249203281412
  0.95394166745651887  0.95811100714975195  0.96214954191735180  0.96618106904657852
  0.97013629307096172  0.97395575002921231  0.97757561333357457  0.98089881091097275
  0.98388631008728733  0.98665665264760194  0.98925924709652158  0.99172330301137801
  0.99405808963261788  0.99610395385831685  0.99807806632607166  1.00000000000000000
 -0.00441786077134170  0.10835100036460683  0.16259619484661683  0.19332065515277730
  0.21748266137649469  0.23760056081058459  0.25486717879355864  0.27059102660092105
  0.28520919294526054  0.29865988862676057  0.31128408874932328  0.32375059470093653
  0.33593952854687603  0.34782147686955750  0.35958245906479408  0.37119175753023093
  0.38243292273435053  0.39377111263300729  0.40506342002836404  0.41593663452393748
  0.42655472110299719  0.43671757695931351  0.44624164101561098  0.45520976201099239
  0.46410472404778863  0.47317587931903410  0.48213350663165516  0.49061629313491362
  0.49870667558867837  0.50666410798162664  0.51458898090899119  0.52250471658477371
  0.53035671174234755  0.53818601398675381  0.54592267277173123  0.55362612907295694
  0.56125686230362171  0.56879349241519894  0.57636834077976007  0.58361675508577315
  0.59020606116063468  0.59648841880220616  0.60296513082830749  0.60965553224051783
  0.61661010816906159  0.62331676832550897  0.62981633488256372  0.63594998130504721
  0.64201869190324123  0.64827485266684792  0.65484106536691566  0.66150412068616349
  0.66821162900156761  0.67483196711937810  0.68133990149661461  0.68782952663117203
  0.69416766586992296  0.70020536398536626  0.70608679450304401  0.71186501144020009
  0.71757190948448668  0.72331002875097217  0.72888711361057545  0.73443183760467334
  0.74002240563092314  0.74571907698304551  0.75137026244351635  0.75686178921643799
  0.76218073084924076  0.76740404122041217  0.77261520219226842  0.77767579543563881
  0.78279206051131656  0.78805032681165166  0.79356917136099459  0.79917184923146845
  0.80466853561471319  0.81006762953594780  0.81539277403829169  0.82055060697113091
  0.82578462387429363  0.83082786211631976  0.83600679149915735  0.84149193346521911
  0.84718986374705274  0.85328606281662966  0.85985525673194840  0.86666794356885246
  0.87370484825702999  0.88125670723134319  0.88961453231770438  0.89926092005517189
  0.91077561917942784  0.92481849658665349  0.94661774462398784  1.00000000000000000
   16.185564120539023       -1.0000000000000000     
 T F F T F F T F F T F F T F F T F F F F F F F F F F F F F F F F
  <DiscreteSampler_grid>
  grouped_processes
  1 # 1 for a reference and 2 for a running grid.
  10 # Attribute 'min_bin_probing_points' of the grid.
  1 # Attribute 'grid_mode' of the grid. 1=='default',2=='initialization'
  0.0000000000000000 # Attribute 'small_contrib_threshold' of the grid.
  0.5000000000000000 # Attribute 'damping_power' of the grid.
 # binID   n_entries weight   weight_sqr   abs_weight
    10   10   1.936942646683797E+010   1.172637320928817E+021   1.936942646683797E+010
  </DiscreteSampler_grid>
