  0.00000237230868750  0.00000237807081809  0.00000239068291925  0.00000240877408433
  0.00000242787868586  0.00000244392404737  0.00000246044373687  0.00000247705637125
  0.00000249772520325  0.00000252403346976  0.00000255125841965  0.00000258024097528
  0.00000260980751557  0.00000264005801832  0.00000267126435376  0.00000270427352715
  0.00000274089916088  0.00000278122103124  0.00000282463453393  0.00000286988313058
  0.00000291604770537  0.00000296334313430  0.00000301165842416  0.00000306112402618
  0.00000311225070309  0.00000316583599284  0.00000322111559181  0.00000328599209207
  0.00000335398360993  0.00000342215863475  0.00000349253894409  0.00000356828251870
  0.00000364483752814  0.00000373304432404  0.00000383077255937  0.00000393343504190
  0.00000403712779506  0.00000414485262750  0.00000425816227202  0.00000438072823338
  0.00000451379630958  0.00000465595577735  0.00000480278420160  0.00000494822805676
  0.00000511965747091  0.00000530187229484  0.00000549184679902  0.00000568780881679
  0.00000589407693523  0.00000612331141866  0.00000635640134121  0.00000659701504960
  0.00000686682474113  0.00000717184644864  0.00000749789230275  0.00000783539927357
  0.00000820016112476  0.00000860304676885  0.00000900906199015  0.00000947385553181
  0.00000996020057440  0.00001048538725194  0.00001107373402974  0.00001173327218510
  0.00001244981869120  0.00001325254064040  0.00001407954610302  0.00001501693586397
  0.00001605548982260  0.00001723728803738  0.00001854639057330  0.00002001901606045
  0.00002169695303059  0.00002356331802206  0.00002564484183581  0.00002794190667693
  0.00003062867786838  0.00003371691062395  0.00003725424598865  0.00004119995332834
  0.00004569282168030  0.00005118860639372  0.00005806745599446  0.00006659059969339
  0.00007703961427875  0.00008928232703391  0.00010536434568089  0.00012621919338107
  0.00015836275795001  0.00020517949736766  0.00027385336326773  0.00037556684505756
  0.00054577653927257  0.00089462180485862  0.04167161053190366  1.00000000000000000
 -0.00255545767558141  0.00926365543995534  0.02003863836540849  0.03142030142998997
  0.04262826748444135  0.05327492808892243  0.06368807473277187  0.07443576871074831
  0.08543732942375812  0.09664912689877013  0.10720342289739970  0.11684877829712403
  0.12637863703087718  0.13586127652532665  0.14528287251016181  0.15460864334184329
  0.16432118285714045  0.17501951964523027  0.18614946946614636  0.19724149139675007
  0.20855305851415246  0.21922557992521874  0.22945759702717472  0.23994190946015467
  0.25035312202828680  0.26075389697627066  0.27130486080110999  0.28245236895685361
  0.29346408985454081  0.30417832785793852  0.31483400591639471  0.32614102762988112
  0.33719084335277655  0.34747671563231514  0.35772848757458797  0.36784016767480499
  0.37811153004344561  0.38812320075650453  0.39833617728621773  0.40887968977726857
  0.41968897977317382  0.43049234112788609  0.44139339256935411  0.45218808157052265
  0.46215111011413107  0.47223451829024843  0.48220159209498237  0.49231912503731273
  0.50234012633870340  0.51236573071637570  0.52247477038810053  0.53280584060811109
  0.54325035521218501  0.55408072133132169  0.56492741043803330  0.57565273980193699
  0.58636205958076160  0.59690567188945043  0.60754808522063153  0.61835862454050472
  0.62904520185804125  0.63952894442033792  0.64987972235114599  0.65979168125190157
  0.67002969052989547  0.68001998041820888  0.68999471110193034  0.70012127952279879
  0.71047554156132642  0.72164356462478840  0.73250319033695377  0.74357224250038334
  0.75451018692055860  0.76539721662972648  0.77630667576182255  0.78716763908553966
  0.79789475241167285  0.80887689763116810  0.82008985429663273  0.83159122888293668
  0.84287510199579940  0.85390406987934564  0.86431089568392705  0.87437920047226458
  0.88457005178126080  0.89489812606225305  0.90539058476314727  0.91591405546836324
  0.92683730061621883  0.93744624837455925  0.94775262824429363  0.95803885949610779
  0.96875511527622105  0.97971512866242771  0.99001105377431742  1.00000000000000000
 -0.00168124908483811  0.01982504556645506  0.03976680902155884  0.05999761674759552
  0.08030742752708657  0.10018670195879702  0.11975552979168100  0.13893845096243826
  0.15769199353672181  0.17648650428879351  0.19558184446409568  0.21449154748489380
  0.23274478327630835  0.25038012173927077  0.26778421984330236  0.28506825951632847
  0.30204244327544716  0.31866215392191061  0.33491638455254424  0.35093336195319563
  0.36676335415006450  0.38253711183861483  0.39801267674938923  0.41305342704674103
  0.42794565930564760  0.44270129643313383  0.45711266074547796  0.47130233910513558
  0.48527150019385101  0.49910932707291034  0.51281825845850337  0.52630139227044470
  0.53954075951694203  0.55269089470103283  0.56562019189999446  0.57834540861614625
  0.59085790082770939  0.60329449661900802  0.61543723434183573  0.62781286218634202
  0.64010608287745030  0.65203196171383360  0.66338801824787963  0.67449396569717979
  0.68546886281823971  0.69642607446120997  0.70706672076229227  0.71745345269196692
  0.72759191058991535  0.73759395585462451  0.74748475704484785  0.75694931672558607
  0.76613938172797214  0.77494585895263457  0.78339549227865402  0.79179406544561148
  0.80017195961939314  0.80850742096524142  0.81667537363226650  0.82460657850847741
  0.83235730440990285  0.84029203602234659  0.84822073737752945  0.85597234607599093
  0.86337052703867778  0.87060267712275063  0.87743819458722183  0.88409899551091276
  0.89074794693439507  0.89731842224317448  0.90371641289210136  0.90992510468799637
  0.91586691939680120  0.92148876920417855  0.92687819389247805  0.93219901971951391
  0.93744237071645276  0.94214241898231676  0.94681226481282432  0.95136428433155007
  0.95572784537515121  0.95982240795586760  0.96368540173695549  0.96737369625990133
  0.97095371038490463  0.97445479761557330  0.97781986394615306  0.98099553443432330
  0.98389201426992223  0.98658373935135746  0.98910206023889324  0.99148176333130045
  0.99374878517864829  0.99587612646623946  0.99795488248680020  1.00000000000000000
 -0.01420000446305190  0.10881060671582575  0.16238862461804643  0.19352265080660536
  0.21806714019094822  0.23913007730564784  0.25767760934333461  0.27391569526334114
  0.28889044771825995  0.30272451623352870  0.31593050480196738  0.32884691903689633
  0.34174702157717496  0.35439455012818988  0.36657391004587825  0.37822561825578432
  0.38907605403304607  0.39946995991377443  0.40954076684248109  0.41953619333865350
  0.42956397995069279  0.43954572667807762  0.44966182202911092  0.45943410308053750
  0.46874907759206341  0.47767627702460558  0.48657604212225075  0.49607935824860905
  0.50562413670628803  0.51483975934782178  0.52359547717912713  0.53206803160950888
  0.54053227918000268  0.54898983480772856  0.55732429956071616  0.56551546118549234
  0.57335370741444580  0.58102297164322625  0.58844197515471830  0.59572285733305708
  0.60301208455518240  0.61035329167604147  0.61769695403509361  0.62502042320522844
  0.63244166670482704  0.63997988357321045  0.64736987675545332  0.65373413183278362
  0.66000976616436446  0.66636777806589254  0.67222374322504119  0.67792729727362377
  0.68355195923962164  0.68914714564263391  0.69464492897233199  0.70019648989496186
  0.70578456977675974  0.71139982633979915  0.71707043549090743  0.72264494506080224
  0.72809675644027838  0.73355745398446603  0.73884769317378052  0.74411796765677229
  0.74929238252522723  0.75442608997716720  0.75948576563924164  0.76447539957366484
  0.76943633761415298  0.77450596560541440  0.77956361092939774  0.78460194406364148
  0.78965819341831045  0.79461303980011433  0.79946644803348799  0.80441750526982936
  0.80935057209680650  0.81417363577636737  0.81902930079051539  0.82398540982606205
  0.82898641763551095  0.83402318612658610  0.83926323896017851  0.84464915968286292
  0.85007503503817872  0.85596273126502687  0.86227116773422652  0.86875590390180979
  0.87579389021759124  0.88355717098063935  0.89200017618918348  0.90150953624057795
  0.91299152851105969  0.92803471503970669  0.95214992767816453  1.00000000000000000
   4.6593596997043409       -1.0000000000000000     
 T F F T F F T F F T F F T F F T F F F F F F F F F F F F F F F F
  <DiscreteSampler_grid>
  grouped_processes
  1 # 1 for a reference and 2 for a running grid.
  10 # Attribute 'min_bin_probing_points' of the grid.
  1 # Attribute 'grid_mode' of the grid. 1=='default',2=='initialization'
  0.0000000000000000 # Attribute 'small_contrib_threshold' of the grid.
  0.5000000000000000 # Attribute 'damping_power' of the grid.
 # binID   n_entries weight   weight_sqr   abs_weight
    10   10   1.207103819504862E+010   3.115834241194576E+020   1.207103819504862E+010
  </DiscreteSampler_grid>
