 -0.00119787779330066  0.01278662125108484  0.01807062960179217  0.02338887752533967
  0.02876872162895198  0.03436154199209465  0.04024487632837553  0.04626628201836255
  0.05253951040266067  0.05893616794331416  0.06541241454191814  0.07199960149858546
  0.07878526390238462  0.08571810217053853  0.09278908598744831  0.09996395611477628
  0.10723882747016007  0.11468590511646420  0.12221693307858943  0.13005576988207654
  0.13802438921390894  0.14605130762650781  0.15434763417165989  0.16277866095333099
  0.17121582115539474  0.17992920042723376  0.18888327616448894  0.19787808164124568
  0.20713442271685273  0.21670768402778456  0.22639368504929291  0.23604546956043662
  0.24576740353523679  0.25609670599774209  0.26666857260507904  0.27722266497314935
  0.28783148298028238  0.29868242002625728  0.30992914724265569  0.32133123592609603
  0.33276911513997570  0.34430316093898794  0.35612148098033264  0.36822515189098348
  0.38037401125241932  0.39257502362327840  0.40481015507116797  0.41726369411225883
  0.42999654123739728  0.44290108734080536  0.45579511950427842  0.46870474047297378
  0.48170199325399604  0.49493495012563199  0.50841822529991487  0.52193530133215449
  0.53537777558284894  0.54868676345377354  0.56197914960256690  0.57522880736992277
  0.58857291452712912  0.60198164217701633  0.61543457046612782  0.62869628933963906
  0.64181853699195224  0.65486869347844368  0.66776952757737928  0.68042535642320112
  0.69287843341063493  0.70516987827981126  0.71745165281396217  0.72980254116119736
  0.74207967165732314  0.75423115567510546  0.76625501258016171  0.77808377963300479
  0.78969705287263248  0.80109746856467601  0.81234523332925679  0.82347606056208134
  0.83468972045667122  0.84616125595209501  0.85787709784690380  0.86926921828475279
  0.88040202162017378  0.89142007530689626  0.90236917481051004  0.91334126934690696
  0.92415348631382277  0.93475302893416157  0.94544532738442200  0.95589272627875566
  0.96622280702491925  0.97677810050880565  0.98797677247166893  1.00000000000000000
 -0.00215264550736870  0.00942524322184121  0.01963434935993743  0.02970280275812887
  0.03985171995911443  0.05033078954700353  0.06110840375712714  0.07165075484765759
  0.08215101598411928  0.09289342663994107  0.10356640139295857  0.11424809376928179
  0.12508955973867261  0.13593030935353725  0.14672735891909658  0.15741774053219940
  0.16823244183951411  0.17878006127065535  0.18936483948955060  0.19953083549064080
  0.20961380849661743  0.21989121818117460  0.23010502356080650  0.24069439376058768
  0.25099764312469253  0.26157922916036946  0.27210988355699878  0.28278233862469149
  0.29341594645530178  0.30388583626299454  0.31439324734037810  0.32500659082737260
  0.33552207791441879  0.34589893564154300  0.35624357352059016  0.36693018703834684
  0.37768204124338167  0.38827536883611274  0.39876461639339211  0.40903417656051755
  0.41930944859291108  0.42983336091263225  0.44046701444828024  0.45137271159473763
  0.46211273590133756  0.47283282559813383  0.48333143224419090  0.49366739864316145
  0.50383479867753944  0.51404861072161745  0.52425593249195734  0.53469415553408250
  0.54515785092165581  0.55550098440081386  0.56580050882434141  0.57637335478219232
  0.58677268680570549  0.59759573431774049  0.60834963665265063  0.61942104555725919
  0.63024164811001016  0.64125036151002035  0.65197400815009954  0.66264550090542707
  0.67323984980056295  0.68390330686385048  0.69478563725345610  0.70544814971295700
  0.71601879342019581  0.72658581417064183  0.73710182039320526  0.74780028619901284
  0.75836936522360843  0.76890820586851449  0.77966305259136282  0.79024183971551965
  0.80084528144746492  0.81144292041744914  0.82209469909152588  0.83277570206007634
  0.84284605721026140  0.85326112265324960  0.86346072325527679  0.87379718219940028
  0.88395741251973858  0.89399514863249996  0.90435284924029657  0.91482388181195173
  0.92554245860982998  0.93616073342177042  0.94667837379241981  0.95702245082723036
  0.96760465199565293  0.97817638725118194  0.98911401410367794  1.00000000000000000
  0.00191983213046132  0.01118493486466428  0.01839872627823476  0.02636932872660881
  0.03456431128131401  0.04266158616470990  0.05054238957298420  0.05828186979833334
  0.06595934906400433  0.07368292483111749  0.08158623641827668  0.08965250642176845
  0.09777896120361175  0.10590681997687663  0.11407099509306040  0.12226362412017759
  0.13050877139883527  0.13879276425999348  0.14701565766774238  0.15510343126221474
  0.16312626784352957  0.17120465553123843  0.17941786444716321  0.18765275817968821
  0.19585282192808320  0.20405875610516805  0.21235448629464265  0.22070442794019660
  0.22905512497653643  0.23738338761564462  0.24571265466612299  0.25400242919320448
  0.26227256949057182  0.27067182423504232  0.27924668222664706  0.28791210418122554
  0.29654328495452115  0.30509610073904297  0.31364142850620191  0.32223936488320920
  0.33087989412325275  0.33957808037720172  0.34840775537915636  0.35735867291803636
  0.36637182267430679  0.37539910819485478  0.38446583970195236  0.39363864201310933
  0.40285767512600956  0.41208805655499614  0.42123065206141636  0.43044183997803154
  0.43977228493920206  0.44921549588694748  0.45879206284982943  0.46844644550813680
  0.47815027130370008  0.48779396737755826  0.49743636151903403  0.50718477397895878
  0.51703812796367654  0.52690795087651221  0.53693223567277226  0.54699600468747367
  0.55711180978799690  0.56728322538837683  0.57757438148630347  0.58805905220303423
  0.59870804822338863  0.60950066491727439  0.62030703522869146  0.63102822682860238
  0.64189102796708386  0.65302203356245458  0.66431288384330478  0.67558260517531132
  0.68691952835419767  0.69847261282121309  0.71027038019465494  0.72228674840738116
  0.73461276899823025  0.74710185811261298  0.75979711879092748  0.77278576170607127
  0.78623293916120573  0.80009703368722662  0.81433051084864216  0.82892994404316034
  0.84403305885996560  0.85979799044001481  0.87636474659591979  0.89400886056756024
  0.91338461361452328  0.93537737663775378  0.96287659797012870  1.00000000000000000
 -0.02052507338181882  0.11326431940703058  0.16703605635169100  0.19885967586460335
  0.22278981591664948  0.24236951274240437  0.25965393355156025  0.27530528301583779
  0.28988005938065381  0.30376487683915021  0.31706295113500171  0.32981119930360930
  0.34215669089901546  0.35421336861914571  0.36605142169604182  0.37768162283840234
  0.38893714145226643  0.39989055980222910  0.41058035061167286  0.42109861616466265
  0.43138274008875133  0.44150679360051059  0.45144556819022502  0.46126864673006973
  0.47102935106950572  0.48056264757672129  0.49007755785023771  0.49942014382895383
  0.50864704543520034  0.51771700448601510  0.52662273988845232  0.53538348293077942
  0.54402098357432782  0.55259446636296083  0.56110882942517704  0.56970362394345275
  0.57816420197428597  0.58649337677412616  0.59463493493102548  0.60272812111519469
  0.61068712089709454  0.61866220203857936  0.62644107034659025  0.63392683914010917
  0.64124460078036682  0.64846895380229919  0.65562776247815013  0.66275463828989201
  0.66973231468621175  0.67651518302763769  0.68319720045503962  0.68983568947664808
  0.69643718180507441  0.70297575106921950  0.70936680979961408  0.71552263191437149
  0.72151252855494052  0.72746905949178464  0.73342499638940972  0.73938796861127065
  0.74528635184801617  0.75102521210906570  0.75663269793159382  0.76218284972230366
  0.76771501361922678  0.77322280637754348  0.77864934448898127  0.78396497514159214
  0.78924962459232539  0.79440044192472903  0.79946500915587915  0.80450813035761182
  0.80953143593657040  0.81450487496759916  0.81944812832927516  0.82440009126257485
  0.82933483377909878  0.83420346696603687  0.83902582826966388  0.84384252245340019
  0.84868531836423056  0.85356440858457583  0.85854973250500255  0.86366602919049462
  0.86879808661578994  0.87413199468137603  0.87967203884984446  0.88538743566611067
  0.89127572359308649  0.89766536654815332  0.90464729001920341  0.91235901361197791
  0.92142945030019985  0.93311905855616539  0.95241520429912996  1.00000000000000000
   7.1756613660802424E-002  -1.0000000000000000     
 T F F T F F F F F F F F T F F T F F F F F F F F F F F F F F F F
  <DiscreteSampler_grid>
  grouped_processes
  1 # 1 for a reference and 2 for a running grid.
  10 # Attribute 'min_bin_probing_points' of the grid.
  1 # Attribute 'grid_mode' of the grid. 1=='default',2=='initialization'
  0.0000000000000000 # Attribute 'small_contrib_threshold' of the grid.
  0.5000000000000000 # Attribute 'damping_power' of the grid.
 # binID   n_entries weight   weight_sqr   abs_weight
    10   10   3.511426976130303E+008   1.397733313588071E+017   3.511426976130303E+008
  </DiscreteSampler_grid>
