 -0.00145879671169547  0.00875414161379590  0.01396212192680275  0.01922077717003086
  0.02445183268701024  0.02993386103160630  0.03539828154010499  0.04112435164121520
  0.04706517250272368  0.05325814525755293  0.05967569556663360  0.06615980685456660
  0.07278628967595131  0.07975635679159489  0.08680038709529005  0.09405657251824003
  0.10131392186841910  0.10871381870022499  0.11630280648065595  0.12401337799341175
  0.13205983103230107  0.14021808808868325  0.14841142502573820  0.15683626093316022
  0.16534557385856230  0.17404307614275552  0.18311718668210938  0.19237588597495769
  0.20171215265699519  0.21129681872793266  0.22117583376104524  0.23113372641339475
  0.24103193016165089  0.25108390800659863  0.26144912768355638  0.27198820744755325
  0.28258153973163996  0.29333068635599829  0.30445439679115394  0.31579423194923734
  0.32720346789489335  0.33866735883675880  0.35024706870406264  0.36243236214847363
  0.37473567336934049  0.38710983650294367  0.39944064821236891  0.41185116736094241
  0.42427524527187532  0.43744536175057824  0.45050921943973465  0.46362211758728805
  0.47674304045575006  0.48989592499043866  0.50317358243293975  0.51677164780434226
  0.53029891085334735  0.54382286609261687  0.55741597209792970  0.57097701199221462
  0.58440165373443886  0.59784431480236744  0.61146258440816714  0.62495778761728105
  0.63829117096380139  0.65152093271338873  0.66464524656849100  0.67766472064768946
  0.69058360201816504  0.70342090232342014  0.71617328256302093  0.72881002297580755
  0.74128915430792264  0.75358527360771721  0.76574141695513465  0.77780952615122223
  0.78972289565755016  0.80153802877968261  0.81324943841692343  0.82478030816083125
  0.83604847717107700  0.84770861835202871  0.85931957903208278  0.87075343787409976
  0.88207104532190106  0.89329494852065328  0.90438665454148659  0.91531954678089356
  0.92604275398329650  0.93670930443469902  0.94709505275259276  0.95737735901451626
  0.96796483295205071  0.97859760872134560  0.98900270761214393  1.00000000000000000
 -0.00226817921952172  0.00940022768357507  0.01895932790817803  0.02942262429049178
  0.03972762587948463  0.05024141584808204  0.06085783045177616  0.07173186502017473
  0.08266285193890646  0.09311698537309701  0.10346398458711997  0.11423828343500393
  0.12494029734410644  0.13575297336544270  0.14640322116016188  0.15748438717543720
  0.16826172153075061  0.17856294809982062  0.18902589072979820  0.19974800329148742
  0.21021365862445721  0.22037800882854819  0.23054055902999221  0.24107928313335683
  0.25201364229973405  0.26261349071817669  0.27318359866479153  0.28374045991360414
  0.29404790129025266  0.30446316955421593  0.31472649983246781  0.32535385626350299
  0.33578328849524930  0.34628176181879855  0.35676010111793904  0.36750018526136946
  0.37795809937937030  0.38841004515792654  0.39878645577604144  0.40930288071226600
  0.41963707302095482  0.42989218053964540  0.44020905118909492  0.45054862012408492
  0.46077115279256059  0.47103814865410332  0.48145881166145804  0.49215245089007520
  0.50283581900787000  0.51358944501457726  0.52431160033184909  0.53519280581929440
  0.54613721957622030  0.55718835808918943  0.56821368413996542  0.57910858716585034
  0.58972084696456839  0.60020207854144458  0.61075958012326403  0.62124915380648038
  0.63162278974736197  0.64199078044957936  0.65259285676670076  0.66323685452249259
  0.67387249514932879  0.68453126566886480  0.69499559460000560  0.70582111199873987
  0.71649175507062501  0.72714988332417418  0.73756858124278524  0.74803756398559662
  0.75875340542640812  0.76934980071816905  0.77982087317416948  0.79028547301352492
  0.80097174090914713  0.81199695930208715  0.82298651660041688  0.83396083096965812
  0.84482287183099036  0.85550177672485628  0.86594806179661610  0.87636737752025928
  0.88681306731378051  0.89714278285463300  0.90735561383056751  0.91757937840251946
  0.92811849328412077  0.93866930898081558  0.94911599762704857  0.95941474520331360
  0.96948849769451650  0.97956436890835963  0.98961031475426853  1.00000000000000000
  0.00157793397336782  0.01403326680116639  0.02200022643742866  0.02964200471664963
  0.03750900571875005  0.04550066051577016  0.05348135728722356  0.06132649219459477
  0.06907536861717722  0.07691849847324229  0.08494745937314999  0.09312219241489025
  0.10128966956848430  0.10934474014772419  0.11732272685793496  0.12526243468711232
  0.13314675212352842  0.14100791107472135  0.14893714470071354  0.15694300190054741
  0.16504326774323322  0.17325976409492763  0.18152830518241175  0.18986219405766303
  0.19833398689214402  0.20685659643195944  0.21529383721695211  0.22363679377788476
  0.23194106897420430  0.24028704891862041  0.24864805847908472  0.25703638672578172
  0.26546295164110661  0.27396169763954964  0.28257245838258910  0.29119535640214039
  0.29977099099947074  0.30840622674501311  0.31708997071033129  0.32584428529434734
  0.33457152154852904  0.34334233429053451  0.35219960751528073  0.36114903093451606
  0.37012508722056914  0.37920858810761177  0.38833468616374883  0.39756796687204948
  0.40684161062701790  0.41618500784413004  0.42559119021570552  0.43500472050594535
  0.44444657831883805  0.45391706473570798  0.46340626473754248  0.47293358468720709
  0.48243365492530327  0.49210028800535127  0.50194712603818237  0.51192233893192618
  0.52189810294485173  0.53179666594687625  0.54175138564245440  0.55180486623280778
  0.56200038371220284  0.57222949371850929  0.58244908278561824  0.59248932012451849
  0.60258824860809490  0.61295949565611951  0.62356246011894623  0.63430744048965204
  0.64521085304360448  0.65622897127691904  0.66730231450532451  0.67838138625640332
  0.68954185370534760  0.70085373670180262  0.71246247695275011  0.72454612762720561
  0.73693174399713801  0.74938861557613801  0.76176635362720702  0.77435501734345946
  0.78744259070876088  0.80099257450525219  0.81514331407436791  0.82991043368121409
  0.84523769819431083  0.86107008441894695  0.87781659734688577  0.89579676836449396
  0.91523386468597345  0.93671854680176470  0.96321560400544859  1.00000000000000000
 -0.02030673797327099  0.11519370272433826  0.16880056251507475  0.19932187719149549
  0.22228206930350897  0.24186409376623580  0.25916382010406819  0.27492035703600737
  0.28972423703106598  0.30382401289904243  0.31734127219963959  0.33044109432865376
  0.34315344836706629  0.35541050061235407  0.36725753421312629  0.37859718114097352
  0.38953596768829979  0.40028424009132813  0.41100758436373552  0.42141769638040216
  0.43166715475715112  0.44172297019217299  0.45187364593259477  0.46175324300097687
  0.47140971565449163  0.48079785077912351  0.49001289388141361  0.49928066518073216
  0.50839099147806610  0.51754029683619651  0.52648717671423406  0.53533471003706723
  0.54395106458204212  0.55247516228820337  0.56090490302390306  0.56913692698956342
  0.57727201993737076  0.58533547408124409  0.59332558549856629  0.60119622500696634
  0.60897665179775107  0.61668482295380700  0.62437152276654606  0.63196048635341684
  0.63945609285080729  0.64671092656302265  0.65385647566238825  0.66093198566012568
  0.66796742999235814  0.67489841436228604  0.68172498096269007  0.68842702448999848
  0.69501221768878718  0.70151945088094525  0.70797600667637406  0.71430071829599784
  0.72049806268628869  0.72659885656839618  0.73259007211513971  0.73852649546510074
  0.74435483122706669  0.75006133371277717  0.75569083547789495  0.76126052781857667
  0.76682981304077813  0.77230973754726229  0.77761687829099602  0.78287989159548366
  0.78810597206500299  0.79325598840796629  0.79827922773874316  0.80328202154604356
  0.80826957571128333  0.81319651917881597  0.81808721491909719  0.82298102472332324
  0.82787765123690560  0.83278087103495591  0.83770420916600552  0.84262065435355737
  0.84750586645717063  0.85239625375094230  0.85736805558238061  0.86246381149352536
  0.86765606139804208  0.87298434886598453  0.87852091173968905  0.88424925940613153
  0.89017201204886853  0.89659563790870589  0.90372152878289358  0.91159616182656089
  0.92086988529518998  0.93287953355272046  0.95311953498249036  1.00000000000000000
   7.1624006568958717E-002  -1.0000000000000000     
 T F F T F F F F F F F F T F F T F F F F F F F F F F F F F F F F
  <DiscreteSampler_grid>
  grouped_processes
  1 # 1 for a reference and 2 for a running grid.
  10 # Attribute 'min_bin_probing_points' of the grid.
  1 # Attribute 'grid_mode' of the grid. 1=='default',2=='initialization'
  0.0000000000000000 # Attribute 'small_contrib_threshold' of the grid.
  0.5000000000000000 # Attribute 'damping_power' of the grid.
 # binID   n_entries weight   weight_sqr   abs_weight
    10   10   3.000010941492465E+008   9.261711611095246E+016   3.000010941492465E+008
  </DiscreteSampler_grid>
