  0.00000237521923551  0.00000238548319261  0.00000239874102881  0.00000241265070642
  0.00000242802353927  0.00000244509060338  0.00000246279764535  0.00000248226989256
  0.00000250745906008  0.00000253491731730  0.00000256363288298  0.00000259314232100
  0.00000262363654815  0.00000265508076019  0.00000268699906725  0.00000272024844242
  0.00000275474004317  0.00000279322274710  0.00000283424103339  0.00000287617274663
  0.00000291895706147  0.00000296330191855  0.00000300843381372  0.00000305460511745
  0.00000310160591616  0.00000315052147805  0.00000320337452790  0.00000326004675579
  0.00000332507785435  0.00000339041167466  0.00000345689813382  0.00000352514146711
  0.00000359481443397  0.00000366396520343  0.00000374623581099  0.00000383389645679
  0.00000392664230497  0.00000402267405341  0.00000411997629281  0.00000421863641695
  0.00000432519791229  0.00000443979618015  0.00000456145517984  0.00000468786631483
  0.00000481719722242  0.00000495011092233  0.00000509202373347  0.00000525334132658
  0.00000541867666849  0.00000558757109930  0.00000576656035903  0.00000596021001435
  0.00000616764155281  0.00000638480036874  0.00000661083979951  0.00000685314114609
  0.00000711920970344  0.00000740327592331  0.00000769373338162  0.00000800285969441
  0.00000835642637804  0.00000872464072804  0.00000912434373683  0.00000956559203221
  0.00001003860973421  0.00001054082646011  0.00001110354561587  0.00001171010415369
  0.00001235365470516  0.00001308725235593  0.00001388131816805  0.00001476947861494
  0.00001575872578749  0.00001685475264463  0.00001807424600648  0.00001938764574693
  0.00002087157351699  0.00002256937764426  0.00002461990457286  0.00002694556831441
  0.00002967277701313  0.00003287403129254  0.00003649797099635  0.00004090776929028
  0.00004646822063231  0.00005334856428173  0.00006221842324809  0.00007399817394038
  0.00008966255955264  0.00011227584597777  0.00014319367021678  0.00018643735680809
  0.00025434055217392  0.00037763388777857  0.00944634531700400  1.00000000000000000
 -0.00255143108276809  0.00988548744070339  0.01989563994164331  0.03052586979770586
  0.04092988919722990  0.05147971304534547  0.06193999547616003  0.07238743927482548
  0.08286512114088551  0.09327442660403094  0.10369454295182921  0.11441479452589164
  0.12533104755212293  0.13633922199189746  0.14703067242307055  0.15753639745485465
  0.16795611047468323  0.17839423691670619  0.18858780558597499  0.19871654421792107
  0.20878777400377715  0.21912557585931344  0.22946454214931075  0.23962578094462633
  0.24984992092081532  0.26016800512492633  0.27061890451381643  0.28092543353753313
  0.29120525411033610  0.30141709505771008  0.31171201591015602  0.32218301827019885
  0.33277548789703942  0.34333453034214328  0.35375686794249328  0.36432930571755584
  0.37507835064401018  0.38573493665987846  0.39621641329447044  0.40674756492696851
  0.41734720654172530  0.42791188923356038  0.43842071883967948  0.44880114306951202
  0.45926715359351383  0.46981417049065205  0.48025646914339770  0.49051322188979607
  0.50100668751035704  0.51176284532959093  0.52255931787360155  0.53302401626588181
  0.54332664634892458  0.55407502160529942  0.56480652783098984  0.57523473364926181
  0.58570704612623492  0.59563783181193819  0.60567469416777442  0.61575680879629202
  0.62592166229164270  0.63645401777683153  0.64713008989908816  0.65811330174374971
  0.66902520184759184  0.67973265067061917  0.69058259894178486  0.70144654831498654
  0.71242682841717164  0.72330398769122350  0.73387892066139915  0.74417224571918261
  0.75445534996744268  0.76514220994808724  0.77576494222995973  0.78620917010238467
  0.79648249562087159  0.80688651716302040  0.81718383113375825  0.82731546313047755
  0.83782348044049282  0.84867296190097419  0.85966206598884876  0.87032085810395332
  0.88102230824334948  0.89178336298160310  0.90283672312997287  0.91393283874487963
  0.92483159782882929  0.93569779926678731  0.94649442629835645  0.95735919979681339
  0.96799539859920136  0.97878031958860301  0.98936967116533425  1.00000000000000000
 -0.00175835403155510  0.01412732585419479  0.02903874887523552  0.04460714955886601
  0.05980099346375788  0.07497531933373801  0.09001058002859151  0.10473488958525014
  0.11940082886616543  0.13387358999752685  0.14812213907937871  0.16231641690559531
  0.17682999090970308  0.19150622001212911  0.20593628956752902  0.22007550473655654
  0.23399014354846770  0.24759050734034788  0.26104312024347731  0.27429200868436932
  0.28746592204228527  0.30071602410612785  0.31400892977184153  0.32732278340038179
  0.34051252195336063  0.35352315179537125  0.36641442238278898  0.37914979039775454
  0.39170614802294917  0.40412372203006747  0.41631938024365556  0.42831781069121755
  0.44033216972728506  0.45248484770810826  0.46459497861602994  0.47667522451041894
  0.48861212485107325  0.50033780891069024  0.51163347516888824  0.52278452993935531
  0.53392592367948999  0.54522338519035551  0.55644538661826715  0.56745564294284490
  0.57821137892866925  0.58886646437639800  0.59945538207897453  0.61005923919972926
  0.62070673441193713  0.63127660987548717  0.64188172168182578  0.65252013424970534
  0.66329271903910281  0.67388753966545556  0.68432087408793207  0.69444047492752048
  0.70444131624087358  0.71416735080948845  0.72373520967270766  0.73324919480807416
  0.74257632350723457  0.75169398126032827  0.76065805372569706  0.76962945016656303
  0.77877657151423207  0.78785724312862704  0.79679356742529717  0.80571862430220742
  0.81458393896537895  0.82345042464330143  0.83208007043899812  0.84038879436398140
  0.84857247929354906  0.85659482716595114  0.86440130271374005  0.87202484717677498
  0.87946209935141351  0.88676365485680242  0.89401914245931824  0.90123569544346138
  0.90842164012057824  0.91561771935878178  0.92246277091285678  0.92897351756707314
  0.93520050846343705  0.94117984010463185  0.94699774066450659  0.95286763391714924
  0.95880990078599160  0.96489015177542459  0.97082398593297270  0.97665284725427026
  0.98243792255211149  0.98821342219537223  0.99406012610904748  1.00000000000000000
 -0.01434853072956001  0.10174080876309444  0.13959825771891324  0.16337471412507390
  0.18231988491460754  0.19868198110664087  0.21298255253349690  0.22572954234358761
  0.23742278286016993  0.24844326379721360  0.25881414679608755  0.26847688192758934
  0.27735069195748357  0.28574593068752774  0.29378430122675875  0.30155414913688566
  0.30920460893837426  0.31659038556026947  0.32374801383786095  0.33078813233577731
  0.33764758755862367  0.34423857555747583  0.35059225595024862  0.35681994839018044
  0.36310144492167806  0.36943025381634276  0.37571833989851194  0.38195479102659052
  0.38807984770911602  0.39412036745379025  0.40008722714579714  0.40588051953334303
  0.41165717684514946  0.41719847193700549  0.42257484536959716  0.42797783084637614
  0.43343676211210175  0.43895672249924761  0.44450740725709320  0.45002066281511827
  0.45552594372206040  0.46117134512021124  0.46688690356285190  0.47262245608121217
  0.47841907568503977  0.48426029403125581  0.49008912418279987  0.49580332477098776
  0.50141170390982071  0.50702933619450619  0.51260650085850312  0.51820629218007508
  0.52382382689766727  0.52949076470614886  0.53517784834384829  0.54082778140821997
  0.54642062621570087  0.55200607232766497  0.55765672495045759  0.56334228980704970
  0.56901686237658800  0.57476612574855801  0.58060345741311925  0.58665115839922810
  0.59272377644088647  0.59873822681332278  0.60482777486289696  0.61100379065049726
  0.61726510564313974  0.62361200534795491  0.62999818287776055  0.63635816947646817
  0.64271456639202029  0.64917926100695711  0.65581547954419217  0.66259760468455142
  0.66958674219995584  0.67684604211285726  0.68420758671726001  0.69161948036318965
  0.69914481084058611  0.70687636910390272  0.71495221073596149  0.72356356716156722
  0.73253835059328920  0.74187903554628987  0.75165879000728386  0.76227806890066774
  0.77366799404389064  0.78602881906855149  0.79983221370366031  0.81537640620492613
  0.83365408469743452  0.85820070559560502  0.89693748597160650  1.00000000000000000
   2440.2542490915343       -1.0000000000000000     
 T F F F F T T F F T T F F F F T F F F F F F F F F F F F F F F F
  <DiscreteSampler_grid>
  grouped_processes
  1 # 1 for a reference and 2 for a running grid.
  10 # Attribute 'min_bin_probing_points' of the grid.
  1 # Attribute 'grid_mode' of the grid. 1=='default',2=='initialization'
  0.0000000000000000 # Attribute 'small_contrib_threshold' of the grid.
  0.5000000000000000 # Attribute 'damping_power' of the grid.
 # binID   n_entries weight   weight_sqr   abs_weight
    10   10   2.545815658675239E+011   2.094339714311199E+023   2.545815658675239E+011
    16   10   2.546399252950789E+011   2.094505085456734E+023   2.546399252950789E+011
  </DiscreteSampler_grid>
