  0.00000237685254138  0.00000239814304591  0.00000241783327476  0.00000243744301116
  0.00000245667885533  0.00000247643091559  0.00000249959122191  0.00000252514667574
  0.00000255213777744  0.00000258006152253  0.00000260894554954  0.00000263894928935
  0.00000266923896977  0.00000270007484697  0.00000273282197280  0.00000276797916052
  0.00000280483270679  0.00000284633863983  0.00000288838553100  0.00000293105390819
  0.00000297505127975  0.00000302065962250  0.00000306692323588  0.00000311477420684
  0.00000316158539799  0.00000321637562576  0.00000327600847570  0.00000333732431394
  0.00000339943965489  0.00000346395272613  0.00000353039759822  0.00000359849375788
  0.00000366873321064  0.00000374513487499  0.00000382951094983  0.00000391801421935
  0.00000400820428684  0.00000410141275432  0.00000419656614567  0.00000429642741608
  0.00000440591595144  0.00000452530620758  0.00000464867080017  0.00000477435272350
  0.00000490383064446  0.00000503949778517  0.00000519639056767  0.00000536288727243
  0.00000553092701739  0.00000570301807126  0.00000588627296015  0.00000609107132925
  0.00000630137358153  0.00000651878608486  0.00000675093342983  0.00000700164470488
  0.00000727229509164  0.00000755155098613  0.00000784962275977  0.00000817739569791
  0.00000852746580138  0.00000889517298982  0.00000929270533522  0.00000973635714447
  0.00001021090618895  0.00001071491984726  0.00001130351540311  0.00001192377815095
  0.00001259882293210  0.00001334533040800  0.00001414490022430  0.00001502340205975
  0.00001600157554180  0.00001708191474289  0.00001830742148552  0.00001966088530895
  0.00002118663535710  0.00002290937048588  0.00002497017876654  0.00002731389876252
  0.00002999843792268  0.00003308613062365  0.00003678805977152  0.00004118216790835
  0.00004658872217018  0.00005308602729028  0.00006127393666753  0.00007257792349772
  0.00008824531304897  0.00011060498235838  0.00014256931531187  0.00018807425448367
  0.00025284250761402  0.00038656862953388  0.00263760819868986  1.00000000000000000
 -0.00238799121538646  0.00997412432837365  0.02067773879398033  0.03170899224231540
  0.04270647736067899  0.05328494928873849  0.06351980058698734  0.07365639956386393
  0.08389603646997586  0.09440132883232524  0.10511061919954799  0.11588769747621437
  0.12650729214649847  0.13675968620628826  0.14687936012790864  0.15699513814088700
  0.16708421875859242  0.17724475460495684  0.18758107371734417  0.19837394864144145
  0.20935448202629867  0.21991006007156763  0.23076656676266766  0.24171825103835912
  0.25281775252447486  0.26367997116921515  0.27463944471221663  0.28535842495461777
  0.29617189534055016  0.30697233206505609  0.31785097174019200  0.32872559236565202
  0.33952505565917762  0.35050939736950637  0.36130485609845320  0.37211451439031884
  0.38280634673433322  0.39352163797643158  0.40445723418292218  0.41522088003533386
  0.42584082348214863  0.43617744990914487  0.44629713704383711  0.45626808019861703
  0.46636833583362847  0.47654445698072972  0.48652019527924806  0.49640128716702137
  0.50654994707943801  0.51708504232268215  0.52749368930420082  0.53787791133661889
  0.54830289547669553  0.55887989501868762  0.56924580907565081  0.57966647203406341
  0.59027776343814375  0.60121737559006794  0.61180744692879485  0.62228490458885177
  0.63254284387823689  0.64268829290895113  0.65284763243345412  0.66276502873213383
  0.67290706442420745  0.68322086222661360  0.69380801627230426  0.70467387598200759
  0.71536955376469491  0.72621222678561226  0.73680864509367461  0.74748265292505689
  0.75806460347832394  0.76887378978802701  0.77933865177526229  0.78987437507343250
  0.80029193994799852  0.81085481957944106  0.82132097252101643  0.83152291522595156
  0.84196814197229086  0.85215372002657375  0.86272175889911185  0.87329963620921158
  0.88391115158838152  0.89465161372279567  0.90503587702533239  0.91545244883967536
  0.92569591138834251  0.93607499449131648  0.94638592536272459  0.95652393655546486
  0.96719196978309507  0.97806994637206768  0.98913665706634224  1.00000000000000000
  0.00141730971019608  0.01467904633409238  0.02873308091136886  0.04338843821957980
  0.05814520463880544  0.07295917888679494  0.08768341903282643  0.10228027058081121
  0.11678813691790325  0.13130397329047816  0.14571633956206967  0.16016309945139967
  0.17458666704135789  0.18886154571212010  0.20288805116371397  0.21692970345283966
  0.23069132540959331  0.24410549947686155  0.25752639625817608  0.27109517893222129
  0.28471326349323345  0.29821877860579710  0.31146302058187947  0.32454665627098317
  0.33750145854226549  0.35042388835277044  0.36332626983234451  0.37598320187097767
  0.38835909503602190  0.40059855595859939  0.41319825153169454  0.42561531495179927
  0.43775332778618914  0.44971846150371425  0.46163632822843098  0.47347854851757043
  0.48523827174350542  0.49690289239094249  0.50838985383798818  0.51972362035839970
  0.53094104255468044  0.54204951576616123  0.55307784804961191  0.56420125114166575
  0.57532565649941547  0.58628505506651518  0.59690127696648543  0.60743295055944402
  0.61806318211111344  0.62890336206275987  0.63972842518865269  0.65025937097541764
  0.66066367471595078  0.67074191299037433  0.68060105122531578  0.69027695918966991
  0.69976531430507927  0.70904438068584197  0.71810638878260558  0.72716591667493569
  0.73645356957672703  0.74576235725871898  0.75512485679623020  0.76446850697585622
  0.77372881477514033  0.78295455848154427  0.79212033334455922  0.80122935652686056
  0.81031841999787191  0.81929742481309320  0.82809347525806798  0.83677325280347659
  0.84529554352771352  0.85368461182495947  0.86169663968921739  0.86943301044609445
  0.87699983695397488  0.88440047085731532  0.89169445076976317  0.89889844004382602
  0.90600012604206426  0.91307248599016688  0.92004216783822834  0.92700481779742261
  0.93391445308765841  0.94062765352770272  0.94719907982412410  0.95350300841864399
  0.95966574498359791  0.96567873899809220  0.97147255065426186  0.97718814083251337
  0.98288229199645882  0.98858175812088223  0.99429558741343593  1.00000000000000000
 -0.00818661426909813  0.10242319685405823  0.14093137444548950  0.16437466980995549
  0.18292664205967726  0.19859222510242400  0.21246626436807350  0.22516260485539596
  0.23684871563801016  0.24765306098826759  0.25764590889802341  0.26707357567858525
  0.27587117765225089  0.28422349657623630  0.29225768089418791  0.30001024114363772
  0.30772497451700781  0.31531747926506032  0.32283281808648945  0.33007360989548135
  0.33719165967924203  0.34421745600804371  0.35118035608446557  0.35801621005718864
  0.36473043830547275  0.37135096105886367  0.37779162611070150  0.38402363461679884
  0.39020525247005639  0.39638460064400638  0.40242331771321133  0.40841182589180164
  0.41420964836451363  0.41997656919491061  0.42569035770178221  0.43144553211952258
  0.43700816516395008  0.44233171169935470  0.44754208248324234  0.45275933332105062
  0.45806937502843204  0.46344334976013540  0.46880459967385751  0.47413516552068791
  0.47945930049769969  0.48479315189675415  0.49010542445531413  0.49537248323455962
  0.50066751876727456  0.50613259887139483  0.51157089897460784  0.51700010740839897
  0.52235749430531597  0.52776205036661406  0.53321176251946922  0.53874479517338214
  0.54434158884188810  0.55008317245670568  0.55592984704476611  0.56182555842123794
  0.56779404718372450  0.57379139740080154  0.57979063941527553  0.58589238764907858
  0.59202792610844190  0.59801330839071931  0.60407808785290662  0.61016090509101073
  0.61636130659623134  0.62272700958100469  0.62916741386597430  0.63561831134170232
  0.64204934870183639  0.64839691750101514  0.65474678650580387  0.66124344626049947
  0.66808407670752490  0.67516493960358226  0.68234353554096550  0.68959693022119273
  0.69711093127424650  0.70479267263131617  0.71302673216203283  0.72186909698965951
  0.73099806706435400  0.74061033904427931  0.75064707996349933  0.76141796457977740
  0.77292573602587589  0.78548856728091243  0.79939603655516223  0.81527049839707699
  0.83396826774334121  0.85808716183855149  0.89650476035691051  1.00000000000000000
   2243.9708601892380       -1.0000000000000000     
 T F F F F T T F F T T F F F F T F F F F F F F F F F F F F F F F
  <DiscreteSampler_grid>
  grouped_processes
  1 # 1 for a reference and 2 for a running grid.
  10 # Attribute 'min_bin_probing_points' of the grid.
  1 # Attribute 'grid_mode' of the grid. 1=='default',2=='initialization'
  0.0000000000000000 # Attribute 'small_contrib_threshold' of the grid.
  0.5000000000000000 # Attribute 'damping_power' of the grid.
 # binID   n_entries weight   weight_sqr   abs_weight
    10   10   4.207597131133382E+010   5.068559441856457E+021   4.207597131133382E+010
    16   10   4.212562826387809E+010   5.074060816921036E+021   4.212562826387809E+010
  </DiscreteSampler_grid>
