  0.00000237283127773  0.00000248786515509  0.00000255931888486  0.00000261441048974
  0.00000267354001843  0.00000273430320141  0.00000280090569716  0.00000287033010057
  0.00000294183644640  0.00000301466512520  0.00000308817030068  0.00000316221865545
  0.00000324518429431  0.00000333505103012  0.00000342682666246  0.00000352099044120
  0.00000361741453949  0.00000372076994666  0.00000383399486605  0.00000395621564320
  0.00000408073273414  0.00000420715216976  0.00000434215814849  0.00000448914837805
  0.00000464375330331  0.00000480056023874  0.00000496257612875  0.00000513921107945
  0.00000533081624503  0.00000552817719474  0.00000572774722883  0.00000595013692547
  0.00000618943389175  0.00000643328642840  0.00000668250918328  0.00000695879301199
  0.00000725700065116  0.00000756657055237  0.00000788940417599  0.00000824236453196
  0.00000861639502679  0.00000900229021025  0.00000941838791924  0.00000986334191664
  0.00001032696785976  0.00001082355214596  0.00001137840051526  0.00001194317933473
  0.00001254060616685  0.00001318566320670  0.00001387241781369  0.00001460431539053
  0.00001542568835752  0.00001628075045233  0.00001720925858561  0.00001820984068732
  0.00001925979310817  0.00002040879491046  0.00002166818778437  0.00002302049985434
  0.00002449130920885  0.00002601751612027  0.00002766850243325  0.00002945921279327
  0.00003141751695159  0.00003356214079539  0.00003584428872680  0.00003849188737538
  0.00004124189332472  0.00004434814158150  0.00004771550495307  0.00005154191807727
  0.00005577286344805  0.00006058445711128  0.00006601425433890  0.00007196063833963
  0.00007869231651948  0.00008629164279371  0.00009541621301256  0.00010539859925778
  0.00011608783278502  0.00012934825616990  0.00014626734692287  0.00016510542768389
  0.00018568510062904  0.00020868579771715  0.00023520091173687  0.00026714324634719
  0.00031349117143204  0.00039500123596100  0.00048051366299733  0.00071122509340041
  0.00086039642731995  0.00131995986879699  0.00299150628046792  1.00000000000000000
 -0.00221092681833378  0.00925314526141149  0.01909722081466272  0.02953640950111837
  0.04023901636302961  0.05088016739967514  0.06136500318652611  0.07196258234434434
  0.08263817299050612  0.09349778127824634  0.10435120604309092  0.11526909830405548
  0.12602105221834786  0.13655894545595801  0.14718525849064770  0.15776483648159628
  0.16833226307549137  0.17856029296853063  0.18885529218298461  0.19923681410564326
  0.20973904582836089  0.22028592646090320  0.23076777418622429  0.24141862241444340
  0.25216558184097593  0.26300293601101243  0.27374819173854847  0.28424847112732338
  0.29476651564970990  0.30525802224259896  0.31569787467364496  0.32611508183705457
  0.33651753742744966  0.34705876566976424  0.35747756558874111  0.36783373145372278
  0.37830796899781632  0.38882809568710830  0.39928041794047336  0.40969138842682645
  0.42024621588820554  0.43071263087187656  0.44097439935508725  0.45115484146717649
  0.46157789702627405  0.47214194710378082  0.48286764952149713  0.49361791751446127
  0.50457217119980946  0.51541851711529951  0.52607461818952528  0.53669083559798536
  0.54730694584399997  0.55809037916254278  0.56864914286025581  0.57916322606693604
  0.58976384953864258  0.60010619999901116  0.61043957999866172  0.62070906489920485
  0.63086268608144724  0.64102539781016699  0.65109776842048162  0.66152386711918987
  0.67206140672765813  0.68259295775774198  0.69299541820736643  0.70344361914960607
  0.71381883297769422  0.72436139349075090  0.73482161006789770  0.74542083499494094
  0.75587386654262911  0.76651975222458635  0.77713305451063464  0.78786859529450470
  0.79826183616242175  0.80871594669416913  0.81925831022175544  0.82995169296345028
  0.84055064927064882  0.85096398666649264  0.86151280583753354  0.87194853260828309
  0.88245864772813909  0.89281014934460246  0.90343391198522505  0.91391579596048733
  0.92465858121153521  0.93540667582582282  0.94641171567043969  0.95741125904699209
  0.96825127743835115  0.97909861923573349  0.98954397645318126  1.00000000000000000
 -0.00081459076716583  0.01366802411068877  0.02747440287329484  0.04127129084762303
  0.05494599355324253  0.06872565553253984  0.08267625297892821  0.09645950633544764
  0.11013381166940503  0.12368389538762443  0.13700694650738915  0.15027836099281344
  0.16348066037571543  0.17658482907856915  0.18956488019765849  0.20242840824358740
  0.21506652991001560  0.22771934604055813  0.24035428115464225  0.25288082553948243
  0.26505416033148194  0.27702104222131052  0.28889243729832320  0.30077643332136828
  0.31256103367671290  0.32407709131800327  0.33550027123269816  0.34693345411272697
  0.35855349299392608  0.37020784996601541  0.38171749999330890  0.39307560214630877
  0.40429651170995751  0.41540646237553641  0.42634167018811647  0.43717651956819437
  0.44792424401876535  0.45861688472506595  0.46915582543614121  0.47967200673653398
  0.49021346976628649  0.50075275509014550  0.51112943239415043  0.52144656842347403
  0.53176365957324334  0.54203266543944439  0.55229120259824016  0.56254473271836170
  0.57266837065237353  0.58262936101360652  0.59240814599011660  0.60204910358403307
  0.61169646290958557  0.62129531375358293  0.63099882926128981  0.64067607190192444
  0.65019002695302008  0.65954147884026892  0.66868312104974514  0.67763351578338471
  0.68656129052104975  0.69556797407082704  0.70469638455420169  0.71385816738572394
  0.72290343594693429  0.73182725932577486  0.74070946621988765  0.74962302689045535
  0.75845799268044356  0.76714076930558694  0.77571469261217019  0.78420303362063226
  0.79283612573174400  0.80155431926618648  0.81022463826189939  0.81879709962142921
  0.82736106790428798  0.83571001898646613  0.84424145779848292  0.85273365380751032
  0.86127852099234226  0.86981556723164011  0.87841391191397178  0.88702632121039104
  0.89556799171685608  0.90404337512705402  0.91248206913933905  0.92098399660714458
  0.92970347563970368  0.93849298595768760  0.94748996936607366  0.95651765483941520
  0.96607335238668135  0.97607694162474212  0.98748953013052176  1.00000000000000000
 -0.00969748824059964  0.09537227454930597  0.14999606808139410  0.18183178621237281
  0.20633233723453676  0.22710226182135990  0.24488420355107654  0.26116128814474415
  0.27622429823889944  0.29049344721583259  0.30405413409179677  0.31706000881425211
  0.32962980098854761  0.34166738198673818  0.35337929858365719  0.36472811342502121
  0.37592668662003770  0.38671546436488152  0.39737970067941603  0.40778327673955223
  0.41800523308852927  0.42805213725914254  0.43802397933411408  0.44785070339148592
  0.45754246390139997  0.46706567025495799  0.47659867918720045  0.48594014414796083
  0.49512811194682871  0.50409349357685784  0.51290798524184533  0.52171493013972203
  0.53041451640625525  0.53909198478874398  0.54770828471103272  0.55628642992872590
  0.56479866578821014  0.57314776830850267  0.58135735639319963  0.58934524869947891
  0.59719478590216601  0.60495800097406860  0.61256023879669941  0.62022913412185032
  0.62786495692053002  0.63535479118577287  0.64275214192233432  0.64993086137179357
  0.65700390172385259  0.66405104410064120  0.67102902979629442  0.67793554367017272
  0.68476566532762206  0.69144699827214950  0.69797948865735315  0.70445546306830509
  0.71084995460470957  0.71714616290968070  0.72334399846295050  0.72944597260414434
  0.73539037264779050  0.74123714800550511  0.74703320821593489  0.75271140024442595
  0.75833206491707406  0.76390679052782762  0.76942205483588499  0.77484162309967464
  0.78014856219500117  0.78539959059768660  0.79058807888624094  0.79578786759603914
  0.80093934107108644  0.80611324052350364  0.81129317983860672  0.81648441719522258
  0.82168310318959614  0.82688923060061381  0.83212283613717863  0.83737950613073608
  0.84261819674475147  0.84786736414113129  0.85319852948087938  0.85866836819963788
  0.86434499376716856  0.87015062511249808  0.87619486634999844  0.88248225763687260
  0.88896598578815467  0.89585947376839981  0.90352057279720166  0.91215252328102581
  0.92232627551746826  0.93568654220378134  0.95664559515761638  1.00000000000000000
  0.43247784518395943       -1.0000000000000000     
 F T T F F F F F F F F F F T T F F F F F F F F F F F F F F F F F
  <DiscreteSampler_grid>
  grouped_processes
  1 # 1 for a reference and 2 for a running grid.
  10 # Attribute 'min_bin_probing_points' of the grid.
  1 # Attribute 'grid_mode' of the grid. 1=='default',2=='initialization'
  0.0000000000000000 # Attribute 'small_contrib_threshold' of the grid.
  0.5000000000000000 # Attribute 'damping_power' of the grid.
 # binID   n_entries weight   weight_sqr   abs_weight
    10   10   7.501020642215971E+009   2.551754122047746E+020   7.501020642215971E+009
    16   10   7.518943537850171E+009   2.554323443473076E+020   7.518943537850171E+009
  </DiscreteSampler_grid>
