  0.00000238125303753  0.00000243269773703  0.00000246876479692  0.00000248975660684
  0.00000251429140590  0.00000254022649223  0.00000256661354278  0.00000259372646441
  0.00000262154899856  0.00000265029635828  0.00000268037596758  0.00000271172289598
  0.00000274500322847  0.00000278496164633  0.00000282570581243  0.00000286766011149
  0.00000291092627835  0.00000295544260475  0.00000300112118152  0.00000304886095995
  0.00000309760817830  0.00000314832166980  0.00000320030982778  0.00000325919498098
  0.00000332409786053  0.00000338863629269  0.00000345367960358  0.00000352211458004
  0.00000359148706632  0.00000366307499179  0.00000374178126389  0.00000382933356852
  0.00000392156518806  0.00000401652311750  0.00000411402335244  0.00000421239206703
  0.00000432068220087  0.00000443807545326  0.00000456177722325  0.00000469037414802
  0.00000482258880932  0.00000496124225979  0.00000510249823392  0.00000526056178882
  0.00000542405598992  0.00000559290471542  0.00000577065605980  0.00000596644678375
  0.00000618320193167  0.00000640299975213  0.00000663020397862  0.00000688106878633
  0.00000716025642620  0.00000744484913934  0.00000773488550911  0.00000807073696220
  0.00000844004214463  0.00000882474799006  0.00000923126692781  0.00000967415983798
  0.00001014419119226  0.00001065377399613  0.00001124241023089  0.00001187322588459
  0.00001253711826440  0.00001325011551834  0.00001401122754353  0.00001486692665613
  0.00001583119590751  0.00001691274354319  0.00001814485639457  0.00001948226177978
  0.00002096650745144  0.00002258925241449  0.00002448364274446  0.00002667080735291
  0.00002911374338697  0.00003189045810091  0.00003511630218407  0.00003896048522687
  0.00004336108364027  0.00004868786439350  0.00005527065934125  0.00006356283902296
  0.00007427152053502  0.00008807379584895  0.00010415573931586  0.00012428092266959
  0.00015412691689068  0.00019469219627656  0.00025539933173752  0.00037572353201642
  0.00058643553222063  0.00086108212626648  0.01668987214093496  1.00000000000000000
 -0.00247260140447286  0.00975136893425540  0.02017802059043491  0.03090127454417538
  0.04196825835009019  0.05349394565341281  0.06479424283854429  0.07508879081653372
  0.08534909055553866  0.09595207716853710  0.10648336720451033  0.11702725792351701
  0.12814266018566156  0.13972260340881831  0.15078232222363730  0.16125513935050789
  0.17175911352823994  0.18247474361132501  0.19328672353903850  0.20395841699942821
  0.21476397418340989  0.22578742458904047  0.23671087775067093  0.24719296942856783
  0.25735249254387371  0.26760086231463637  0.27785585828555570  0.28799411254584117
  0.29802918194539746  0.30793606708787530  0.31799429030540494  0.32836269383585198
  0.33908908324081088  0.34976578350267840  0.36008162760704671  0.37006886003960743
  0.38035192984746791  0.39052884449754843  0.40099107077977542  0.41138617356653806
  0.42203832726751939  0.43280163297611435  0.44323554884618610  0.45401875387225504
  0.46488812185697120  0.47595200593384857  0.48647388754553866  0.49712112207467046
  0.50709164406166973  0.51689607409686833  0.52697602211425654  0.53748357698276283
  0.54802060099278582  0.55825210333847997  0.56879929052255784  0.57976135088797953
  0.59005103153667648  0.60008295864153538  0.61001744700418503  0.61981624961298465
  0.62965975395064488  0.63984993314845529  0.65040222930082869  0.66079395193933055
  0.67129651262788526  0.68208238827849343  0.69269251123411146  0.70255055311075743
  0.71202889517016155  0.72108459051387730  0.73016030038112012  0.73945193358526273
  0.74902977101188495  0.75919073120208180  0.76946568841214114  0.77945470929443084
  0.78964781754972557  0.80057290326182573  0.81199766086186587  0.82320715765861019
  0.83387419487261039  0.84448083917832484  0.85530328813297873  0.86670111507527414
  0.87815535162572211  0.88921723172718081  0.90014924888751657  0.91151401665115905
  0.92278870874594787  0.93410102150593322  0.94546969618811250  0.95703338248683678
  0.96849412503937915  0.97949724804553762  0.98976581143010456  1.00000000000000000
  0.00298226939988333  0.02234413696285240  0.04291469403688589  0.06284937701347799
  0.08244820280237673  0.10223404435824895  0.12221076862184356  0.14201379415286075
  0.16117898841939066  0.18013136393496321  0.19873750324336972  0.21701900854406930
  0.23505247242518298  0.25256471901303562  0.26963294295072737  0.28631141515850556
  0.30245856995817655  0.31823329683790885  0.33401802060850810  0.34981680096159645
  0.36572433292110884  0.38144545279127234  0.39662675200922182  0.41161327634565542
  0.42613392096922131  0.44022661796770929  0.45421321755192429  0.46797385364332561
  0.48158019682402187  0.49503009484774668  0.50821997560511167  0.52111885232253474
  0.53379494736428512  0.54640439446999367  0.55891728459313972  0.57134786361506384
  0.58363572508199590  0.59596950558512685  0.60803035451616783  0.61982841095253061
  0.63158665770980293  0.64329427614103385  0.65487355005515990  0.66623066937389297
  0.67716774639309085  0.68774100996942811  0.69808582710253730  0.70827831301351074
  0.71838509721467592  0.72835321318401114  0.73813082097569394  0.74766207321293865
  0.75687667351670651  0.76589868929620397  0.77470739128929000  0.78330082332583328
  0.79182275095525856  0.80022426093948029  0.80845766420516063  0.81653266088783760
  0.82468797349316536  0.83270962267729265  0.84045740385848478  0.84811237219758606
  0.85564961452166433  0.86291306962497460  0.87000347199893524  0.87694456883437433
  0.88344988491447907  0.88988596467421965  0.89620026456000235  0.90220932492987049
  0.90810074169370347  0.91376836884583934  0.91920923539453436  0.92449466589919360
  0.92970033960416154  0.93487704270027694  0.93992023177342265  0.94491301447888931
  0.94977481167108468  0.95457630123215609  0.95897670017748815  0.96299520059046606
  0.96684294533643855  0.97055416455009413  0.97422318796571905  0.97793066259425165
  0.98129817073715431  0.98446385425504812  0.98753295210942893  0.99044020394716326
  0.99293807638319886  0.99534267101502083  0.99769189812888603  1.00000000000000000
 -0.02229457618385041  0.13632869139790879  0.18568378890759515  0.21776207777341300
  0.24356687442958153  0.26560430915310751  0.28544801083352633  0.30377119824997884
  0.32059021559369194  0.33645965136304595  0.35189248162141967  0.36666184311856170
  0.38049827334673336  0.39354171960902135  0.40584989315317088  0.41774987412276515
  0.42900876712715752  0.44002343611775768  0.45103113988653082  0.46155357986801299
  0.47126997854793534  0.48074538447023279  0.48998568359182165  0.49906423286185336
  0.50773867441193399  0.51615712415447423  0.52461359832096521  0.53299556136605686
  0.54099790712529805  0.54868683850276923  0.55636671705556939  0.56422550549829487
  0.57217376075061055  0.58006967849077218  0.58785164416894831  0.59559339264866917
  0.60323701736657775  0.61071323505129615  0.61801356448160982  0.62506391659579519
  0.63176445192623698  0.63822732081757205  0.64451281528845228  0.65054530009079037
  0.65651201582181362  0.66254210148230652  0.66851799268971757  0.67451643388674920
  0.68055379515509273  0.68647570588303097  0.69204824020365530  0.69743310017569771
  0.70283487582043602  0.70817329483439440  0.71310855776051207  0.71784617982218935
  0.72263775249139417  0.72738358548367177  0.73203469062280047  0.73656442310832793
  0.74101640318991124  0.74549168963246315  0.74999667100721767  0.75455893790423256
  0.75923028814793303  0.76385692232085711  0.76852725974348568  0.77325410924013049
  0.77804712141460830  0.78285874278032752  0.78767992226892625  0.79264452453446665
  0.79760958089245759  0.80244992429122752  0.80724743899587792  0.81199944869538609
  0.81681403861754964  0.82182773512116913  0.82680911102705945  0.83182962235989610
  0.83688051872631131  0.84198104650397609  0.84719892110938000  0.85247020088319225
  0.85780626711897723  0.86338619182291876  0.86914119153171510  0.87541579121936353
  0.88213200696846550  0.88927252560787551  0.89718226677226742  0.90632118264614492
  0.91728667862973479  0.93159078330685274  0.95352696562565409  1.00000000000000000
   167.75237035806271       -1.0000000000000000     
 F F T F F F F T T F F F F T F F F F F F F F F F F F F F F F F F
  <DiscreteSampler_grid>
  grouped_processes
  1 # 1 for a reference and 2 for a running grid.
  10 # Attribute 'min_bin_probing_points' of the grid.
  1 # Attribute 'grid_mode' of the grid. 1=='default',2=='initialization'
  0.0000000000000000 # Attribute 'small_contrib_threshold' of the grid.
  0.5000000000000000 # Attribute 'damping_power' of the grid.
 # binID   n_entries weight   weight_sqr   abs_weight
    10   10   4.168533286047634E+011   9.750694331617923E+023   4.168533286047634E+011
  </DiscreteSampler_grid>
