  0.00000236073180932  0.00000241686725207  0.00000247141263703  0.00000249073805426
  0.00000251181831602  0.00000253731113504  0.00000256343840807  0.00000259027457372
  0.00000261753490623  0.00000264543548402  0.00000267498059283  0.00000270475336797
  0.00000274028627165  0.00000277874356530  0.00000281892919723  0.00000286333769881
  0.00000290797206200  0.00000295312275732  0.00000299914806718  0.00000304649354995
  0.00000309621795509  0.00000314759304356  0.00000320456202099  0.00000326660527781
  0.00000333114852638  0.00000339991305995  0.00000346940395465  0.00000354050190567
  0.00000361313036355  0.00000368705369136  0.00000377967810535  0.00000387589332882
  0.00000397586376594  0.00000407935225086  0.00000418653390823  0.00000430197237283
  0.00000442360360916  0.00000455475378552  0.00000469240536440  0.00000483470541845
  0.00000498976444633  0.00000516300311901  0.00000534861340722  0.00000554268233449
  0.00000574602510281  0.00000596470995700  0.00000620764194565  0.00000645946928667
  0.00000672428837308  0.00000700815358571  0.00000731098706896  0.00000762041827078
  0.00000794878806115  0.00000832476455193  0.00000871122436478  0.00000912521939751
  0.00000960869414249  0.00001011764378340  0.00001066816444713  0.00001126876799843
  0.00001191500740707  0.00001261679266399  0.00001339657111645  0.00001424031147810
  0.00001516061311303  0.00001613819641378  0.00001723166864069  0.00001843600277995
  0.00001972538955915  0.00002112379842157  0.00002267185642416  0.00002445119665050
  0.00002648168579821  0.00002881360777304  0.00003142298568401  0.00003433570959488
  0.00003777684271845  0.00004187165869027  0.00004638374280623  0.00005194043504043
  0.00005861368897120  0.00006659954478144  0.00007622474493270  0.00008829492686553
  0.00010411727653556  0.00012367238026902  0.00014858468211265  0.00018337076279949
  0.00023175635538072  0.00029692665317510  0.00038929798541894  0.00051850240769357
  0.00069480644268946  0.00102537549543086  0.00211480207047026  1.00000000000000000
 -0.00228955387406787  0.00898507437461813  0.01842333040338180  0.02850008408632496
  0.03884407873276679  0.04987541940119052  0.06053468160846294  0.07118895758347885
  0.08172569194903917  0.09247411384139338  0.10283915674351364  0.11320992686884417
  0.12366928400761998  0.13443172823616373  0.14508187726069685  0.15525944265785585
  0.16571540578365446  0.17563904023922430  0.18577412600729806  0.19555543208726051
  0.20589099465275301  0.21631693933482737  0.22672645515180698  0.23690210977972154
  0.24713971761098719  0.25726084488846068  0.26725267645835227  0.27742924707459249
  0.28773848681858388  0.29842741875085216  0.30911636894569072  0.31963736720656372
  0.32988468286211803  0.33992537841663550  0.35009879391711646  0.36027575260526962
  0.37059724936660532  0.38099192951744643  0.39158152419682524  0.40217447065582312
  0.41285859971239325  0.42377975095912890  0.43461233359474732  0.44468254186651140
  0.45438992354655483  0.46441433769091561  0.47479901864450075  0.48511574256056134
  0.49515063946721399  0.50573597784078927  0.51637936173985710  0.52704455143635920
  0.53791054285699946  0.54914744269808624  0.56048347230807916  0.57150599449817219
  0.58270527118279225  0.59385064218717232  0.60492936959168842  0.61580181338554274
  0.62641691227521046  0.63700345211572085  0.64688649527892006  0.65691974065664527
  0.66706730673810699  0.67749720982780115  0.68796709849780724  0.69866012838036917
  0.70970752041115504  0.72104424184234461  0.73174971040002412  0.74230827128486965
  0.75281940429011329  0.76358405334983837  0.77365757190156359  0.78381869943943328
  0.79447173974386920  0.80592660960585460  0.81748092121264637  0.82843599790802447
  0.83970841687753217  0.85083171683462588  0.86174462508908434  0.87259604703542892
  0.88354228831580484  0.89411179979298738  0.90434405600709811  0.91457692367678756
  0.92579442578426896  0.93723236524074960  0.94826264501541069  0.95855518112308657
  0.96866356438472734  0.97868565174952027  0.98927192236552719  1.00000000000000000
 -0.00214809410063372  0.02567541570928941  0.05081131872204880  0.07534004813504754
  0.09930569220314148  0.12285659757135128  0.14602803171639481  0.16880846821365345
  0.19120451968487623  0.21296772051947019  0.23429491173238814  0.25523568459948903
  0.27570457639008922  0.29564532168288471  0.31498640306991998  0.33389366832353751
  0.35234809764003200  0.37041538780609468  0.38824433205340853  0.40587176605110531
  0.42306520760997940  0.43994488211332278  0.45649753533005866  0.47280642684819035
  0.48882601371387002  0.50440140886375340  0.51950938434161298  0.53430924398396662
  0.54888473186114861  0.56325513606204747  0.57723898564343790  0.59078425583178862
  0.60392227086128791  0.61688005387626677  0.62970933646675609  0.64231938470265049
  0.65467718677423692  0.66676278439672321  0.67857143077840620  0.69004501757822956
  0.70120554182550998  0.71218925070567662  0.72297046367633622  0.73354637203674011
  0.74384692886555115  0.75391295716041373  0.76375407739179479  0.77332226463763876
  0.78260441931099545  0.79168342441681827  0.80045788058757283  0.80899737564358487
  0.81733622235997216  0.82547639483829893  0.83341836223167320  0.84115094161201343
  0.84874915217466496  0.85617576150502495  0.86335245748118150  0.87032698547316512
  0.87712822598306306  0.88375970381705460  0.89024795855531380  0.89653146146997154
  0.90245356334990734  0.90819571863158299  0.91382210868285241  0.91928411986301062
  0.92456271425360670  0.92970395507854653  0.93464355797382614  0.93930911689086782
  0.94369287854768802  0.94787377417757290  0.95199243055218374  0.95614937360549868
  0.95988354298170342  0.96337670260034336  0.96676690702248980  0.97000426388698113
  0.97308243825946961  0.97603264815701773  0.97878602250926972  0.98133589726793402
  0.98368327355063101  0.98588499299073451  0.98799130255413503  0.98999491662819861
  0.99168473876904939  0.99322732402143576  0.99466327048562264  0.99595899413909628
  0.99707389630049126  0.99809854157181055  0.99905292998290396  1.00000000000000000
 -0.00541821552736785  0.06215597586696487  0.08920204332403631  0.10673366074653169
  0.12065779402206424  0.13220001467038572  0.14279809524091233  0.15242430407294735
  0.16158886098305930  0.17049726924647454  0.17882875650782307  0.18693485536277207
  0.19487123224267197  0.20281645716815919  0.21076212534501859  0.21864957342639346
  0.22646849438427796  0.23434414231099499  0.24217905975118748  0.25007375223736550
  0.25822138916039500  0.26653920211323062  0.27488462526727808  0.28312064168635176
  0.29115563543526701  0.29909533462655902  0.30693678983972622  0.31502479441856107
  0.32315258339993364  0.33161574641696612  0.34028259732243976  0.34897531166931878
  0.35765815371113224  0.36649035597405311  0.37516683262253309  0.38414310543977381
  0.39290305182765684  0.40198409306216976  0.41131916487089465  0.42086944826292910
  0.43071176195360661  0.44063554884160661  0.45054792706497865  0.46044059560086864
  0.47007476983739727  0.47975742873865129  0.48882177824777756  0.49760389812290168
  0.50625704366605040  0.51484038199716076  0.52379438796369571  0.53236181742395428
  0.54071273345762128  0.54932092286312573  0.55828782513450848  0.56750660567627620
  0.57583339035384551  0.58395896799043601  0.59206934715701787  0.60089796099150816
  0.61000315335647615  0.61911108555211913  0.62806304862423457  0.63657009330364622
  0.64517969460443114  0.65352971923085312  0.66254801571900768  0.67095754368865268
  0.67960444690600441  0.68807349475836777  0.69647799335407967  0.70490072197448927
  0.71321337128988660  0.72156221224295336  0.72974371565209117  0.73780024207394101
  0.74585048383253316  0.75400880342420451  0.76229076173773902  0.77055648482755856
  0.77874694842485304  0.78692919113536508  0.79518352483110744  0.80355710859770835
  0.81205128555527295  0.82062762116297272  0.82939368862570828  0.83837408211412034
  0.84763475092415086  0.85720086056039702  0.86751565003947839  0.87875749510893519
  0.89252961791022056  0.91044823800994557  0.93848588869343763  1.00000000000000000
   2.9455441358827792       -1.0000000000000000     
 F F F T F T T F F T T F T F F F F F F F F F F F F F F F F F F F
  <DiscreteSampler_grid>
  grouped_processes
  1 # 1 for a reference and 2 for a running grid.
  10 # Attribute 'min_bin_probing_points' of the grid.
  1 # Attribute 'grid_mode' of the grid. 1=='default',2=='initialization'
  0.0000000000000000 # Attribute 'small_contrib_threshold' of the grid.
  0.5000000000000000 # Attribute 'damping_power' of the grid.
 # binID   n_entries weight   weight_sqr   abs_weight
    10   10   3.261976143155631E+009   2.217338311015261E+019   3.261976143155631E+009
    16   10   3.261976143155631E+009   2.217338311015261E+019   3.261976143155631E+009
  </DiscreteSampler_grid>
