  0.00000238263441900  0.00000241790650125  0.00000244623250826  0.00000246851508579
  0.00000248828764094  0.00000251164557411  0.00000253550259960  0.00000256013259182
  0.00000258550493991  0.00000261175947308  0.00000263850290576  0.00000266589415282
  0.00000269405008098  0.00000272287175982  0.00000275299437747  0.00000278556085392
  0.00000282024536634  0.00000285500711294  0.00000289054760731  0.00000292744921505
  0.00000296550716837  0.00000300457090678  0.00000304461999108  0.00000308544965057
  0.00000312672513660  0.00000316993330179  0.00000321723348594  0.00000326888218362
  0.00000332348958103  0.00000337964167577  0.00000343694582239  0.00000349562854793
  0.00000355638493311  0.00000361824886736  0.00000368149938871  0.00000375110759114
  0.00000382478619985  0.00000390098257534  0.00000397963018148  0.00000406081860449
  0.00000414411793102  0.00000423015483208  0.00000432283564394  0.00000442043827686
  0.00000452559024870  0.00000463485926224  0.00000474756073689  0.00000486307758898
  0.00000498287555305  0.00000511491740946  0.00000525632781525  0.00000540051758633
  0.00000555033719034  0.00000570690030143  0.00000587710880511  0.00000606096880890
  0.00000625630682656  0.00000646010361791  0.00000667414718917  0.00000690345805886
  0.00000715463370344  0.00000741833407790  0.00000769541781070  0.00000799251179335
  0.00000831968442667  0.00000866616602588  0.00000903485025789  0.00000943900908714
  0.00000987602785162  0.00001033993961452  0.00001084937948973  0.00001141092362727
  0.00001201536222493  0.00001271426510322  0.00001349460297399  0.00001435012690904
  0.00001529314091503  0.00001633250307905  0.00001752674230155  0.00001890373999297
  0.00002047679207579  0.00002227115459068  0.00002438114897647  0.00002693173833611
  0.00003000447477480  0.00003369939002912  0.00003840017614792  0.00004438786659880
  0.00005229674633973  0.00006348286223676  0.00007978558970182  0.00010472365846555
  0.00014490212619540  0.00024082906777933  0.01661134590351366  1.00000000000000000
 -0.00230857163729269  0.00925620747813785  0.01922764096596085  0.02968847662454272
  0.04018331294250018  0.05062834307136627  0.06108078714837279  0.07123423691203000
  0.08143203107442055  0.09188198094571710  0.10204941938768165  0.11238339382460838
  0.12269671197256493  0.13329137491118642  0.14399009294782439  0.15463276369332410
  0.16513684368900214  0.17557708117288168  0.18609609846740513  0.19674412717182790
  0.20771031664799708  0.21831822730774331  0.22877329471122954  0.23914472552977889
  0.24945808392316055  0.25997448867023526  0.27041174536312884  0.28106174828209507
  0.29176330440020892  0.30238279608573199  0.31323029818253983  0.32410120088838901
  0.33487947917026373  0.34581420039433081  0.35641788877308545  0.36705847790888363
  0.37763386929457021  0.38830745025216068  0.39887700704769258  0.40926868297613300
  0.41960081606589167  0.42998781955389648  0.44047244775539163  0.45101432806181041
  0.46171419482384313  0.47256737943563365  0.48318790494910313  0.49342692560978962
  0.50363732370867054  0.51413922263186385  0.52461405120179661  0.53509367736189217
  0.54566041278362254  0.55646748842106497  0.56713968366594880  0.57753371978799828
  0.58794304106511153  0.59823766632660758  0.60870954469898253  0.61923211317594162
  0.62982979956751073  0.64040510738812995  0.65112938859260683  0.66186943485075056
  0.67261326048911807  0.68320009457975484  0.69363006888928280  0.70369574179375716
  0.71368850953369845  0.72382735484281091  0.73424317519346127  0.74470203698058857
  0.75489516097261389  0.76506937402429120  0.77542766158800625  0.78619842722372224
  0.79724980195018313  0.80847920807986617  0.81939031330348200  0.83034476125593526
  0.84115815887439160  0.85218395974588868  0.86310793240010408  0.87393679115352607
  0.88451561881553131  0.89504636246466396  0.90538880293363999  0.91590279575461531
  0.92609587033702845  0.93639456658322573  0.94696329690921899  0.95757806079972829
  0.96805844021280096  0.97844616891856240  0.98921411912702328  1.00000000000000000
 -0.00306384757240868  0.01511953356781637  0.03082541717235593  0.04723430861861078
  0.06341733606670447  0.07900134443964009  0.09412073558491758  0.10916050591132534
  0.12424017523338779  0.13922192370410785  0.15436258967047811  0.16952970952230534
  0.18446784480669207  0.19926180793341053  0.21391622068166155  0.22837104201411176
  0.24277716204153299  0.25689531879430771  0.27082736913129057  0.28472282173527080
  0.29858774447073350  0.31231385357911745  0.32593924720322637  0.33945929929575969
  0.35284181630802125  0.36622373338162750  0.37936085546948894  0.39242822500698177
  0.40538243504468430  0.41836794473974742  0.43088341169378552  0.44325344437664593
  0.45548484650682819  0.46771082409176229  0.47997043264928252  0.49224739868803252
  0.50446099633035135  0.51657537695720257  0.52851861053245519  0.54024906825436536
  0.55181031129195679  0.56315980995739867  0.57431873020223512  0.58534833410021592
  0.59632159834946219  0.60725320966197049  0.61815841782405401  0.62900171902324320
  0.63965302057213136  0.65011898219623676  0.66044744976862524  0.67061680177938177
  0.68065252022356015  0.69055483709436949  0.70042270285683506  0.71020840460601675
  0.71983557285070876  0.72928226217372960  0.73859271715131436  0.74785882886859312
  0.75708787907999886  0.76625886825076073  0.77531571368616570  0.78429219237269054
  0.79319728730559758  0.80196914325963442  0.81061055655014469  0.81902624979799687
  0.82726528379763986  0.83532734516427165  0.84316620285056165  0.85089165520513244
  0.85846890160688027  0.86592742475393791  0.87325082811068544  0.88040808613963406
  0.88747077559532750  0.89450867603358175  0.90156889038038068  0.90854340698370406
  0.91528311545430918  0.92188679845948762  0.92843078510791499  0.93479707691430647
  0.94092723117407318  0.94681332489572767  0.95257996206424500  0.95821414533953786
  0.96376592987801535  0.96920408323618790  0.97450228896320146  0.97966722783044646
  0.98470071468530596  0.98969625730890265  0.99481415706592446  1.00000000000000000
 -0.01834998173948714  0.11380918788216438  0.15346490789469830  0.17746576795594698
  0.19596396264237070  0.21150441774111051  0.22505352838437634  0.23716968390357535
  0.24804542749658276  0.25810139322945902  0.26758215088704046  0.27666598166149087
  0.28533165112244741  0.29351675553971202  0.30129931254126358  0.30892536096413009
  0.31638061278825585  0.32367552718003262  0.33073554515279963  0.33751149501584371
  0.34404412427694731  0.35050851498981705  0.35695631967517466  0.36338189689131722
  0.36975661729286713  0.37598623366941936  0.38199079213656129  0.38785788241141622
  0.39364797562564868  0.39942252300513686  0.40518955618971786  0.41088932771639508
  0.41653270195642395  0.42217006611598035  0.42778524748294572  0.43335480673193527
  0.43882287874141773  0.44418723225798978  0.44951552304535564  0.45485253890480881
  0.46018293758185258  0.46546103527393284  0.47074439442132948  0.47605508999822782
  0.48134094505621733  0.48661287440230139  0.49193776313614157  0.49737340276666298
  0.50283732855091989  0.50834297710368703  0.51382757878371776  0.51930135334557070
  0.52479141156539955  0.53025873814123936  0.53566367777257795  0.54098826082532669
  0.54624886814023754  0.55150701611046260  0.55679602273736772  0.56211625513104468
  0.56743574619744874  0.57275369777854646  0.57813647127798085  0.58361555403919474
  0.58918787058924971  0.59483690626650965  0.60050965170842752  0.60624712584777640
  0.61205374149636571  0.61791169291870573  0.62387990024514595  0.63004349326009612
  0.63630546485357453  0.64261349589026229  0.64898130732826176  0.65548820669005137
  0.66218173827609761  0.66909632409647757  0.67632468574131599  0.68357043496572334
  0.69095929075689233  0.69858517041076307  0.70640665639196365  0.71465843712043253
  0.72331214759486129  0.73247952453250431  0.74224438303488782  0.75259359961644934
  0.76359417657751205  0.77571007868963215  0.78923780705189117  0.80445512096410043
  0.82248666234280454  0.84583106991066526  0.88400538823290131  1.00000000000000000
   1135.6550418998384       -1.0000000000000000     
 T F F F F T T F F T T F F F F T F F F F F F F F F F F F F F F F
  <DiscreteSampler_grid>
  grouped_processes
  1 # 1 for a reference and 2 for a running grid.
  10 # Attribute 'min_bin_probing_points' of the grid.
  1 # Attribute 'grid_mode' of the grid. 1=='default',2=='initialization'
  0.0000000000000000 # Attribute 'small_contrib_threshold' of the grid.
  0.5000000000000000 # Attribute 'damping_power' of the grid.
 # binID   n_entries weight   weight_sqr   abs_weight
    10   10   2.335431832487091E+010   8.477279832933343E+020   2.335431832487091E+010
    16   10   2.337820099142144E+010   8.485567746584349E+020   2.337820099142144E+010
  </DiscreteSampler_grid>
