  0.00000236793404123  0.00000237705758388  0.00000239132261470  0.00000241095037109
  0.00000243134399459  0.00000245132041421  0.00000247270550786  0.00000249635694093
  0.00000252226539202  0.00000254976539440  0.00000257734001554  0.00000260602922648
  0.00000263595063863  0.00000266702171955  0.00000269982223797  0.00000273186913823
  0.00000276944502746  0.00000280886905725  0.00000284923558821  0.00000289117219347
  0.00000293510089199  0.00000297972169604  0.00000302544995599  0.00000307055692022
  0.00000311616728021  0.00000316448602683  0.00000321732339363  0.00000327588808346
  0.00000334076819603  0.00000340568057073  0.00000347247436240  0.00000354069416913
  0.00000361062426691  0.00000368254351576  0.00000376280854199  0.00000385704719661
  0.00000395283648507  0.00000404886783220  0.00000414918756745  0.00000425723245741
  0.00000437350233809  0.00000449966569415  0.00000463624828217  0.00000477367244753
  0.00000492019307113  0.00000507508271648  0.00000524281675973  0.00000541945150000
  0.00000560105568770  0.00000579555662680  0.00000601427894140  0.00000624989528073
  0.00000649208242760  0.00000673857726983  0.00000702289898501  0.00000732172546444
  0.00000762243016828  0.00000795227870439  0.00000831683338320  0.00000870437408576
  0.00000911880577430  0.00000958728320668  0.00001009769655687  0.00001064660205513
  0.00001126061544341  0.00001193279878490  0.00001267751911140  0.00001349321837855
  0.00001436797109977  0.00001531848706530  0.00001635039741127  0.00001750632546281
  0.00001880978182101  0.00002030186045026  0.00002195370509389  0.00002384113298553
  0.00002597688327781  0.00002849341149443  0.00003133960868436  0.00003456331864468
  0.00003850138438895  0.00004299452596691  0.00004832422485303  0.00005469756279796
  0.00006245061736287  0.00007225062528613  0.00008486620717022  0.00010029776875898
  0.00012322598902454  0.00015663341109098  0.00020509464392751  0.00028349002799999
  0.00041214097109274  0.00121338971935580  0.00371653470697325  1.00000000000000000
 -0.00303625134979388  0.01161942049472975  0.02283238625601653  0.03312069422859204
  0.04314751937124780  0.05347215610861641  0.06411447952036077  0.07469844907079243
  0.08557870637636324  0.09682667754331462  0.10781046530289407  0.11808742364275115
  0.12848486497869741  0.13907530559824416  0.14995159180803358  0.16076366458801636
  0.17167939623366213  0.18252461169005010  0.19311827173126311  0.20363747395780618
  0.21426006258976737  0.22501625213164739  0.23544095322220296  0.24562585403435908
  0.25606667432993696  0.26654839113285611  0.27690747488695144  0.28721909986428440
  0.29726048455034748  0.30699440599848649  0.31680126544929549  0.32648473969578007
  0.33630156557678625  0.34585888098531514  0.35568450578257416  0.36577072808578237
  0.37619898143201574  0.38679243599573371  0.39790603099745975  0.40967714665904215
  0.42113881209117415  0.43169458141235839  0.44190897558597386  0.45231368211343093
  0.46298385125687291  0.47344590587970814  0.48380974886156053  0.49412493401026575
  0.50449613002373850  0.51504569480145379  0.52578506440788420  0.53634912790458422
  0.54632399964690170  0.55570945526395166  0.56494209279774299  0.57402745814422906
  0.58307149801939973  0.59255317389319084  0.60196507722335979  0.61219167954157838
  0.62289722931645153  0.63322467367748425  0.64339342754668338  0.65373971153904509
  0.66401770772375002  0.67419488836967501  0.68436740012420050  0.69476117182543851
  0.70550678754623830  0.71630806588808316  0.72694735415629563  0.73747747626514626
  0.74813030406769743  0.75913381180795014  0.77025910529626018  0.78132199426832705
  0.79228666114530422  0.80303000850738382  0.81391966389223158  0.82504646964979500
  0.83631948382111598  0.84744862294510981  0.85836100793676817  0.86887596559512292
  0.87969468620376345  0.89064689446243706  0.90133710952240786  0.91225153731543407
  0.92339230652026494  0.93491544767655410  0.94633456685180262  0.95753079345932579
  0.96832856442662874  0.97854339345309815  0.98930016046119118  1.00000000000000000
  0.00546925198342170  0.02367993834036512  0.04310371768681442  0.06342328665621023
  0.08364983323188721  0.10332821017660582  0.12204155400029704  0.14052996296517312
  0.15938158375431741  0.17845834961440066  0.19701292229031730  0.21458705675923373
  0.23140806979913428  0.24796915580178458  0.26454730699708540  0.28097406256613455
  0.29719309004718059  0.31346521961680573  0.32980496134386017  0.34585755403338547
  0.36128665386580999  0.37633082589302957  0.39116098903789454  0.40588411413656222
  0.42046768117798577  0.43516006818532504  0.44938637704731904  0.46318312658364647
  0.47669329744993061  0.48992627757700652  0.50314672358434309  0.51658084354361622
  0.53037958274364638  0.54423329353850669  0.55766275277248822  0.57055158450366683
  0.58310052453527572  0.59536628301308603  0.60733153697463182  0.61911429311647603
  0.63065837424731930  0.64202820013890305  0.65305553348990741  0.66391204637462309
  0.67455544550321156  0.68507922522490672  0.69549398508339610  0.70579163455750826
  0.71601887743657566  0.72597887304613751  0.73563298253161613  0.74508805546642365
  0.75454185295207510  0.76393716063090578  0.77310935350606358  0.78192214302139862
  0.79048859622637890  0.79907139288865248  0.80772466691692535  0.81629349110411953
  0.82472430649489747  0.83288184351374284  0.84111286845728916  0.84912371869497338
  0.85682796827358154  0.86428082966086228  0.87161357638800951  0.87873217427806938
  0.88563753712203952  0.89236449847233335  0.89885998988298033  0.90504707001619433
  0.91100296531757063  0.91692731892978996  0.92263583088184720  0.92837447502132109
  0.93401008571035893  0.93941707559741183  0.94458150568668886  0.94955364421576383
  0.95432874152958169  0.95874106374810597  0.96267354708064024  0.96633489395861838
  0.96998887699333014  0.97360713130375309  0.97708418072273384  0.98041813778702880
  0.98350557294200414  0.98631644430880194  0.98898591790651180  0.99145467234626738
  0.99373226759386279  0.99588510061658408  0.99796249152625249  1.00000000000000000
  0.00859503412607074  0.09029967595722131  0.12673472687256007  0.15046171857958129
  0.16950521723152734  0.18665943501772331  0.20210836597365406  0.21646667010756249
  0.22984389780180184  0.24232695385646061  0.25429539080806413  0.26613219221314960
  0.27752402447000074  0.28822686173197670  0.29844784845175404  0.30838784836784411
  0.31847879767254356  0.32838150626231238  0.33814959235513853  0.34754904477193588
  0.35672614393086571  0.36559009699149786  0.37429022928955574  0.38299006558895521
  0.39175721393250923  0.40010818504795470  0.40834351813196623  0.41635484936224654
  0.42392697840349525  0.43151375767439593  0.43855593279390465  0.44499689299183226
  0.45144485756276331  0.45786198094422914  0.46458013283804722  0.47119346175132687
  0.47796305039826054  0.48480501241388169  0.49164012559338971  0.49830524742393023
  0.50552979523740715  0.51343473132663364  0.52131742067742892  0.52963662051919647
  0.53787991637249499  0.54615951990042455  0.55443276756946158  0.56253218410590045
  0.57057490304914193  0.57871890462303477  0.58622946798817055  0.59258607687043496
  0.59890588269770961  0.60521455859237328  0.61167158060951354  0.61834396821649507
  0.62493108368710359  0.63138408146059077  0.63783666003855999  0.64435520514155664
  0.65109383675518340  0.65800309941552804  0.66474661115452460  0.67141076096649588
  0.67826589879087118  0.68493238766660103  0.69216414560233930  0.69916842914924848
  0.70601587154346879  0.71274463056591664  0.71937905327686480  0.72601504780739734
  0.73287514326836101  0.73993141763107206  0.74699042211549349  0.75400000954064972
  0.76093062228806041  0.76794961553113095  0.77498532114959351  0.78188586957977280
  0.78882180916052758  0.79618578749737112  0.80377726628392321  0.81135444348530916
  0.81914858349417707  0.82704750487266732  0.83514372298425488  0.84357131102964045
  0.85238866035100158  0.86177302448487858  0.87204452104232899  0.88344685764120445
  0.89662260994948029  0.91360403585916061  0.93991346843992252  1.00000000000000000
   503.81740362102948       -1.0000000000000000     
 T F F T F T T F F T T F T F F T T F F T F F T F F T F F T F F T
  <DiscreteSampler_grid>
  grouped_processes
  1 # 1 for a reference and 2 for a running grid.
  10 # Attribute 'min_bin_probing_points' of the grid.
  1 # Attribute 'grid_mode' of the grid. 1=='default',2=='initialization'
  0.0000000000000000 # Attribute 'small_contrib_threshold' of the grid.
  0.5000000000000000 # Attribute 'damping_power' of the grid.
 # binID   n_entries weight   weight_sqr   abs_weight
    28   10   3.217739602527257E+010   3.476963611802701E+021   3.217739602527257E+010
    31   10   6.851468069773938E+010   1.519656156937176E+022   6.851468069773938E+010
    32   10   6.851468069773938E+010   1.519656156937175E+022   6.851468069773938E+010
    34   10   3.217739602527258E+010   3.476963611802701E+021   3.217739602527258E+010
    37   10   6.685301383916874E+010   1.461448056734334E+022   6.685301383916874E+010
    38   10   6.685301383916874E+010   1.461448056734334E+022   6.685301383916874E+010
    43   10   6.685301383916874E+010   1.461448056734334E+022   6.685301383916874E+010
    44   10   6.685301383916874E+010   1.461448056734334E+022   6.685301383916874E+010
    46   10   6.685301383916874E+010   1.461448056734334E+022   6.685301383916874E+010
    47   10   6.685301383916874E+010   1.461448056734334E+022   6.685301383916874E+010
    52   10   3.217739602527257E+010   3.476963611802701E+021   3.217739602527257E+010
    58   10   3.217739602527258E+010   3.476963611802702E+021   3.217739602527258E+010
  </DiscreteSampler_grid>
