  0.00000239133224589  0.00000241110392762  0.00000245886926622  0.00000250881734230
  0.00000255983321980  0.00000261742183274  0.00000267613483560  0.00000273557388637
  0.00000279958648477  0.00000286830028646  0.00000293794636987  0.00000300902544807
  0.00000308220251671  0.00000315697711832  0.00000323881876351  0.00000332915168525
  0.00000342214709248  0.00000351602540526  0.00000361171745627  0.00000371647246844
  0.00000382834805490  0.00000394659568423  0.00000406899788174  0.00000419379208397
  0.00000432477979605  0.00000446882397366  0.00000462212223335  0.00000477907271073
  0.00000494089540820  0.00000511853267455  0.00000531169647918  0.00000551015918755
  0.00000571192527220  0.00000591839258744  0.00000615545921847  0.00000639399650507
  0.00000664301402597  0.00000690735674837  0.00000719102841666  0.00000748479982142
  0.00000779240567607  0.00000812639008488  0.00000848499830231  0.00000885898860433
  0.00000925462363088  0.00000969372839646  0.00001014714939841  0.00001061632506057
  0.00001114964644610  0.00001170327468698  0.00001228104228385  0.00001289185536557
  0.00001354582864653  0.00001422035525705  0.00001498596713252  0.00001579392072953
  0.00001664459702892  0.00001756310863152  0.00001852907116320  0.00001956187790375
  0.00002071750038974  0.00002193339916632  0.00002326667733153  0.00002474077526495
  0.00002632143626673  0.00002808210271061  0.00002992072366867  0.00003191982355509
  0.00003403253574913  0.00003635785251883  0.00003893050334131  0.00004175561317835
  0.00004491368915119  0.00004837646005054  0.00005231258531089  0.00005678499782292
  0.00006192611798185  0.00006777100785403  0.00007440232343737  0.00008189696100467
  0.00009018327577569  0.00009943486392714  0.00011004421696479  0.00012195910353148
  0.00013579658205601  0.00015218725830661  0.00017243869623361  0.00019790794179511
  0.00022827659355836  0.00026004986322082  0.00029482418130632  0.00034668568843196
  0.00047087412756713  0.00069867367404789  0.00241484086428327  1.00000000000000000
 -0.00211864838982681  0.00966051104382212  0.02014735791057675  0.03081610697111622
  0.04157288404404719  0.05243850248674399  0.06316870801248756  0.07380470034444749
  0.08446505210604195  0.09515700629673363  0.10575371305310052  0.11621609213421392
  0.12654859976897423  0.13684919268614618  0.14702096031571046  0.15731109245484373
  0.16746418349201522  0.17764185556641970  0.18781707360189695  0.19822558319918940
  0.20869861398910367  0.21920704747021125  0.22984544740738855  0.24040560704078864
  0.25100142115452134  0.26157953034386522  0.27231833567315950  0.28302565436903754
  0.29370225636715636  0.30420913105274860  0.31469935911649505  0.32514919469100789
  0.33576039749954312  0.34641938586631255  0.35697817765462958  0.36733513719549959
  0.37765192418580834  0.38807821746611476  0.39856796133746986  0.40906721270089075
  0.41934605732991037  0.42948053781558510  0.43972304670089635  0.45022960542191243
  0.46098037687668830  0.47162763866863189  0.48226684442702256  0.49275697140480018
  0.50333635311595570  0.51384034902447362  0.52417647489919228  0.53421379972161454
  0.54426245867881973  0.55461867113887209  0.56504684284437312  0.57562496832671239
  0.58618380670850090  0.59681070845379980  0.60728405999969493  0.61767835769795731
  0.62826678513736400  0.63883624893806268  0.64932308046538179  0.65952733363067273
  0.66975303537623387  0.68013142879215605  0.69070236395697882  0.70127332868334202
  0.71167351686998581  0.72189293043895120  0.73210867968277582  0.74270776910048131
  0.75347323158296053  0.76427650846039208  0.77485215628265847  0.78545868235830063
  0.79609798413170418  0.80677181964479339  0.81753474851260666  0.82850020323036500
  0.83936104003602963  0.85008570250012938  0.86077461376487863  0.87134071322638484
  0.88188010143794460  0.89236445294910083  0.90286617029195371  0.91358099602162235
  0.92434030058706051  0.93523092953062315  0.94600410140498870  0.95672376190116093
  0.96770953097778778  0.97853535201429320  0.98935427354870287  1.00000000000000000
 -0.00148881779710806  0.01525811981592404  0.02946149075450417  0.04359999299848983
  0.05754855810191908  0.07120732270737559  0.08466647275509664  0.09809057725951577
  0.11151806958505975  0.12473369435395851  0.13764662584023685  0.15048696353246757
  0.16354672775188644  0.17650755198871440  0.18920959810954122  0.20158672476740977
  0.21381611279195187  0.22577806585375682  0.23773930202780516  0.24975208836384558
  0.26203939776811219  0.27437661475078717  0.28671812117832418  0.29886562611904299
  0.31067100715498136  0.32223238708752522  0.33377598933261632  0.34541045611372251
  0.35696097309773112  0.36834117359893825  0.37961446250854930  0.39079030871784398
  0.40180312795821882  0.41273998943045753  0.42368686458147758  0.43455665362603718
  0.44530027725803079  0.45597081909030951  0.46671524118432201  0.47747618995688212
  0.48809846381638006  0.49845771770769626  0.50841936578350000  0.51814514558313707
  0.52787366058537444  0.53764776388531921  0.54752470901447414  0.55737668001277108
  0.56715432907213248  0.57684976095645635  0.58645072009253474  0.59604105479708536
  0.60568261881996277  0.61523061604226748  0.62477884017855756  0.63442126702792123
  0.64418172801453744  0.65394825614408636  0.66356898244378093  0.67293454163857502
  0.68210726205219518  0.69123604635829050  0.70030158322630387  0.70926229228019577
  0.71815797006444670  0.72708190964552200  0.73609873743997312  0.74513760380503302
  0.75402513211100508  0.76271921694173173  0.77142339176983432  0.78023353779635296
  0.78923156944589645  0.79826703843213742  0.80735745932508296  0.81638655554835382
  0.82534996135377992  0.83421310114543967  0.84298192856719567  0.85163225206145821
  0.86020788103624723  0.86867741662428188  0.87718173287889956  0.88578921136613908
  0.89440399823524164  0.90302426976334582  0.91165033456286915  0.92029036654205343
  0.92897202419183433  0.93779883220202953  0.94670933049743611  0.95583316815406727
  0.96527901188197363  0.97537579701438515  0.98703241917081763  1.00000000000000000
 -0.00295457541821637  0.09475758866668936  0.14862544055381283  0.18024032177684607
  0.20479705565279435  0.22582511838481611  0.24388171355887053  0.26047440301727298
  0.27561513438392499  0.28963937369111775  0.30302988664795111  0.31598448211333374
  0.32843007642047950  0.34047291193886786  0.35226226785847792  0.36366204236510219
  0.37479343545458249  0.38570898220131222  0.39646915617070150  0.40711631222122646
  0.41755960259852581  0.42774242736082752  0.43772378103464288  0.44755045692413703
  0.45732182398468602  0.46684577965255386  0.47617599809953354  0.48537869460945277
  0.49451996961078742  0.50353521755179853  0.51241242704264423  0.52117244069069646
  0.52988448623569673  0.53858655944872802  0.54728753790266604  0.55591758015365345
  0.56436642836130502  0.57256662235015943  0.58075010609870137  0.58882098002899841
  0.59679679215566406  0.60465183890507623  0.61242433484615855  0.62020363455828909
  0.62793574170989752  0.63550111884948068  0.64283750480403234  0.64999629543896664
  0.65701537620529626  0.66399945393280591  0.67097670944833043  0.67776414179247846
  0.68452235194772226  0.69116943473589909  0.69776140262861963  0.70430351635746680
  0.71077494709252409  0.71711891271293871  0.72333178761710315  0.72941347715569316
  0.73530795586156938  0.74117307380722197  0.74698812035996631  0.75269973722869588
  0.75828578506912447  0.76386049531915357  0.76943845824792156  0.77491864427919688
  0.78031904373187233  0.78567565078478829  0.79097744742534370  0.79623733577413913
  0.80145901371408390  0.80667156318244171  0.81185221173316047  0.81702204596908401
  0.82221534313933475  0.82743178880579227  0.83268988802593225  0.83801919278446058
  0.84340290078173230  0.84878601113263585  0.85420905975403061  0.85970329359855435
  0.86527313453996868  0.87095853525767708  0.87684211491944575  0.88312113715672569
  0.88966524954942172  0.89670453150282470  0.90441911849478807  0.91295421276770272
  0.92312398603374901  0.93628758843631710  0.95674020995412046  1.00000000000000000
  0.43016590451021314       -1.0000000000000000     
 F T T F F F F F F F F F F T T F F F F F F F F F F F F F F F F F
  <DiscreteSampler_grid>
  grouped_processes
  1 # 1 for a reference and 2 for a running grid.
  10 # Attribute 'min_bin_probing_points' of the grid.
  1 # Attribute 'grid_mode' of the grid. 1=='default',2=='initialization'
  0.0000000000000000 # Attribute 'small_contrib_threshold' of the grid.
  0.5000000000000000 # Attribute 'damping_power' of the grid.
 # binID   n_entries weight   weight_sqr   abs_weight
    10   10   1.069686155349152E+009   2.920639044307851E+018   1.069686155349152E+009
    16   10   1.102855343900613E+009   3.023374973357545E+018   1.102855343900613E+009
  </DiscreteSampler_grid>
