  0.00000236683590669  0.00000238087177586  0.00000239601995298  0.00000241237046083
  0.00000243007153537  0.00000244919879031  0.00000246884455573  0.00000248935897755
  0.00000251251286463  0.00000253952898837  0.00000256777645202  0.00000259723158170
  0.00000262802141424  0.00000266023410413  0.00000269377439478  0.00000272859341617
  0.00000276777456137  0.00000281062278105  0.00000285560230803  0.00000290108739356
  0.00000294816015096  0.00000299679768888  0.00000304639186009  0.00000309727729625
  0.00000315006683644  0.00000320748388055  0.00000327637473954  0.00000334670087132
  0.00000341932147485  0.00000349383484003  0.00000357076484601  0.00000365150734911
  0.00000373833308595  0.00000383365907360  0.00000393263686006  0.00000403370600641
  0.00000413662952562  0.00000424210314364  0.00000435198844024  0.00000448119643878
  0.00000461231702174  0.00000474594300259  0.00000488197626370  0.00000502746312017
  0.00000518759203894  0.00000535922091422  0.00000553539303680  0.00000571711122663
  0.00000590548383333  0.00000613173395405  0.00000635593633187  0.00000658441295932
  0.00000683299390608  0.00000711446135568  0.00000740747950583  0.00000770728995399
  0.00000803279577263  0.00000839561687984  0.00000878677185589  0.00000920457245451
  0.00000966461929076  0.00001015441636027  0.00001066908213473  0.00001123879119092
  0.00001184669903385  0.00001250851844556  0.00001324694119314  0.00001404451325985
  0.00001491532662745  0.00001586080416877  0.00001689948646189  0.00001819735302701
  0.00001961200662509  0.00002129706965160  0.00002307544935838  0.00002514249958403
  0.00002743561943743  0.00003019650827301  0.00003319876155127  0.00003648067863951
  0.00004045730791361  0.00004523354116492  0.00005107943438112  0.00005845024993200
  0.00006726300308966  0.00007771151475310  0.00009097218336844  0.00010785757665700
  0.00013156057307198  0.00016547340811668  0.00021320536721779  0.00027499499858930
  0.00038843743441545  0.00066842473142347  0.00349731743234699  1.00000000000000000
 -0.00226855114639023  0.00863494457052270  0.01828330026039897  0.02823979598927527
  0.03863774515125214  0.04926161477407547  0.06039093464340929  0.07176747535601270
  0.08282112500681985  0.09309932324772788  0.10318049776051268  0.11391370419749540
  0.12500790241955373  0.13636899746389838  0.14749109804909816  0.15830958865386191
  0.16877000401001008  0.17883236237951824  0.18873293699606947  0.19864386528739364
  0.20877596126619394  0.21902306866358998  0.22933320630735740  0.23953959752595091
  0.24992865044592047  0.26053814513477419  0.27131821231662739  0.28207603313643370
  0.29286180278943613  0.30347470549840150  0.31410314316217663  0.32486870271209428
  0.33567021037451628  0.34619803822591977  0.35639123439887299  0.36635046010437494
  0.37667388734035129  0.38730093300018920  0.39777965467055004  0.40783107977032879
  0.41812715848763643  0.42898190760368782  0.43999060960160402  0.45080661046735243
  0.46150179712966322  0.47234641770855051  0.48307130060728370  0.49375800411027854
  0.50457134482124966  0.51561028097293360  0.52671433900572873  0.53769774356959654
  0.54857767057820206  0.55966205860023788  0.57064974418449643  0.58107999591319504
  0.59138574022492996  0.60161947290476092  0.61206498944925092  0.62273174945542498
  0.63292109920085438  0.64303005458136031  0.65302061590318128  0.66303417386002417
  0.67296968405240787  0.68288214851559303  0.69298984743644454  0.70388744527402025
  0.71462675273867771  0.72511589332362913  0.73549305170002588  0.74593001224076705
  0.75649776603908481  0.76711032198838724  0.77763525757557328  0.78847446765876228
  0.79967532126235252  0.81137632486426037  0.82261754845874357  0.83320381979562719
  0.84323282201765071  0.85303270695647027  0.86281872803139448  0.87304206068155565
  0.88383341027497619  0.89483137383350453  0.90584443717785335  0.91667183430578270
  0.92691909263608407  0.93743192119625551  0.94808796638185500  0.95903883104155818
  0.96904921725533211  0.97920851978938828  0.98949981825624200  1.00000000000000000
 -0.00218910927214203  0.02131520693601907  0.04231932067215817  0.06348164843950588
  0.08421387747476212  0.10419460637419845  0.12397525853921360  0.14310738135647461
  0.16170479695800594  0.17985560525459532  0.19737785959526202  0.21461886962992346
  0.23165428056431875  0.24823741158302812  0.26475872723797489  0.28083023546962455
  0.29672114126692112  0.31284777856299212  0.32881003584566126  0.34459217388036323
  0.36002141189420966  0.37521820844776987  0.39006733592363951  0.40470249786845575
  0.41936719765299690  0.43411554489507131  0.44888266668487764  0.46342682740365432
  0.47759809550642773  0.49119482134005132  0.50428430958267378  0.51714936042563309
  0.53005203995220929  0.54284228177446958  0.55543914032286978  0.56764717032787215
  0.57952464289689787  0.59131042469678052  0.60305147606371801  0.61468127089369240
  0.62626493168639186  0.63772888393923211  0.64888174572866830  0.65973596698615478
  0.67034401971294799  0.68069017483011485  0.69076634459353337  0.70056849169066626
  0.71017421657295798  0.71956842088337414  0.72892430221344651  0.73839941479902815
  0.74789656225317769  0.75722643959101577  0.76639029385577528  0.77528269646095083
  0.78399037133744709  0.79260891118221322  0.80107671927479129  0.80940800770139498
  0.81744520253370756  0.82521274355466601  0.83286259790217188  0.84047323444183653
  0.84802443422728113  0.85536988641201295  0.86244997259765166  0.86941605933251620
  0.87632395888368031  0.88305546054010697  0.88958696046246433  0.89586178923368864
  0.90188283124256929  0.90766127018384479  0.91341833215300916  0.91914951817891499
  0.92491310092174783  0.93066362691524940  0.93626130867868274  0.94160799779250270
  0.94649513270021612  0.95136907490411304  0.95607173070177953  0.96053817577220657
  0.96472571326466927  0.96865090274280252  0.97239740051088830  0.97604097774200071
  0.97955204484240477  0.98293407875146355  0.98618810571833904  0.98929540920424353
  0.99210895015200862  0.99481204858607641  0.99743856862370561  1.00000000000000000
 -0.02040900462678816  0.13439827566224297  0.18311585633536506  0.21503546665320944
  0.24090499445988817  0.26287094080329948  0.28275658232753720  0.30093946105804686
  0.31755264161991104  0.33326484820533281  0.34854743188814136  0.36286487366539327
  0.37641327351084874  0.38890353917997605  0.40097202129273540  0.41256107755637944
  0.42368993896964618  0.43466730336652415  0.44568465736032392  0.45638886210187773
  0.46663902687541864  0.47684545607288686  0.48714693215687610  0.49717107079840633
  0.50675758399583881  0.51607605540761292  0.52516931353127916  0.53417778191160403
  0.54272203573154820  0.55020761359764625  0.55718363140524108  0.56407331149143591
  0.57129251920228252  0.57872314123915491  0.58613934438495419  0.59321145154643162
  0.59991380953906193  0.60697557894449861  0.61424408411836751  0.62146267287205792
  0.62851826397318433  0.63531641047966536  0.64204771942734762  0.64866090430554602
  0.65484559200689774  0.66123919818565169  0.66719091847180922  0.67299315143365912
  0.67866766266090672  0.68437385545568674  0.69022954261745217  0.69594711870622095
  0.70143860544125103  0.70679462342370880  0.71223248681717954  0.71773250528842458
  0.72317272565458068  0.72846235570451079  0.73356873718986615  0.73853555442067853
  0.74344442583388315  0.74832434215388421  0.75317380890005758  0.75796857606231050
  0.76291638071512802  0.76783813957220093  0.77260783351028917  0.77724367396832117
  0.78187641461450952  0.78660489134474099  0.79143986653833753  0.79630555598817221
  0.80104228471139705  0.80558301081797823  0.81002746842590923  0.81451806090824896
  0.81911434134518024  0.82377242295978359  0.82841848575801724  0.83307551096788035
  0.83783882655359321  0.84269797898708365  0.84760591498206816  0.85260864434680095
  0.85788259781596687  0.86330230244680861  0.86891539911956650  0.87485886115519018
  0.88131521387516021  0.88827578923203010  0.89580513217192037  0.90437074426897113
  0.91438860821517653  0.92729124661524553  0.94633090684977839  1.00000000000000000
   170.90279113377733       -1.0000000000000000     
 F F T F F F F T T F F F F T F F F F F F F F F F F F F F F F F F
  <DiscreteSampler_grid>
  grouped_processes
  1 # 1 for a reference and 2 for a running grid.
  10 # Attribute 'min_bin_probing_points' of the grid.
  1 # Attribute 'grid_mode' of the grid. 1=='default',2=='initialization'
  0.0000000000000000 # Attribute 'small_contrib_threshold' of the grid.
  0.5000000000000000 # Attribute 'damping_power' of the grid.
 # binID   n_entries weight   weight_sqr   abs_weight
    10   10   2.119925446014081E+011   2.734578152935980E+023   2.119925446014081E+011
  </DiscreteSampler_grid>
