  0.00000238354650803  0.00000239810203310  0.00000241264653239  0.00000242678762878
  0.00000244500715680  0.00000246529661081  0.00000248583340651  0.00000250856967859
  0.00000253660369622  0.00000256562610944  0.00000259564727272  0.00000262680380224
  0.00000265895249939  0.00000269202714561  0.00000272624762599  0.00000276359542200
  0.00000280423645242  0.00000284709155507  0.00000289063710211  0.00000293512052711
  0.00000298037752841  0.00000302709684856  0.00000307533809072  0.00000312483906597
  0.00000317606812602  0.00000323505726794  0.00000329686977865  0.00000336079252931
  0.00000342649539348  0.00000349407527849  0.00000356396244339  0.00000363517513882
  0.00000370814045249  0.00000379399389124  0.00000388467689637  0.00000397645037522
  0.00000406996239504  0.00000416631405725  0.00000426159918051  0.00000437185921550
  0.00000448846176283  0.00000460912453914  0.00000473321270255  0.00000485911244267
  0.00000498709207113  0.00000513196916846  0.00000528998971559  0.00000545094906083
  0.00000561613665049  0.00000579300534793  0.00000598664995407  0.00000619579926797
  0.00000641549377384  0.00000664224647129  0.00000688301840646  0.00000716195956439
  0.00000744491631249  0.00000773798006649  0.00000806635439442  0.00000842872570241
  0.00000880150296949  0.00000919748750933  0.00000964776569995  0.00001012746710429
  0.00001063464636902  0.00001119738690513  0.00001179701825916  0.00001245209321195
  0.00001317842851537  0.00001394125055461  0.00001479792982028  0.00001575349032633
  0.00001682021671786  0.00001803456555574  0.00001935679498036  0.00002088740666382
  0.00002261739260175  0.00002459000824447  0.00002688368244178  0.00002960100620868
  0.00003273727105630  0.00003634909406737  0.00004069753909250  0.00004578989370857
  0.00005191874327269  0.00005970298767545  0.00006987758192710  0.00008312868914993
  0.00009974362568035  0.00012109913727997  0.00015240457080303  0.00019688936730102
  0.00026967487903678  0.00046101025971132  0.00350537996505356  1.00000000000000000
 -0.00248707779977320  0.00956834176156439  0.01985268753060466  0.03037363622575812
  0.04117977418830774  0.05191414915842484  0.06259482602396232  0.07311961595221539
  0.08360149495282516  0.09389143271220994  0.10417238210435951  0.11471942710879386
  0.12533815579047408  0.13592403645078749  0.14634703822314674  0.15664637601584391
  0.16671959983441961  0.17669592279311669  0.18673134965121910  0.19699916734591735
  0.20740464244387072  0.21799860988167383  0.22867468800584406  0.23922543877887228
  0.24960939337523963  0.25998085716004921  0.27050079123269011  0.28140191442681539
  0.29224180170948449  0.30287150134706764  0.31351099801437798  0.32429761470419588
  0.33496875821236760  0.34524574147888903  0.35527087981735572  0.36549613187808777
  0.37584198876368496  0.38632823316902509  0.39688856720837068  0.40739533462559724
  0.41791476468996397  0.42828596092511445  0.43867507190608274  0.44909019043752740
  0.45951594212337599  0.47001513016553037  0.48062693902674408  0.49121278392828666
  0.50187619848389031  0.51255057681823879  0.52323604205544938  0.53388580684941112
  0.54471325176532837  0.55590229815131476  0.56688027123920759  0.57757314070506804
  0.58825850117616874  0.59908471067416713  0.60989053890501466  0.62040804043483111
  0.63088133170533978  0.64120187656284944  0.65162606315289251  0.66205318134369806
  0.67261862193932409  0.68325326754166638  0.69393525643705023  0.70473200435690564
  0.71544755432713858  0.72578723622354491  0.73581005251976572  0.74566321871398411
  0.75573531724459597  0.76604050881702113  0.77623387241856312  0.78673715493667273
  0.79768761029703827  0.80935629554699096  0.82026449027896131  0.83060506581592175
  0.84077874608955738  0.85107528649153330  0.86155340923469770  0.87203982542100855
  0.88269261679368838  0.89373632385257951  0.90471628408584848  0.91568470158816895
  0.92600533182707334  0.93631919463447377  0.94676761170686008  0.95716122814828131
  0.96761839779969594  0.97814990348584308  0.98905182393355384  1.00000000000000000
 -0.00196835728586893  0.01528055269508878  0.03067247288061371  0.04605172367793018
  0.06125238960729142  0.07631743107213310  0.09105174191859841  0.10567991057095778
  0.12035181517752319  0.13489027207720461  0.14902478795310453  0.16290573181913257
  0.17658930193948494  0.19037139724598606  0.20455856685392321  0.21882927642897629
  0.23293761029649887  0.24695027637032593  0.26090978267578180  0.27461308605798734
  0.28789361036225131  0.30086016393467729  0.31383510389279407  0.32689763875891875
  0.33994402385863798  0.35300494157237550  0.36613831061810631  0.37918553687546386
  0.39196777740661320  0.40434200845537588  0.41645119289064941  0.42845761188955728
  0.44053252286862704  0.45249926725892115  0.46433119467833095  0.47595310692090909
  0.48736847740980976  0.49871428738635021  0.50998117366365203  0.52106911330649885
  0.53184532363800474  0.54261928021678352  0.55366322556669112  0.56482000784265429
  0.57583966674265319  0.58663231950233052  0.59723022783915103  0.60766735545679640
  0.61803182063693118  0.62823300356819267  0.63822882121545876  0.64800974686307389
  0.65782366027844519  0.66768156911291832  0.67745332705815042  0.68701827215320210
  0.69638621429540160  0.70562590114014534  0.71481418886971981  0.72396408548270685
  0.73320281711154300  0.74252057812556282  0.75180845228352933  0.76092067643051020
  0.76990573550225527  0.77885305420750961  0.78776341821164253  0.79661762146355541
  0.80531975010444956  0.81390917088358139  0.82242891490040271  0.83078759730373919
  0.83902117033473600  0.84724855087335305  0.85536862022806759  0.86328577784094329
  0.87103378452292479  0.87863333516345576  0.88631186637811699  0.89396711160620168
  0.90153820157077480  0.90892704953997971  0.91611720594447288  0.92307164749855330
  0.92986154878931437  0.93660413648857388  0.94327390977496384  0.94991493108059510
  0.95651328081910936  0.96300373954151397  0.96918964578863886  0.97533281024421448
  0.98146016939144831  0.98759052320388019  0.99379760896843483  1.00000000000000000
 -0.01561810319971355  0.09989140896194415  0.13920044620702110  0.16352674237058257
  0.18229900914362748  0.19792892027861514  0.21148051322077033  0.22386890072762303
  0.23539981851324432  0.24608527020735757  0.25580859443746840  0.26506315385948603
  0.27404160716971110  0.28293974576491121  0.29140036028485750  0.29943546457398890
  0.30709297654081352  0.31453921092344195  0.32179079828889517  0.32887903444012923
  0.33578383070184809  0.34247879265846615  0.34906391523778751  0.35561484816901140
  0.36202695799834683  0.36840643691476260  0.37466413584368008  0.38071320220381322
  0.38667868035317782  0.39256395609360595  0.39836079661837981  0.40415497020652247
  0.40995252784698805  0.41570916035186145  0.42144594371841648  0.42711247648000983
  0.43257171122217419  0.43794288651920166  0.44323689890975437  0.44850380785907207
  0.45405468512481445  0.45967450550494260  0.46528825392255579  0.47087509644253311
  0.47640910708103135  0.48197489509611868  0.48761319504449202  0.49327598706487535
  0.49895711112840574  0.50471572057244185  0.51045690606935090  0.51608429940226197
  0.52180647199020092  0.52749815882330353  0.53335246776526790  0.53920386522230068
  0.54496428898251847  0.55068310590885550  0.55643357520901204  0.56223984863217968
  0.56813890461930916  0.57402445345115771  0.57976069610728798  0.58541340549820919
  0.59102341000420844  0.59680692254490886  0.60277299728988198  0.60890903224803472
  0.61514246621135349  0.62143146848451103  0.62785113473824639  0.63443256049086916
  0.64106043528536272  0.64764205093691740  0.65421649604898802  0.66086360622561924
  0.66772571923394897  0.67485090639072698  0.68222681014609976  0.68978479450058550
  0.69759685704679841  0.70549706997879225  0.71375490304153189  0.72257543548726444
  0.73169807330502723  0.74132459700057063  0.75119365002219862  0.76166411594262728
  0.77275662055008687  0.78489528333904990  0.79861015668545854  0.81415874444985858
  0.83202623771115258  0.85555451758286460  0.89057091500561836  1.00000000000000000
   2497.1820838037938       -1.0000000000000000     
 T F F F F T T F F T T F F F F T F F F F F F F F F F F F F F F F
  <DiscreteSampler_grid>
  grouped_processes
  1 # 1 for a reference and 2 for a running grid.
  10 # Attribute 'min_bin_probing_points' of the grid.
  1 # Attribute 'grid_mode' of the grid. 1=='default',2=='initialization'
  0.0000000000000000 # Attribute 'small_contrib_threshold' of the grid.
  0.5000000000000000 # Attribute 'damping_power' of the grid.
 # binID   n_entries weight   weight_sqr   abs_weight
    10   10   4.311193803980116E+011   8.862158320265004E+023   4.311193803980116E+011
    16   10   4.311937342416432E+011   8.864887647253536E+023   4.311937342416432E+011
  </DiscreteSampler_grid>
