  0.00000237933859672  0.00000240698241558  0.00000243547827988  0.00000245948153366
  0.00000247682153867  0.00000249811849506  0.00000252114750954  0.00000254470713935
  0.00000256904223960  0.00000259425650367  0.00000262015700702  0.00000264690397710
  0.00000267466937784  0.00000270303237577  0.00000273105257808  0.00000276305914887
  0.00000279661251141  0.00000283073941310  0.00000286595952549  0.00000290236226139
  0.00000293982391338  0.00000297809225318  0.00000301699936855  0.00000305732128761
  0.00000309847369247  0.00000314063065728  0.00000318573223027  0.00000323491789560
  0.00000328788951914  0.00000334330172509  0.00000339974753828  0.00000345828813100
  0.00000351919799908  0.00000358150105191  0.00000364524453536  0.00000371285909480
  0.00000378732236660  0.00000386525589697  0.00000394640540784  0.00000402926821821
  0.00000411352728876  0.00000420055945905  0.00000429185838861  0.00000438779858673
  0.00000449193853446  0.00000460280134737  0.00000471612968231  0.00000483254446242
  0.00000495176205699  0.00000508161571461  0.00000522540478173  0.00000537233694428
  0.00000552420997002  0.00000568075377375  0.00000585477652490  0.00000604308799114
  0.00000624153666930  0.00000644855259281  0.00000666571530790  0.00000689917537921
  0.00000715100215856  0.00000741532616640  0.00000769232206872  0.00000799315941928
  0.00000832393990059  0.00000867550000661  0.00000904575163245  0.00000945860826236
  0.00000990859045960  0.00001039039970768  0.00001091815231673  0.00001149979536954
  0.00001213044016606  0.00001284360800157  0.00001364480598336  0.00001453342920257
  0.00001552438788789  0.00001663409824752  0.00001791320411030  0.00001936537872932
  0.00002106143701522  0.00002301950717436  0.00002538512350797  0.00002815582531825
  0.00003142661264096  0.00003536772022626  0.00004031156434039  0.00004690648760247
  0.00005574471948825  0.00006825082060674  0.00008703824706614  0.00011802858842992
  0.00016852032420358  0.00029333312198926  0.00307806618905317  1.00000000000000000
 -0.00213662900766791  0.00924267433291610  0.01894615940629709  0.02921145635817399
  0.03957895375864597  0.05017597736750884  0.06045531111477314  0.07105101964582633
  0.08146462689460679  0.09226495515491019  0.10308035913543695  0.11370947374937811
  0.12422077741800440  0.13474882102872882  0.14538093656538079  0.15604190242266874
  0.16671845082580436  0.17724191873425205  0.18787311565429093  0.19840827168941255
  0.20893837295792672  0.21940799086092491  0.23002194777794926  0.24100585285296017
  0.25196587256377895  0.26282015340466969  0.27318131028167381  0.28347043548760004
  0.29366711570815757  0.30388603742997361  0.31421055492652172  0.32482663295256720
  0.33551234094715399  0.34620822335891660  0.35660924100963526  0.36689481965098181
  0.37719276982272798  0.38764339945586185  0.39829123428478796  0.40904582142264523
  0.41966758314412134  0.43001445588287623  0.44049116667060356  0.45104978420597025
  0.46169006860942219  0.47199123044158364  0.48226039947972077  0.49262076997549115
  0.50307793042718152  0.51340821792334457  0.52375799682779989  0.53423978367129166
  0.54487337186912854  0.55547533772009094  0.56618919255494293  0.57711264783756167
  0.58814326930937710  0.59892139532187083  0.60973867415781458  0.62032785976677107
  0.63083450988475764  0.64127001217063606  0.65182845047982141  0.66253709488153412
  0.67349514794578424  0.68454490484665420  0.69563587273622118  0.70668472634604917
  0.71771339765465048  0.72851947459326571  0.73900438493435883  0.74935130677129747
  0.75969022157823840  0.77015563025642753  0.78081558571134457  0.79165133539800370
  0.80258466139919993  0.81347323459783205  0.82434765204773552  0.83484370472073588
  0.84490989551862661  0.85493033651945838  0.86505838006925562  0.87531406515217347
  0.88559078656004731  0.89592002133891924  0.90635736262367372  0.91676075585255257
  0.92722658828188742  0.93798114816400024  0.94865984445203644  0.95920516734462502
  0.96936980019070529  0.97966777577047137  0.98971398414697731  1.00000000000000000
 -0.00337066383479876  0.01577825725351917  0.03193856866575609  0.04831681057402214
  0.06413771496349850  0.07957602871462256  0.09479667932416933  0.10981672104728511
  0.12473643217410728  0.13974042862179803  0.15463964837732302  0.16948750309009267
  0.18420373632701861  0.19871572229334436  0.21303036333185379  0.22733048338136086
  0.24155471858763305  0.25568586606494492  0.26968663383150493  0.28353748622231434
  0.29727657374674665  0.31092489963600844  0.32457452743840021  0.33803168427110414
  0.35131781930068195  0.36460390578112351  0.37788772068956605  0.39104822277645812
  0.40415155474594211  0.41713964475424220  0.42997192985119975  0.44283749092309582
  0.45552740203471265  0.46791540821249478  0.48017786969076554  0.49237701346012747
  0.50449244673436877  0.51653170030080875  0.52849968402033021  0.54037654175293581
  0.55218265448650894  0.56386965111387688  0.57533908242874809  0.58654152023898232
  0.59745067005383690  0.60814115918949174  0.61879082104999150  0.62943719005121657
  0.64003196922294436  0.65050185856468545  0.66086081280386255  0.67106420126163824
  0.68109340566098520  0.69101127971589793  0.70086094080078443  0.71063738686790989
  0.72028256541661195  0.72978444440355039  0.73918870760567423  0.74849277446801399
  0.75766125318194066  0.76669068114992867  0.77556246234651605  0.78426589641694167
  0.79289311523795780  0.80148237614195283  0.81003826090523356  0.81853651424775720
  0.82695354082523509  0.83515807525979524  0.84321195919417469  0.85107299721105523
  0.85873888842356305  0.86612753696922362  0.87350724880311093  0.88069653720278163
  0.88771059577908984  0.89470491252158890  0.90166611453903511  0.90849808447885194
  0.91515218175806168  0.92158929138240797  0.92795510014854854  0.93425078444808274
  0.94041975553510171  0.94651164857162029  0.95250068919201070  0.95828602706047361
  0.96383286199694440  0.96921654705276217  0.97451130829624610  0.97970830776255735
  0.98477942761088166  0.98978534892542736  0.99487723580035936  1.00000000000000000
 -0.01883233455685869  0.11580347427092658  0.15503859662525946  0.17917965504636696
  0.19759428254886519  0.21272716337666950  0.22594631301094331  0.23783718333994638
  0.24877739752245243  0.25891565223698315  0.26853838586233836  0.27758155486883967
  0.28611800311836655  0.29425762361945140  0.30209000704978989  0.30975641114414032
  0.31711458023474676  0.32419723168613768  0.33111951836153058  0.33794984685886259
  0.34466004732295713  0.35121523558138079  0.35758690867251763  0.36379091178158307
  0.36984202045275427  0.37580492077625816  0.38173308493932795  0.38765454819350820
  0.39352021052423397  0.39934360991605677  0.40506617415072438  0.41076849501759316
  0.41644650775178960  0.42213893526016466  0.42778629289459635  0.43337382639221878
  0.43882920143127846  0.44413145951224381  0.44947809246986081  0.45484481267994498
  0.46018516060150400  0.46552559495310114  0.47085583697439637  0.47617770502485945
  0.48152662758936338  0.48672262072509648  0.49189199501495440  0.49701716548203273
  0.50225082963358203  0.50756948225537457  0.51294529404314559  0.51825488960031896
  0.52354560113306259  0.52884715210726640  0.53419123663638302  0.53956778110607406
  0.54500234293002447  0.55045871660201173  0.55590856908220221  0.56134786211409227
  0.56683125320945738  0.57238950848024805  0.57800329837608688  0.58368193596369911
  0.58941045704090878  0.59517076098752764  0.60095829971868775  0.60676487394717527
  0.61262761305267222  0.61856894007496688  0.62461084075834916  0.63082279307536304
  0.63713835553481968  0.64353961243820623  0.65001220486472766  0.65655857822064601
  0.66318300536047481  0.66993771236730626  0.67684256442488189  0.68387229214272049
  0.69127790962178437  0.69905577699517440  0.70701666705481003  0.71545901997572348
  0.72422484807885990  0.73351548776839171  0.74314397009343669  0.75340381807906498
  0.76440287478283075  0.77640563118290662  0.78958417609893961  0.80476973618923131
  0.82321384317825796  0.84711084155864091  0.88805668525052628  1.00000000000000000
   1240.8372024331675       -1.0000000000000000     
 T F F F F T T F F T T F F F F T F F F F F F F F F F F F F F F F
  <DiscreteSampler_grid>
  grouped_processes
  1 # 1 for a reference and 2 for a running grid.
  10 # Attribute 'min_bin_probing_points' of the grid.
  1 # Attribute 'grid_mode' of the grid. 1=='default',2=='initialization'
  0.0000000000000000 # Attribute 'small_contrib_threshold' of the grid.
  0.5000000000000000 # Attribute 'damping_power' of the grid.
 # binID   n_entries weight   weight_sqr   abs_weight
    10   10   1.370340908244965E+012   1.521403803226792E+025   1.370340908244965E+012
    16   10   1.370397475688279E+012   1.521408824100588E+025   1.370397475688279E+012
  </DiscreteSampler_grid>
