 -0.00191646741624460  0.01490633789282109  0.01944226427618921  0.02417943979676920
  0.02937819027799229  0.03488691181046782  0.04073624637187190  0.04691323382853807
  0.05311529381957025  0.05940643349908997  0.06575401508023143  0.07237803741655108
  0.07915623182479438  0.08608014809007972  0.09327029567382239  0.10062999994887488
  0.10831494890246171  0.11616347554900509  0.12406035806852424  0.13213747970702816
  0.14028400988316891  0.14873113453569928  0.15738962643286175  0.16594532574446991
  0.17437203280265426  0.18320109749616267  0.19214955586450003  0.20113110517382862
  0.21033811956190790  0.21983006975615277  0.22946190315077897  0.23916789776064121
  0.24908447199579503  0.25929948888971527  0.26967263634944744  0.27997329422596384
  0.29044463273167304  0.30117763167337153  0.31220820471237598  0.32340844406812025
  0.33469351304103401  0.34620884127445650  0.35801305726188970  0.37012935412520198
  0.38240324564890071  0.39464834167406060  0.40691190461546128  0.41931858686655304
  0.43202457848373482  0.44496300182612109  0.45785597922603893  0.47079908398274573
  0.48375116614218683  0.49675901799629524  0.50993146182540772  0.52333720319278987
  0.53672634572318045  0.55013521953890598  0.56350288203996723  0.57691789287111006
  0.59009323288497950  0.60320888549872076  0.61630705492412863  0.62928462531630369
  0.64216108064454558  0.65501049581520754  0.66775134697303407  0.68037117661182389
  0.69281341189095769  0.70519761523095759  0.71753465682917617  0.72979059578343852
  0.74190974439792567  0.75387480263788620  0.76572986571867152  0.77747695955968898
  0.78903181200910177  0.80038118242112399  0.81162743476711330  0.82271034475813953
  0.83367012176044808  0.84483686324651708  0.85629935730327955  0.86771953419318382
  0.87890264125214834  0.88987432174692160  0.90070128704807828  0.91130983836091917
  0.92151068093651556  0.93157172174165392  0.94152086403220092  0.95153546018822399
  0.96191343697254139  0.97315923530677129  0.98583112433898012  1.00000000000000000
 -0.00226915106065192  0.00931679280524730  0.01938007326206554  0.02986198345329513
  0.04025557465562607  0.05057298329251801  0.06085421792568172  0.07149025808970554
  0.08201408747713207  0.09284957152734735  0.10358369823047534  0.11409990048573375
  0.12464698130971673  0.13527151442206350  0.14567317236511751  0.15597728179502687
  0.16614919629907562  0.17707842321388848  0.18796161069080677  0.19890761373352669
  0.20965703570825184  0.22077575513205414  0.23173536969644890  0.24235333366599210
  0.25271203937918152  0.26308423967759331  0.27338672176002865  0.28351063036420709
  0.29365326943828296  0.30413172873187411  0.31485561116463773  0.32553268693200826
  0.33615999266829460  0.34660475522136330  0.35698980054436957  0.36735516870898838
  0.37769023606720781  0.38822465857870347  0.39866899478032031  0.40916195829478053
  0.41962605892755661  0.43032457915554984  0.44093681478864988  0.45164166248034132
  0.46214224372544033  0.47275066790947640  0.48325858550701256  0.49373647256984887
  0.50435264432674654  0.51500233555345176  0.52566344305259305  0.53623871619936780
  0.54678505252157339  0.55744942624702931  0.56802796438501912  0.57860112960718979
  0.58899989327034685  0.59921311754437012  0.60930379828819936  0.61951716730573447
  0.62979152963031915  0.64030895383944963  0.65078345292044570  0.66135487467289855
  0.67190217415497466  0.68208359623593640  0.69237801006665911  0.70272050206679748
  0.71337311739889453  0.72405403846669547  0.73463965759714200  0.74528832054456839
  0.75575789798230808  0.76642978472078271  0.77704541184627840  0.78769862217149289
  0.79827350968741251  0.80870362397203688  0.81927722002096492  0.82966095485565616
  0.84008363615735204  0.85053662195828872  0.86121576259623500  0.87201668175191394
  0.88262153408405786  0.89331281224820358  0.90395452313327052  0.91446942837261025
  0.92481156013711563  0.93501327114294197  0.94561248276840726  0.95634406707562203
  0.96719173249755508  0.97796315449377547  0.98891669251305159  1.00000000000000000
 -0.00110821671282804  0.00806995496693375  0.01588036995933763  0.02361204927590911
  0.03154473451684795  0.03936219152975678  0.04743425541479990  0.05536652740790608
  0.06330213508441282  0.07125547644365338  0.07925216120122663  0.08724062634729024
  0.09519728827779066  0.10320381169226356  0.11120737321941830  0.11919618056779749
  0.12718162878006706  0.13532449102634295  0.14361757564338215  0.15189518210104191
  0.16013989766088749  0.16841556112141462  0.17670122220316517  0.18496721251028903
  0.19321702751205219  0.20147358486872913  0.20980470853294922  0.21825491169141847
  0.22679184218836648  0.23535949567372583  0.24391756165126480  0.25242357731456044
  0.26088294299626180  0.26941973041418465  0.27813397510463761  0.28695056457109264
  0.29566745379788578  0.30414932517307941  0.31259615436860949  0.32116202597997134
  0.32985896738434572  0.33881687687798034  0.34783877750590542  0.35689105167680268
  0.36617961121603620  0.37534924068266440  0.38483364752796279  0.39431737559290847
  0.40381656787939074  0.41326340930870537  0.42263124472504876  0.43202541166709757
  0.44153937665243548  0.45115308200953580  0.46083942892634383  0.47055083239518214
  0.48029931391534975  0.49008242968756716  0.49985526595128410  0.50961953820712025
  0.51941106319227226  0.52928335693336648  0.53919842607511725  0.54918798085535780
  0.55926557326300907  0.56940859633425900  0.57960129931148563  0.58977290091902834
  0.59989410214936500  0.61013139427814977  0.62049387891569741  0.63099514238360321
  0.64155176360360966  0.65251470856440263  0.66388697844517597  0.67541587216165810
  0.68697499510119375  0.69853784411098718  0.71017994721169675  0.72197665700473257
  0.73397790192089885  0.74619735394332920  0.75876069380135125  0.77182547777354804
  0.78531820036110089  0.79920201738166319  0.81341530937332285  0.82785015394984818
  0.84280862223986586  0.85863794386175873  0.87551236399256371  0.89364323241620480
  0.91349996338627515  0.93578474985052451  0.96342746017101377  1.00000000000000000
 -0.01734640682155066  0.11243014232940923  0.16760866427269516  0.19869585207990229
  0.22313180509333549  0.24306507334918043  0.26083081077257908  0.27697843545745898
  0.29193020616949716  0.30598417330644129  0.31934672775180240  0.33213427222498515
  0.34440519265032205  0.35633204223126697  0.36802925485438553  0.37935911266659533
  0.39036410980164260  0.40117189234952461  0.41189305370223167  0.42231386029890178
  0.43249981587084291  0.44269865019879628  0.45294061530184576  0.46292085587367726
  0.47255060682846245  0.48201457962739974  0.49139628087993226  0.50066673473951107
  0.50977641690401365  0.51876617502724143  0.52774565335703216  0.53664381840569009
  0.54543018934598553  0.55409861721426978  0.56265839148760388  0.57110653891460728
  0.57953752279846471  0.58787816350367095  0.59615569372476940  0.60430540404129629
  0.61235015084238631  0.62020875451246849  0.62784279239496166  0.63531011027859619
  0.64269144803750922  0.65002593478562321  0.65730039934874418  0.66449750453398226
  0.67155220321081188  0.67846649586871643  0.68526061057582965  0.69186845008889220
  0.69828834948346608  0.70458118331230057  0.71074003715416645  0.71679856654505703
  0.72279521203437003  0.72874204714582902  0.73457240434187787  0.74030798136662979
  0.74593758735684479  0.75153677545440867  0.75709842591624954  0.76260676108369152
  0.76804909520226305  0.77339569248565887  0.77861571721509137  0.78379231705323860
  0.78891804554361544  0.79402497732965316  0.79910920889927661  0.80413062485828202
  0.80915291002337875  0.81409057481778579  0.81893633023440071  0.82379879499221320
  0.82869446332131436  0.83361937642584172  0.83860048679868382  0.84360854846313293
  0.84860411662142277  0.85364758551897491  0.85864490491432066  0.86378683158470337
  0.86899994549351589  0.87434613841271025  0.87994124406383023  0.88569233809478654
  0.89160649449768681  0.89792987192382068  0.90486641240633647  0.91257732737582697
  0.92174229938028307  0.93341749062022950  0.95227005844576795  1.00000000000000000
   7.1867310917478833E-002  -1.0000000000000000     
 T F F T F F F F F F F F T F F T F F F F F F F F F F F F F F F F
  <DiscreteSampler_grid>
  grouped_processes
  1 # 1 for a reference and 2 for a running grid.
  10 # Attribute 'min_bin_probing_points' of the grid.
  1 # Attribute 'grid_mode' of the grid. 1=='default',2=='initialization'
  0.0000000000000000 # Attribute 'small_contrib_threshold' of the grid.
  0.5000000000000000 # Attribute 'damping_power' of the grid.
 # binID   n_entries weight   weight_sqr   abs_weight
    10   10   3.562393091879869E+008   1.360747104342073E+017   3.562393091879869E+008
  </DiscreteSampler_grid>
