  0.00000238068637370  0.00000243115021516  0.00000246206642140  0.00000248332771841
  0.00000250876205462  0.00000253509124941  0.00000256226972644  0.00000259028829389
  0.00000261906843220  0.00000264834896576  0.00000267819451673  0.00000270837160264
  0.00000273951504615  0.00000277339857956  0.00000281150300583  0.00000284970513442
  0.00000288862015543  0.00000292833712494  0.00000296901149061  0.00000301066727875
  0.00000305313166189  0.00000309608593686  0.00000313964911183  0.00000318629375265
  0.00000324024088143  0.00000329989600649  0.00000336188430689  0.00000342523034308
  0.00000349007569819  0.00000355663404633  0.00000362342437746  0.00000369124422589
  0.00000376878002479  0.00000385027490771  0.00000393438397195  0.00000402121095629
  0.00000411064167755  0.00000420233322153  0.00000430067096535  0.00000440639722165
  0.00000452253939609  0.00000464290695517  0.00000476538726923  0.00000488985872686
  0.00000502141833138  0.00000517155117315  0.00000532438284989  0.00000548290148137
  0.00000564557414401  0.00000582394820316  0.00000601788197199  0.00000622452749464
  0.00000643961610993  0.00000666456414682  0.00000691024366670  0.00000717717555067
  0.00000745810996509  0.00000774740081497  0.00000805564631169  0.00000840431462238
  0.00000876395343938  0.00000914380664103  0.00000955598303046  0.00000999770701545
  0.00001044124581955  0.00001095364075858  0.00001150724323682  0.00001209234863690
  0.00001277068944875  0.00001353530802307  0.00001434241160793  0.00001523378064970
  0.00001620068381897  0.00001728178354672  0.00001855959862541  0.00001995498884350
  0.00002149247736699  0.00002319293512812  0.00002513436638833  0.00002739726092065
  0.00003002466852764  0.00003306178056551  0.00003669516593649  0.00004105202169578
  0.00004620910737835  0.00005289142053574  0.00006143745029266  0.00007244589485259
  0.00008747886540554  0.00010822314516886  0.00013672477668915  0.00017613759418899
  0.00024386909356464  0.00040634759897128  0.01605265873945298  1.00000000000000000
 -0.00245252847288946  0.00952393704579699  0.01952347377936169  0.02985381640332737
  0.04026809435379530  0.05061394819894972  0.06087912377620971  0.07086899375931170
  0.08081697129519025  0.09124122471754444  0.10152190433758536  0.11200619417681164
  0.12237759558484618  0.13291557129015519  0.14353303774534448  0.15410781756361638
  0.16455278178567426  0.17495418623199344  0.18536314849912663  0.19585083092112873
  0.20677641008790648  0.21736152053253177  0.22769761209525899  0.23780165808610537
  0.24800459141361150  0.25845286254283018  0.26889372581433479  0.27954621858902845
  0.29039401776125306  0.30126723423380569  0.31231517366812717  0.32332129971506085
  0.33412498519113859  0.34500071149045292  0.35576528947848712  0.36668053729793576
  0.37743424269601189  0.38808919635809452  0.39848980662049460  0.40868455043821028
  0.41870004398368027  0.42879955638700396  0.43903148139508796  0.44945166069456427
  0.46015294835860887  0.47110316489436654  0.48183277464997237  0.49184640876661628
  0.50179070011298221  0.51220095960085754  0.52271230228346910  0.53322519554954151
  0.54369642661310913  0.55474898515652471  0.56568381016337432  0.57615237099574401
  0.58662972843238714  0.59700606635390707  0.60788511528779421  0.61872573877572412
  0.62952135067144044  0.64007354242689585  0.65078386539717936  0.66152728805065364
  0.67240480122180180  0.68322164454129464  0.69384584639073665  0.70393921504739787
  0.71374669660690437  0.72369374333632430  0.73397465147020802  0.74446151651067061
  0.75454696634048291  0.76444012786560334  0.77448666433452651  0.78514422567165143
  0.79610244155666277  0.80740890498589901  0.81861925606147345  0.82990037892085622
  0.84096439826147273  0.85200244785212531  0.86297796156517692  0.87384428226589794
  0.88440843355873533  0.89489378906174999  0.90522108728497963  0.91573675538311883
  0.92578976558108261  0.93600338663922100  0.94646979461488912  0.95717958636036549
  0.96780139027657097  0.97832669773233549  0.98911855720888464  1.00000000000000000
 -0.00029224540637136  0.01472633691201398  0.02986760263148999  0.04531624570852871
  0.06047743322698374  0.07513667076971191  0.08934635974311105  0.10340576057797690
  0.11757796445091419  0.13164225319417017  0.14575461484819013  0.16023565107534538
  0.17460311891711758  0.18882854105241967  0.20289846297361600  0.21679965091622636
  0.23047058957836805  0.24400084871585920  0.25729788714037499  0.27055081808903514
  0.28389750280883241  0.29722960591069486  0.31049371014639326  0.32364914456407406
  0.33666884753700244  0.34952078395645836  0.36259691350542034  0.37547085095168031
  0.38828450975333073  0.40081906743187840  0.41359027781970914  0.42578270254090550
  0.43769192177562372  0.44949584467266052  0.46123946946054922  0.47301053304136154
  0.48482399638660612  0.49670479897368386  0.50865073566964358  0.52057151078773845
  0.53224067815259057  0.54369975913110646  0.55502466619456914  0.56625127479943205
  0.57735128972112160  0.58841850584313593  0.59938296782396294  0.61019025135228466
  0.62086095685590925  0.63145884470368174  0.64201629428687057  0.65252065325208630
  0.66294299126387601  0.67313784090266937  0.68315772692742482  0.69305887221397677
  0.70294265736419137  0.71271991191986739  0.72226361154366658  0.73156516467843458
  0.74080484866969110  0.75009821695815804  0.75948491709176036  0.76889448149284667
  0.77823416633569498  0.78757223866603843  0.79685197423956577  0.80593819164823033
  0.81479611164993049  0.82330654680459270  0.83172289521287079  0.83983866222171766
  0.84785506025634616  0.85573464342181726  0.86350466046229546  0.87114694640314971
  0.87866142838811190  0.88598560649445035  0.89329757946267685  0.90069534817014429
  0.90809547404414093  0.91527336456268815  0.92227484621641043  0.92915473051280406
  0.93578916683236413  0.94206129490944635  0.94807901175476328  0.95402620817018435
  0.95996144770707870  0.96595467025037463  0.97185390360234714  0.97760895328227970
  0.98320890426474017  0.98874574638005297  0.99436108116105715  1.00000000000000000
 -0.01256566948782837  0.10384110731703926  0.14206933749840212  0.16530853973049428
  0.18353210338249132  0.19927607586628737  0.21326524504226088  0.22577740572410460
  0.23716436081225242  0.24764827452074836  0.25746967954901090  0.26678449866649523
  0.27568612436196149  0.28421726050419427  0.29237363232631147  0.30019435800682792
  0.30791816461046079  0.31556619574361033  0.32295545906103812  0.33008265977456075
  0.33695627224584729  0.34354134367251121  0.35011516943699206  0.35664715355377657
  0.36318242784499349  0.36973454581237020  0.37612546351583082  0.38230076480101877
  0.38832758926878530  0.39424730411600101  0.40014583549555416  0.40612579729998699
  0.41204104566499611  0.41803646999526600  0.42405463200246918  0.43002536126000296
  0.43593185984755201  0.44168001190235950  0.44734124704758249  0.45298811395604088
  0.45856248458821114  0.46402725977956322  0.46949983476784468  0.47502164897940197
  0.48055078844454752  0.48606885200023975  0.49161455089766321  0.49725901768442970
  0.50298054471371523  0.50877419288953363  0.51457081681980543  0.52038339691432856
  0.52619529727899117  0.53194934844162256  0.53760598756230948  0.54313143336865632
  0.54854506321499075  0.55400205205548059  0.55943444671939146  0.56494115768336461
  0.57040811686956905  0.57597749136925769  0.58163038719044469  0.58738977999046837
  0.59325757038759430  0.59921649796759680  0.60522248198676110  0.61129289240532325
  0.61738961398365311  0.62359209619221512  0.62998449830138981  0.63645420779586726
  0.64291516744499788  0.64937686502434411  0.65592907002745415  0.66265476409507018
  0.66961379291318535  0.67694199137926692  0.68427184630361793  0.69178127481827467
  0.69952215973942578  0.70741622836595630  0.71580903312076605  0.72458758874292462
  0.73379910614898436  0.74340873593617607  0.75337296260420550  0.76382281846742128
  0.77521010248631628  0.78768868717929708  0.80127301631547843  0.81648002017643162
  0.83456576571679042  0.85739891361001574  0.89469784184069101  1.00000000000000000
   2495.2764264698444       -1.0000000000000000     
 T F F F F T T F F T T F F F F T F F F F F F F F F F F F F F F F
  <DiscreteSampler_grid>
  grouped_processes
  1 # 1 for a reference and 2 for a running grid.
  10 # Attribute 'min_bin_probing_points' of the grid.
  1 # Attribute 'grid_mode' of the grid. 1=='default',2=='initialization'
  0.0000000000000000 # Attribute 'small_contrib_threshold' of the grid.
  0.5000000000000000 # Attribute 'damping_power' of the grid.
 # binID   n_entries weight   weight_sqr   abs_weight
    10   10   2.335431832487091E+010   8.477279832933343E+020   2.335431832487091E+010
    16   10   2.337820099142144E+010   8.485567746584349E+020   2.337820099142144E+010
  </DiscreteSampler_grid>
