  0.00000236790057590  0.00000238329180697  0.00000239564840239  0.00000240859772994
  0.00000242263402060  0.00000243656160630  0.00000244990459034  0.00000246337403940
  0.00000247695572976  0.00000248957000076  0.00000251213129081  0.00000254245005150
  0.00000257242252271  0.00000260421216958  0.00000263710412337  0.00000267096505079
  0.00000270567729240  0.00000274062865052  0.00000278334458095  0.00000282948721502
  0.00000287610847304  0.00000292358587760  0.00000297303602472  0.00000302388027722
  0.00000307586855358  0.00000312880866176  0.00000318343298656  0.00000325015792146
  0.00000332106826385  0.00000339340424668  0.00000346765234771  0.00000354421732922
  0.00000362252074462  0.00000370884647042  0.00000380625423206  0.00000391199039610
  0.00000402237738261  0.00000413539569217  0.00000425331211229  0.00000437851866285
  0.00000451458302373  0.00000465839417158  0.00000480782287451  0.00000496308983052
  0.00000512826460624  0.00000532543002395  0.00000552266003784  0.00000573506539934
  0.00000596842911527  0.00000622371475758  0.00000649624020099  0.00000676655581829
  0.00000709030956363  0.00000742789014290  0.00000778680930215  0.00000817970718287
  0.00000860346515884  0.00000905719581626  0.00000954354924658  0.00001008486588076
  0.00001061710341955  0.00001127061303181  0.00001194474667913  0.00001272831126520
  0.00001359094078670  0.00001453497887298  0.00001558041064002  0.00001674008175088
  0.00001804022929909  0.00001950590753867  0.00002115154961169  0.00002303217127643
  0.00002512865166696  0.00002744266581943  0.00003009149884546  0.00003324255059358
  0.00003708635383144  0.00004155234737510  0.00004678162287061  0.00005274817324423
  0.00005984465827074  0.00006838669007287  0.00007890647541342  0.00009288198401238
  0.00011019495468081  0.00013316841370843  0.00016408968610405  0.00020963156945875
  0.00027470535941535  0.00036422143093336  0.00051778197792144  0.00075476573742636
  0.00155151045677227  0.00333342237575822  0.00932960937545967  1.00000000000000000
 -0.00257632988830166  0.01009351191700430  0.02056357182235174  0.03132055491884801
  0.04183688601316053  0.05223729007577951  0.06258719850316055  0.07314806147632408
  0.08357916336423084  0.09409471248645454  0.10471218770088798  0.11493910865895628
  0.12541980734253610  0.13590438702412111  0.14693768067663118  0.15714010114655699
  0.16713196038440908  0.17766335404215958  0.18848417749135202  0.19930613671652725
  0.20962042162935912  0.21999147980283007  0.23038544025317767  0.24057702461129804
  0.25075770711681000  0.26083718259519983  0.27088676173748766  0.28121827044769698
  0.29165731855411070  0.30231034115422895  0.31294295226819685  0.32383089265573234
  0.33485159650885266  0.34555583992751604  0.35611424645437229  0.36676998881518225
  0.37745863357345660  0.38744420844360994  0.39763058349069036  0.40804754330336857
  0.41896819609572694  0.43002369951369590  0.44059714964672325  0.45108211538733017
  0.46118763016447301  0.47125199074000340  0.48166157964099782  0.49212554361833610
  0.50237736852977932  0.51255050072613362  0.52306566578868929  0.53359344643328088
  0.54400286484103877  0.55448892968228614  0.56518796040173591  0.57595652429660882
  0.58696586826218822  0.59818386260569167  0.60923945928305745  0.62010753696813725
  0.63091977772067620  0.64197052006706934  0.65304752448349124  0.66380101016504167
  0.67425878991611365  0.68472931743315724  0.69548647438493127  0.70651118675503544
  0.71745747394860471  0.72820298434206965  0.73880948496393661  0.74942534664441685
  0.76015906979144388  0.77096726396185566  0.78190618440835380  0.79288429039341968
  0.80397890193596322  0.81501706698666765  0.82590445440251625  0.83674858982772082
  0.84751936715168485  0.85840940996935311  0.86933689652370327  0.88039729700623248
  0.89167347283072940  0.90305061431972355  0.91439872115465359  0.92423766988821821
  0.93246336030256338  0.94067019282927966  0.94903324666201450  0.95883276100526182
  0.96848877506708442  0.97814114149945031  0.98868004049284663  1.00000000000000000
 -0.00460057720789910  0.02534253099889971  0.05029327581345287  0.07481210475818577
  0.09887810628791549  0.12210206253581168  0.14459913797457966  0.16679873848460597
  0.18866215175357118  0.21002854370355778  0.23095091460051101  0.25145486302656023
  0.27167967159914264  0.29161169396635794  0.31111695372311837  0.33013302662249838
  0.34865041184347784  0.36674109651076114  0.38466043344024298  0.40230891072288594
  0.41969951401142153  0.43672979128369727  0.45342535561686503  0.46945457866395657
  0.48511919211289667  0.50042775777601400  0.51544427779027568  0.53015342357624240
  0.54460585739404110  0.55895474687603819  0.57306391097969589  0.58686495925223348
  0.60034899752214554  0.61352602949693147  0.62654727472605598  0.63934274769203570
  0.65187561968432728  0.66406909661088454  0.67606516906375513  0.68775115717600899
  0.69904765400820601  0.70996017199920580  0.72063867051031583  0.73117373561514654
  0.74154313382377490  0.75172967540639180  0.76176472320161048  0.77162313492062351
  0.78117637009774388  0.79043967773164703  0.79942282537264864  0.80825217396266047
  0.81685076774555987  0.82520072363330310  0.83327960674180235  0.84105647329593658
  0.84865397248115015  0.85607746421110853  0.86327978090795843  0.87025216162116770
  0.87699730119901054  0.88353327108047297  0.88995223303085602  0.89628823165623384
  0.90246995123604901  0.90846043006800492  0.91429573455060520  0.91983030758135520
  0.92510549384497187  0.93026143080930102  0.93536047379695153  0.94007773734833999
  0.94451802413998054  0.94887845613743982  0.95313494323864056  0.95722521698496277
  0.96077790396243357  0.96406523778440412  0.96726102533733560  0.97039346867885945
  0.97345725170111019  0.97639128997157432  0.97914073320098449  0.98169027891076244
  0.98407964790674918  0.98628432806926092  0.98833456779567586  0.99029597605129582
  0.99207733106458373  0.99349441948105222  0.99485017302930634  0.99607432771940296
  0.99718281963585187  0.99815621252464914  0.99908665416619347  1.00000000000000000
 -0.01119521529529224  0.06379099985809659  0.09098473951821261  0.10852445100872786
  0.12239120012865916  0.13394856248850709  0.14439784106736703  0.15388602678128796
  0.16301311937975846  0.17154023724315404  0.17976601708062168  0.18781010363389983
  0.19569637703875314  0.20349150020363815  0.21129567733001084  0.21912464029923398
  0.22683452522944397  0.23445244158876752  0.24208267970948641  0.24983619251408842
  0.25767620448344203  0.26536485737172610  0.27298745490888049  0.28071991424277232
  0.28857778349861918  0.29639066582971818  0.30397107249487243  0.31171461428843278
  0.31960719658623221  0.32753856134153059  0.33542522906940553  0.34347601230796526
  0.35184880759710568  0.36094419389083904  0.37031525926636688  0.37937778315004189
  0.38815346548588381  0.39682905675019120  0.40560682293089728  0.41471205321916232
  0.42425913831822848  0.43360157196031468  0.44239134112485323  0.45114573177584671
  0.46032393613437045  0.46973892047437515  0.47894428276145584  0.48787930156751730
  0.49699985581589318  0.50664237932214773  0.51659836146996485  0.52669655217205646
  0.53696506797415000  0.54660726634878620  0.55578935962891185  0.56525651285968959
  0.57486409812741879  0.58419323581985105  0.59198742010323047  0.59993696938229679
  0.60803453607781366  0.61685578057520418  0.62607017579894142  0.63498250389893585
  0.64361026939273358  0.65188411374496202  0.65994450302246466  0.66826628683338918
  0.67678071589577304  0.68548773645800909  0.69421655229835610  0.70310572091196977
  0.71177332007285865  0.72077184933531857  0.72937311827502782  0.73813502328268588
  0.74676159619631943  0.75514350141841391  0.76332908940438382  0.77143263346025592
  0.77944741246051452  0.78745908822486654  0.79547529158278607  0.80350010969845487
  0.81164419138507971  0.82010628732935964  0.82879206464127686  0.83763494541419192
  0.84679161944974379  0.85641133859536955  0.86698784236754867  0.87855906538432527
  0.89228172965231078  0.90954880320997999  0.93646131633824370  1.00000000000000000
   2.9441048714173950       -1.0000000000000000     
 F F F T F T T F F T T F T F F F F F F F F F F F F F F F F F F F
  <DiscreteSampler_grid>
  grouped_processes
  1 # 1 for a reference and 2 for a running grid.
  10 # Attribute 'min_bin_probing_points' of the grid.
  1 # Attribute 'grid_mode' of the grid. 1=='default',2=='initialization'
  0.0000000000000000 # Attribute 'small_contrib_threshold' of the grid.
  0.5000000000000000 # Attribute 'damping_power' of the grid.
 # binID   n_entries weight   weight_sqr   abs_weight
    10   10   2.127848165746527E+010   3.587974450213931E+021   2.127848165746527E+010
    16   10   2.127848165746527E+010   3.587974450213931E+021   2.127848165746527E+010
  </DiscreteSampler_grid>
