  0.00000235814105929  0.00000239699434199  0.00000245552909403  0.00000251579915527
  0.00000257272280412  0.00000263436407069  0.00000269851936434  0.00000276536880647
  0.00000283799024991  0.00000291283388354  0.00000298887452426  0.00000306580426502
  0.00000314431769168  0.00000322867398539  0.00000331822061928  0.00000341110810376
  0.00000350629529954  0.00000360468006223  0.00000370789353251  0.00000381826797569
  0.00000394057566181  0.00000406432388337  0.00000419004415774  0.00000432359103308
  0.00000447013710476  0.00000462580015200  0.00000478378422384  0.00000494698608552
  0.00000512869549452  0.00000532631519830  0.00000552775680172  0.00000573181211475
  0.00000596005328802  0.00000620754775785  0.00000646175558935  0.00000672457431599
  0.00000700244412102  0.00000730613960085  0.00000761299623816  0.00000794929456839
  0.00000831482910964  0.00000869911332235  0.00000910004399089  0.00000954548165379
  0.00001001616040185  0.00001050837468475  0.00001104355757222  0.00001161659906012
  0.00001221696818928  0.00001286831123662  0.00001357177146894  0.00001428812894425
  0.00001508312361589  0.00001593189299783  0.00001683968231967  0.00001784817383486
  0.00001889323939712  0.00002003317269364  0.00002128329734363  0.00002261262989210
  0.00002409433530056  0.00002569530803373  0.00002744553265375  0.00002937411392606
  0.00003142225532458  0.00003378015383701  0.00003624226510493  0.00003906100973429
  0.00004196720416483  0.00004521840311844  0.00004868307682896  0.00005262524904406
  0.00005695150046917  0.00006189542221976  0.00006769402356212  0.00007436139961891
  0.00008181680294131  0.00008991202928327  0.00009905809283988  0.00010933964104519
  0.00012034023892984  0.00013230870512606  0.00014552384978353  0.00016122877889518
  0.00017961168384909  0.00020565262205622  0.00024565681233944  0.00028852924503829
  0.00033744317464888  0.00039787384777842  0.00047089364838084  0.00055899963176661
  0.00066942536663344  0.00082579837629632  0.00244418781383558  1.00000000000000000
 -0.00236296986794964  0.00990161089799478  0.02006024573726714  0.03060209488490006
  0.04089196778925600  0.05138129381945054  0.06192861145725825  0.07244155552485647
  0.08285077986288637  0.09329378665186276  0.10360729370191843  0.11389359920875010
  0.12411579542477189  0.13491491433986755  0.14545768493020783  0.15607198172526526
  0.16653760421468380  0.17726277346339298  0.18800295584559676  0.19852675269984640
  0.20901697888699791  0.21957137162363474  0.23010236289018174  0.24061578120316537
  0.25102034505246534  0.26155264566851272  0.27201681828437324  0.28256404824893439
  0.29312256347947779  0.30363383703435737  0.31401411477914531  0.32444673144868408
  0.33496464501099482  0.34572553557155239  0.35651732434309263  0.36751004872975096
  0.37855018708398980  0.38965820563687797  0.40057346310270597  0.41164340597309801
  0.42260220813903759  0.43340373544895233  0.44386818835490977  0.45428727993879509
  0.46487274689044372  0.47552693469800106  0.48628520922802698  0.49694189034056108
  0.50743817729221286  0.51807921877230811  0.52889503497908996  0.53972257927791356
  0.55040259840601569  0.56095160397712573  0.57147496461334624  0.58184173764415081
  0.59217505459365327  0.60256360835657630  0.61298461409534222  0.62333690812028530
  0.63360750377203745  0.64397394656117557  0.65451840185459009  0.66507776308994826
  0.67566154042595938  0.68628993323261511  0.69681460453661104  0.70743171463899879
  0.71790134482085921  0.72831231835567756  0.73845252744005629  0.74861654336817807
  0.75918710651346777  0.76971255672116179  0.78013480928357970  0.79048536637590150
  0.80113816516601355  0.81187041329307408  0.82239048610782961  0.83278973275568546
  0.84315429834586353  0.85362279233991589  0.86414278759802621  0.87466187418419494
  0.88518474934254898  0.89558270520284899  0.90618059005506868  0.91677752906830923
  0.92740969365813786  0.93782804687739252  0.94826680328326962  0.95866859909292190
  0.96909556136988984  0.97938013350778574  0.98978127644160407  1.00000000000000000
  0.00276890356629107  0.01679278340962771  0.03003329263900321  0.04417371341916222
  0.05795025088713728  0.07168889984983350  0.08534125889310393  0.09894559514353736
  0.11239919761052561  0.12579975825894957  0.13932241463546480  0.15273448614679047
  0.16581744211293570  0.17877243417721228  0.19149790252768553  0.20398074520515375
  0.21634276736208638  0.22870639006846119  0.24091073662670395  0.25304262754013651
  0.26514622028519569  0.27727566156303701  0.28935127836526064  0.30132876651068541
  0.31316058270401409  0.32487179936674071  0.33649023281092383  0.34814235315229192
  0.35978144211331137  0.37131716728692893  0.38269150721231976  0.39393049811228964
  0.40507460929139916  0.41611680323971506  0.42703670207218053  0.43786495519007634
  0.44863860751997947  0.45929652264245396  0.46985318447763802  0.48038617389808919
  0.49091163026114010  0.50133991270742140  0.51158766579901249  0.52171967854084667
  0.53177350846563554  0.54173196023863279  0.55161564654072837  0.56142116651354956
  0.57115157845994291  0.58081181038771501  0.59041855163321855  0.59998233159556269
  0.60957592315543663  0.61922577942745838  0.62887316168341523  0.63845706954915327
  0.64794298786847304  0.65742468191758185  0.66686447799943993  0.67612128233573665
  0.68524751321050392  0.69428283505939214  0.70329634331311663  0.71235508313609752
  0.72141957063163231  0.73042467216125895  0.73936106351471220  0.74817443149903884
  0.75694758262863970  0.76579834737364794  0.77466289571201485  0.78341807267374275
  0.79204628206548200  0.80057141877240601  0.80920732128291373  0.81786832791856734
  0.82648363758896992  0.83515574429533657  0.84378175719985338  0.85232420536793829
  0.86076507355287502  0.86916750535431264  0.87762841037531691  0.88617155719354490
  0.89475170052571595  0.90325841184459021  0.91169936106174876  0.92024946991831835
  0.92895598868935003  0.93778816944000676  0.94690363538968536  0.95593537004805773
  0.96553104830954750  0.97552105198665928  0.98710287440303002  1.00000000000000000
 -0.00959160426059955  0.09085818165888881  0.14814719045559990  0.18009277996323406
  0.20437207882368585  0.22512201132948639  0.24330231286540818  0.25985235032777360
  0.27514190654689807  0.28962485550329237  0.30323650263075741  0.31611711126922531
  0.32858771263782299  0.34046836531501712  0.35200381987428853  0.36327945796314343
  0.37434496804665496  0.38514309417157533  0.39561508672838941  0.40593683243520962
  0.41619359459762983  0.42643686888949101  0.43649093561415592  0.44631263566069468
  0.45590244765309645  0.46536155126207646  0.47476238478001520  0.48413870546331056
  0.49347258860797311  0.50276199094427998  0.51202754243163573  0.52121811355372705
  0.53027761940736062  0.53912439097978793  0.54774927665097684  0.55618542772694934
  0.56453381710513739  0.57272634291714841  0.58079123798162091  0.58870792336786448
  0.59654790971956040  0.60430059774280831  0.61204110775373499  0.61973541078140337
  0.62740957352231952  0.63493103098964376  0.64237193199461506  0.64960733824511141
  0.65668171645826146  0.66367408921960025  0.67049662659052178  0.67721684219874856
  0.68386242909053729  0.69041506585435297  0.69689650408829440  0.70330630190846055
  0.70962811478626364  0.71582557514748402  0.72195684118694781  0.72802624595181697
  0.73396123159255122  0.73975648286765172  0.74550222291161994  0.75118641901035477
  0.75681204575767558  0.76239360777831566  0.76795871247331371  0.77345039101252733
  0.77885136334358673  0.78423721737385765  0.78955104188440539  0.79485220271380430
  0.80017006941749125  0.80544889501844319  0.81073979039829147  0.81595987789268765
  0.82114800827265233  0.82631173497784693  0.83146612447055634  0.83665384970772050
  0.84188796144633593  0.84715289327526599  0.85241859773280715  0.85792566949984472
  0.86352126810423957  0.86920447268242518  0.87511159419607143  0.88139079304522649
  0.88798287562245271  0.89495918930495721  0.90268143453528005  0.91138128469134549
  0.92169475247282884  0.93485725564854760  0.95514139370440621  1.00000000000000000
  0.43896917659408530       -1.0000000000000000     
 F T T F F F F F F F F F F T T F F F F F F F F F F F F F F F F F
  <DiscreteSampler_grid>
  grouped_processes
  1 # 1 for a reference and 2 for a running grid.
  10 # Attribute 'min_bin_probing_points' of the grid.
  1 # Attribute 'grid_mode' of the grid. 1=='default',2=='initialization'
  0.0000000000000000 # Attribute 'small_contrib_threshold' of the grid.
  0.5000000000000000 # Attribute 'damping_power' of the grid.
 # binID   n_entries weight   weight_sqr   abs_weight
    10   10   3.969801288649495E+009   8.634191482399638E+019   3.969801288649495E+009
    16   10   3.963489728112585E+009   8.633982778261851E+019   3.963489728112585E+009
  </DiscreteSampler_grid>
