  0.00000236887369635  0.00000238526781942  0.00000240130517844  0.00000241768196608
  0.00000243424845878  0.00000245089218265  0.00000246755137402  0.00000248664876768
  0.00000251001073052  0.00000253661349246  0.00000256344470262  0.00000259153013457
  0.00000262100123175  0.00000265145650615  0.00000268297125554  0.00000271618930883
  0.00000275225309269  0.00000279033412190  0.00000283177441654  0.00000287443246504
  0.00000291780739194  0.00000296231584814  0.00000300953386904  0.00000305790597482
  0.00000310674780478  0.00000315723418348  0.00000321353058781  0.00000328057942444
  0.00000335085696176  0.00000342302796771  0.00000349714836470  0.00000357278378645
  0.00000364987847406  0.00000373654911207  0.00000382976829691  0.00000392936590948
  0.00000403386479452  0.00000414201280284  0.00000425532209493  0.00000437584737737
  0.00000451101883384  0.00000464996566551  0.00000478958337851  0.00000493434529446
  0.00000509005347368  0.00000527330214199  0.00000545977439728  0.00000565188686586
  0.00000585406856831  0.00000607019860225  0.00000630803384934  0.00000654997969543
  0.00000681514589389  0.00000710168564957  0.00000740834431485  0.00000773007321920
  0.00000808351563822  0.00000849414346864  0.00000890938272460  0.00000937397707135
  0.00000987201364918  0.00001040637805122  0.00001098426105257  0.00001161140177631
  0.00001227235788015  0.00001301980537411  0.00001383364394516  0.00001474732770827
  0.00001576571467321  0.00001687675604984  0.00001810055297846  0.00001938000432710
  0.00002087770781669  0.00002248069057846  0.00002452288768446  0.00002672427536823
  0.00002943727592719  0.00003249907757168  0.00003610437503093  0.00004028623311557
  0.00004522453836173  0.00005114256395580  0.00005842809465080  0.00006746938005985
  0.00007841271401601  0.00009281062941418  0.00011175871368054  0.00014018041548635
  0.00017750269275681  0.00022860147603700  0.00030402376762619  0.00045768533128927
  0.00078500622556059  0.00148976149310431  0.00407225820429164  1.00000000000000000
 -0.00256869369494602  0.00980945167298270  0.01973681013783375  0.03031326483991233
  0.04077765235668324  0.05079387539928183  0.06082462406788014  0.07135945635524212
  0.08192654562700791  0.09206061512246734  0.10176067955272078  0.11169850940716895
  0.12171583122055007  0.13166393955434716  0.14192603567052056  0.15249739642386578
  0.16362627460940182  0.17457906296717354  0.18546757073177506  0.19622982631420760
  0.20668438237907058  0.21657201780766289  0.22642491547788404  0.23639955315602279
  0.24637461452150061  0.25630434829617510  0.26593835234739249  0.27613890356642695
  0.28630439907137167  0.29750074269348886  0.30961859735321851  0.32140633928709289
  0.33262611438379058  0.34345940423919735  0.35442829631897027  0.36566342162756821
  0.37684445283463813  0.38783361561556967  0.39888985602310273  0.40982786321738690
  0.42073446209316867  0.43149957217848356  0.44239950209550727  0.45309017832593390
  0.46333422852131739  0.47346631181959903  0.48338812831950495  0.49370561457761947
  0.50420560142312298  0.51473211025061461  0.52544208277096105  0.53630520639881418
  0.54758262296249649  0.55919995972874204  0.57048567670130912  0.58144733488332023
  0.59193761435544379  0.60234062171129998  0.61281007488150030  0.62332455253277230
  0.63358975054098088  0.64377030442926231  0.65368000632496048  0.66345709792355312
  0.67347568227369203  0.68402798441224910  0.69493816813074227  0.70628461463823133
  0.71747021178191273  0.72861990151742351  0.73875921575260373  0.74891947765869238
  0.75931501077977770  0.76976665107766518  0.77958158339197348  0.78985502520881867
  0.80044796110080640  0.81132951066829162  0.82093930496108014  0.83049429964527877
  0.84043231190743017  0.85055399202239013  0.86107316290693137  0.87105951192620490
  0.88119118651612094  0.89152034502026400  0.90212221854903696  0.91337321163010310
  0.92514847075936513  0.93646901546832306  0.94704534932863083  0.95743967269896235
  0.96775947271062901  0.97841022312029946  0.98898029380552932  1.00000000000000000
 -0.00066474361255973  0.01936408571125062  0.03889436762282322  0.05801208550714794
  0.07701389799894606  0.09628263279563545  0.11526918430241986  0.13361862722649614
  0.15196216579658392  0.17062253142078271  0.18887639487904792  0.20678909105027729
  0.22398131354092191  0.24069863388887275  0.25742833047317637  0.27396491381136912
  0.29049064111717332  0.30696517230541315  0.32347212594446934  0.33985514920901627
  0.35583857713992900  0.37155654958653306  0.38725826112899187  0.40291513742470492
  0.41808217697944716  0.43250518326182319  0.44642608084693469  0.46017486793120876
  0.47385277505321138  0.48757335002264207  0.50126587591109439  0.51490476010498321
  0.52839949131204877  0.54162894359743030  0.55447694546492032  0.56688415838310358
  0.57906624828362974  0.59135192624326161  0.60372833425325179  0.61584071409429464
  0.62763569068090064  0.63901259725488524  0.65009732633798034  0.66116905313050867
  0.67229996433016947  0.68326268188646766  0.69392837665382312  0.70439479358756851
  0.71454551643562425  0.72458340441247127  0.73439013967066380  0.74410772950654858
  0.75362401408309765  0.76314376147147989  0.77253166451394351  0.78173301830914732
  0.79060864248296647  0.79934271914021038  0.80794110124799146  0.81634325045062450
  0.82447134056505933  0.83231673000487061  0.83986090462956042  0.84723865243722807
  0.85447841627557608  0.86157884063338253  0.86861844869450566  0.87559033419077625
  0.88248174008142444  0.88934234561703784  0.89598294595602146  0.90227584133254324
  0.90825782067202443  0.91403359624395286  0.91970393824297647  0.92530843291816278
  0.93080597604598403  0.93621074284461936  0.94119238847375986  0.94580303913123265
  0.95035053241720058  0.95484948465064012  0.95918191325020352  0.96316395547077682
  0.96712445361685495  0.97088648441401915  0.97452515572944898  0.97801612835658969
  0.98125501184580377  0.98425342087982515  0.98713629281232229  0.98993292898339402
  0.99265771055786145  0.99520373522337147  0.99764007965848611  1.00000000000000000
 -0.02077607388397552  0.13432878624497746  0.18325632881204681  0.21521772797220584
  0.24138759851936448  0.26341935587376358  0.28324405273938386  0.30156979502931813
  0.31865615145671289  0.33496834321422048  0.35056467197519192  0.36563430760566284
  0.37943143954983838  0.39234568774401757  0.40454862097039235  0.41622967176869236
  0.42712114199514467  0.43763343232068186  0.44738007610753228  0.45676833530956190
  0.46598730232604663  0.47521774276869966  0.48457285560129504  0.49367265412780759
  0.50244387677950386  0.51127548618858520  0.52013964692846604  0.52863959394674565
  0.53660017410260474  0.54442011319632577  0.55233172144692722  0.56035713556481137
  0.56839396657082941  0.57659432520722997  0.58455005891808187  0.59214495966021186
  0.59946983309903845  0.60658203614085482  0.61349480663852130  0.62042905926944858
  0.62737914960013152  0.63424553219041324  0.64108574856871325  0.64773734524916138
  0.65425875992400762  0.66063829774505678  0.66685259227588389  0.67286220009470032
  0.67880997300068435  0.68479465479782597  0.69067750740644041  0.69637054520843422
  0.70189662313653634  0.70724641014377532  0.71269881007214853  0.71816931220437730
  0.72366896569117700  0.72920007961404232  0.73471972170487587  0.74006378185816857
  0.74524157015106496  0.75034121788623076  0.75536772918945949  0.76033475598881828
  0.76538352692902256  0.77021630369135252  0.77491595777996169  0.77950611182328000
  0.78404418514947494  0.78853179464905987  0.79294026789167393  0.79729237723958990
  0.80166034256401020  0.80606479522355245  0.81045883366859839  0.81515217448048627
  0.81990834637703580  0.82467009651061074  0.82931060490471620  0.83400541639643289
  0.83881646313372427  0.84367701769149173  0.84863390591440890  0.85377516523782360
  0.85918458749133797  0.86480481061676939  0.87065026615204633  0.87670531693019804
  0.88324012112069139  0.89032036373273626  0.89841122275285235  0.90783444433407334
  0.91893431794541558  0.93323433474408668  0.95473428794395232  1.00000000000000000
   165.04300427847045       -1.0000000000000000     
 F F T F F F F T T F F F F T F F F F F F F F F F F F F F F F F F
  <DiscreteSampler_grid>
  grouped_processes
  1 # 1 for a reference and 2 for a running grid.
  10 # Attribute 'min_bin_probing_points' of the grid.
  1 # Attribute 'grid_mode' of the grid. 1=='default',2=='initialization'
  0.0000000000000000 # Attribute 'small_contrib_threshold' of the grid.
  0.5000000000000000 # Attribute 'damping_power' of the grid.
 # binID   n_entries weight   weight_sqr   abs_weight
    10   10   2.512669235747150E+010   2.389407745883173E+021   2.512669235747150E+010
  </DiscreteSampler_grid>
