  0.00000236574410943  0.00000240938405505  0.00000245024062499  0.00000246743817855
  0.00000248728647572  0.00000251121273021  0.00000253605854298  0.00000256194190378
  0.00000258874887769  0.00000261616602089  0.00000264441193025  0.00000267362449553
  0.00000270333662234  0.00000273308010118  0.00000276857675215  0.00000280527015603
  0.00000284411316401  0.00000288426100646  0.00000292516830002  0.00000296718923659
  0.00000301037660413  0.00000305411881290  0.00000309864363134  0.00000314401206904
  0.00000319076960073  0.00000324494943421  0.00000330743310769  0.00000337162875048
  0.00000343688872209  0.00000350581885797  0.00000357532967813  0.00000364646633052
  0.00000372201294781  0.00000380434531666  0.00000389322899046  0.00000398383782890
  0.00000407541254756  0.00000416898284552  0.00000426839542632  0.00000437476018385
  0.00000448930782831  0.00000461215041191  0.00000473888820492  0.00000486813460470
  0.00000500621693006  0.00000515608999762  0.00000531525812173  0.00000547887367692
  0.00000564725404376  0.00000582339712178  0.00000601298056265  0.00000622287677909
  0.00000643785246915  0.00000666147180629  0.00000690571346593  0.00000717800032199
  0.00000746148508528  0.00000775072699581  0.00000807358393058  0.00000842112008658
  0.00000878059860051  0.00000916004764240  0.00000958181910977  0.00001004033240527
  0.00001052671672064  0.00001107252786196  0.00001167177936309  0.00001232732429279
  0.00001306700380301  0.00001387348451444  0.00001474217348108  0.00001570524089147
  0.00001674620866420  0.00001792664013489  0.00001917956984288  0.00002067728992104
  0.00002227224183680  0.00002419621323940  0.00002634973015502  0.00002885156383010
  0.00003177053091437  0.00003527552350262  0.00003940947214183  0.00004431471662629
  0.00005028337669220  0.00005791971282521  0.00006818787771043  0.00008119088769553
  0.00009854860155649  0.00012165115203917  0.00015456613165918  0.00020609959193057
  0.00031130283241207  0.00055057350792925  0.00165301784859597  1.00000000000000000
 -0.00225620944615406  0.01022533998970458  0.02059548869977180  0.03090229768655924
  0.04100530901549501  0.05133581311540023  0.06176990816521345  0.07239531247694204
  0.08293668668050305  0.09369619573009086  0.10433373150852858  0.11472023090901058
  0.12529514725947827  0.13608024732454096  0.14674029896661775  0.15697925060028620
  0.16716396077327503  0.17785735264201427  0.18868151433603947  0.19938311195830988
  0.21027425061334790  0.22120589854876563  0.23194684727261713  0.24227969598380586
  0.25248661768719399  0.26283244278856488  0.27343072268857888  0.28432069180401853
  0.29509444089319065  0.30587931979252497  0.31652892693995871  0.32722099166702245
  0.33777867949618778  0.34814659871479120  0.35851763185774288  0.36888638912479571
  0.37922286875925304  0.38958449723661998  0.39989531347629415  0.41046538285544898
  0.42095363366125715  0.43155417791498513  0.44197329658769796  0.45247437942474705
  0.46280499959038479  0.47317058225099157  0.48361251591290266  0.49450137635440633
  0.50515988705806847  0.51596111618711171  0.52649160612973722  0.53710070849789548
  0.54697763213667849  0.55711428954653064  0.56742702136752354  0.57757945849303294
  0.58754795348711597  0.59736201312640724  0.60725297863172156  0.61720517267109121
  0.62725068881159574  0.63765789149369378  0.64806247643153392  0.65862287582379409
  0.66916167807984905  0.67991903634024287  0.69082864975500358  0.70186567460722771
  0.71289507136786456  0.72376271397935810  0.73430923145423732  0.74454786302768461
  0.75480839700066782  0.76521371644073488  0.77574482054546845  0.78642512823931665
  0.79716140103175259  0.80832236082462405  0.81922752456559644  0.83018687064002961
  0.84098161176832875  0.85160995092402447  0.86235202104283359  0.87327046832577426
  0.88414688021618393  0.89479198852666053  0.90507803901663986  0.91541303425157294
  0.92572306263490745  0.93588232628670098  0.94626413498972972  0.95691464854580710
  0.96789075325699570  0.97882250381267299  0.98943185975136172  1.00000000000000000
  0.00101729167633996  0.01771419133338087  0.03204598182415883  0.04701156949686926
  0.06161165610429631  0.07616012555904828  0.09051802068186568  0.10464874840099972
  0.11887738044007209  0.13303336868143795  0.14721644634675402  0.16159814506484102
  0.17572412748400862  0.18969316124768681  0.20370975511159548  0.21742294377261043
  0.23075239828712774  0.24419949565687085  0.25783265691843826  0.27147733738989727
  0.28508825691253409  0.29871129192866064  0.31226266991378016  0.32560512728480745
  0.33881581524211479  0.35189559224776434  0.36474672609728415  0.37734725701633570
  0.38981842260967636  0.40220630391694140  0.41464884439867483  0.42709194545969370
  0.43935880469238897  0.45145246089363922  0.46344707863874501  0.47530302506724087
  0.48709963974667392  0.49888881072726782  0.51051619140582083  0.52193787991072704
  0.53327932876238759  0.54456490602910945  0.55568988901329053  0.56660133042749883
  0.57725261295727515  0.58781084649731630  0.59841710605524290  0.60913572059812060
  0.61987477785292189  0.63052316866222413  0.64108118070930231  0.65137722441855928
  0.66145147567262685  0.67136811943633912  0.68125388954589861  0.69113522497001367
  0.70098830387621880  0.71079429921347892  0.72043870601268634  0.72992247631471774
  0.73943344984297066  0.74898555056835225  0.75844960109316450  0.76783902924269032
  0.77706179983265344  0.78608240416728992  0.79494172082268821  0.80343962651287038
  0.81188223069319565  0.82032873711842169  0.82875944034839277  0.83714322158600540
  0.84543262425218202  0.85362563932246849  0.86168540663828641  0.86961184888433118
  0.87740659670034116  0.88503220284902395  0.89257761392006840  0.90009797883046949
  0.90742550140794598  0.91453863122964296  0.92139234927425184  0.92807649844287654
  0.93470365212213968  0.94125917822892413  0.94772875509677856  0.95419239802405653
  0.96031432437856523  0.96608828192911245  0.97176254329589740  0.97737675771761379
  0.98292780577807393  0.98849602549347426  0.99420944680852708  1.00000000000000000
 -0.01514466242259671  0.10204914437249092  0.14018380133125308  0.16408014004337010
  0.18257570546008153  0.19831587252820645  0.21217199086578040  0.22466091449823250
  0.23627907621802507  0.24710608282785301  0.25707182259797673  0.26637007615656083
  0.27529696424947148  0.28387614524194776  0.29201349380199643  0.29973187329813916
  0.30737638782711540  0.31493746534593137  0.32233199753504965  0.32944559378735472
  0.33635591997715186  0.34312205498386578  0.34981579525179513  0.35653759568437587
  0.36322279755571274  0.36966069491303960  0.37586012405737912  0.38196876260060492
  0.38808847358890608  0.39423418382367365  0.40028096235103422  0.40615798226765981
  0.41202663280538115  0.41791484797041489  0.42379418586600415  0.42963098252574372
  0.43540569644314037  0.44110169776282604  0.44672468922104058  0.45232969267685885
  0.45793231432549297  0.46349581720747191  0.46900038410353895  0.47445369488960371
  0.47986736644796563  0.48531969008424486  0.49082763341706626  0.49640443900414072
  0.50188822484081641  0.50743906973154185  0.51288591604351808  0.51839801861551615
  0.52392095332790867  0.52955145854210650  0.53520564387471259  0.54086058068790410
  0.54655246653535317  0.55223085826206497  0.55784248570418860  0.56348592090882443
  0.56914464793634800  0.57492576194052469  0.58075889250841872  0.58656614260127715
  0.59239101555218143  0.59833186890900458  0.60438975178557441  0.61055892448277171
  0.61672891937571994  0.62286790434204320  0.62901104773712113  0.63519811723805986
  0.64149015749214366  0.64795759344814907  0.65465394817786260  0.66144898650126438
  0.66828012000411696  0.67537325921285096  0.68261130084071331  0.69014982538498271
  0.69787868668715813  0.70582675946975637  0.71412581347285076  0.72282523277198685
  0.73190207250463157  0.74152193955278389  0.75169431598217173  0.76240063128936897
  0.77375550045439834  0.78612100296986620  0.80004600979126350  0.81605738186609289
  0.83470199762367170  0.85853162095369928  0.89674491958941105  1.00000000000000000
   2293.2340333658467       -1.0000000000000000     
 T F F F F T T F F T T F F F F T F F F F F F F F F F F F F F F F
  <DiscreteSampler_grid>
  grouped_processes
  1 # 1 for a reference and 2 for a running grid.
  10 # Attribute 'min_bin_probing_points' of the grid.
  1 # Attribute 'grid_mode' of the grid. 1=='default',2=='initialization'
  0.0000000000000000 # Attribute 'small_contrib_threshold' of the grid.
  0.5000000000000000 # Attribute 'damping_power' of the grid.
 # binID   n_entries weight   weight_sqr   abs_weight
    10   10   5.002768176198796E+011   2.055679470108440E+024   5.002768176198796E+011
    16   10   5.002526762062505E+011   2.055679356455253E+024   5.002526762062505E+011
  </DiscreteSampler_grid>
