  0.00000239829102396  0.00000246881488361  0.00000252115567509  0.00000257544206055
  0.00000263590660344  0.00000270075518219  0.00000276727754896  0.00000283683811229
  0.00000291144972834  0.00000298702814491  0.00000306324804642  0.00000314102892422
  0.00000322316878103  0.00000331611602678  0.00000341130726413  0.00000350899006749
  0.00000360895708914  0.00000371538650135  0.00000383212302485  0.00000395530029645
  0.00000408280646742  0.00000421369350086  0.00000435388480447  0.00000450468112542
  0.00000466332831961  0.00000482616981209  0.00000499633050915  0.00000518485838993
  0.00000538616193273  0.00000559148136741  0.00000580819380906  0.00000604344668468
  0.00000629320647498  0.00000654773859402  0.00000681674127561  0.00000711612590511
  0.00000742550570822  0.00000774956351070  0.00000809611691158  0.00000846823567239
  0.00000885913486952  0.00000927001771429  0.00000973121133156  0.00001020297259129
  0.00001070278248739  0.00001124848621031  0.00001181727664453  0.00001240024048048
  0.00001305540211544  0.00001374438992431  0.00001449473527827  0.00001530769983815
  0.00001616587890008  0.00001708474039134  0.00001808070616681  0.00001913905540389
  0.00002029068415537  0.00002154166609085  0.00002286052212661  0.00002434380101812
  0.00002593704130323  0.00002770761874017  0.00002963351589724  0.00003171988855805
  0.00003399310243083  0.00003650100973439  0.00003930143708701  0.00004233713227172
  0.00004562835747767  0.00004933259303024  0.00005354898826801  0.00005831349519550
  0.00006340810350836  0.00006921896417706  0.00007534721608729  0.00008260868061807
  0.00009062357481967  0.00009938249415457  0.00010987283596329  0.00012165607790113
  0.00013585558373410  0.00015204431368715  0.00017168599938292  0.00019344948961619
  0.00021821821824005  0.00024816049200865  0.00028783135997509  0.00033455687257390
  0.00039027636719826  0.00046505377270573  0.00056436640362898  0.00071088064147017
  0.00096004193330546  0.00169517530263111  0.00410245468264710  1.00000000000000000
 -0.00271404941136870  0.01021555671868088  0.02075708432837732  0.03151988431701658
  0.04209116401369265  0.05276385420551771  0.06336184112107669  0.07375683337611229
  0.08407534512073016  0.09461584860897891  0.10510837983587695  0.11588418409851198
  0.12653097316046541  0.13738318226907814  0.14791033156604919  0.15842671855697441
  0.16887910311235815  0.17936659274618724  0.19002319046777721  0.20054445833708834
  0.21102970063892587  0.22135743434693175  0.23175874869004828  0.24213957277950762
  0.25243030012118878  0.26262656880006863  0.27281556273928503  0.28313485265365090
  0.29327704379002123  0.30360014469342578  0.31416361268654613  0.32508107207573583
  0.33600211849195460  0.34670185542801440  0.35726808551181150  0.36761324800262013
  0.37802450129826803  0.38847302978924225  0.39893143166131090  0.40941329912121649
  0.41992814142645934  0.43059410518420588  0.44129079404545185  0.45209483045877608
  0.46270207819893017  0.47325294089641934  0.48365953648979448  0.49440392082989720
  0.50502387134526372  0.51554636239325913  0.52600261882611687  0.53638081831229512
  0.54695437761292931  0.55745048642297823  0.56836188894953876  0.57920213328282599
  0.58991728847510472  0.60032676503141968  0.61089273134239686  0.62158592047034267
  0.63207513346317079  0.64270728325557580  0.65354906835115389  0.66449771997679496
  0.67508733129558129  0.68573082305404620  0.69639936718329731  0.70722906658881335
  0.71773128776836925  0.72846261821469960  0.73894712977603660  0.74963031375953182
  0.76034597869843235  0.77097685633547242  0.78138178432979788  0.79184944408650582
  0.80250173334084018  0.81319523621080769  0.82350900888276202  0.83379982375077821
  0.84401682596928151  0.85425242576742344  0.86449589323455445  0.87478539539807720
  0.88531500672658325  0.89586390070367483  0.90655088086227686  0.91722587156967894
  0.92800541631958289  0.93865852419231011  0.94892156879554168  0.95908799679931922
  0.96922982754364551  0.97953021756471537  0.98970225961061109  1.00000000000000000
  0.00017641322961111  0.01431787377261586  0.02856457052975230  0.04259813471591319
  0.05664653714829598  0.07071734517774292  0.08465857321149212  0.09822898567445286
  0.11174334025686723  0.12532611637835170  0.13880917904307308  0.15217374661616623
  0.16551677967093639  0.17884864325377656  0.19201043023247966  0.20476137344791309
  0.21707222209671431  0.22905143982944026  0.24089614495456677  0.25264803439334849
  0.26436400456501324  0.27607143824939334  0.28800271671944566  0.30018184429907668
  0.31222685560455338  0.32413281383119225  0.33587222731253641  0.34744707692953614
  0.35889358136626992  0.37033915109547866  0.38179042606256908  0.39316556467641173
  0.40435440047787863  0.41536830835620192  0.42628674457337301  0.43707687226143843
  0.44775639029109326  0.45832034280754808  0.46879257653215545  0.47914854182460165
  0.48934139240957863  0.49948336584156960  0.50971822378361775  0.51998499086424854
  0.53013308173816331  0.54013426905435136  0.55010448985779037  0.56010966142781038
  0.57002891210940587  0.57984977765916701  0.58976226951030308  0.59978423933272662
  0.60971876927777735  0.61945762963520679  0.62899915621039637  0.63834170965180448
  0.64763096664181774  0.65688752301251929  0.66620783007147455  0.67555025833176108
  0.68490044413731965  0.69417368937660218  0.70349774808642462  0.71263370621258193
  0.72186192952036510  0.73089278747629227  0.74001820219730685  0.74907138388334515
  0.75805970980006854  0.76695118142870278  0.77583571573036336  0.78477551250011357
  0.79377904139793354  0.80274700742661087  0.81155739796577520  0.82012275437380966
  0.82854590574443576  0.83688557979359490  0.84525725717318601  0.85366319926032030
  0.86211074956142675  0.87062691378505452  0.87911892302913686  0.88754998359597981
  0.89586428272199048  0.90419234469403120  0.91262129252450208  0.92124723633303551
  0.92998020907780476  0.93873241208748603  0.94764943084484810  0.95659853246167470
  0.96631027006898806  0.97632201812894925  0.98764746544847104  1.00000000000000000
 -0.01196339868841157  0.09578856277685120  0.15017331940772755  0.18110299560342974
  0.20503986438065291  0.22537871982414462  0.24326732215416208  0.25948705162107094
  0.27452925708888531  0.28865340233366432  0.30204320775479243  0.31491834083344084
  0.32753965898566995  0.33982397713505813  0.35175875424855135  0.36323383022343969
  0.37441724295180628  0.38538560336428290  0.39615435297787677  0.40654350635907105
  0.41677734272800787  0.42697924935587206  0.43705700672175646  0.44702051613204413
  0.45684071604358406  0.46664913458108392  0.47631089429383650  0.48577983459281365
  0.49505484983058295  0.50430652476785309  0.51338214575408558  0.52246874408828570
  0.53128195005846990  0.54004083209103027  0.54855880633462506  0.55688050629406194
  0.56509026906710835  0.57318460005722371  0.58127182818074219  0.58919462074317808
  0.59707368778715253  0.60493017208735422  0.61272579757793466  0.62042999444603975
  0.62798617058269635  0.63537637645170286  0.64262391457803225  0.64979536731573206
  0.65685889060302260  0.66387778293321598  0.67076582939100360  0.67753730712191207
  0.68422404487008803  0.69078152603797593  0.69729229228823253  0.70377110570002743
  0.71016148183135441  0.71641127790712233  0.72251616846469635  0.72854374928356713
  0.73456654568312585  0.74052817716506503  0.74644612062395843  0.75225502813777068
  0.75793898376125413  0.76356818838284568  0.76914772772693507  0.77463939524330760
  0.78005854538102726  0.78545108292566768  0.79082190256376805  0.79610371252843304
  0.80129373128397763  0.80641670245538266  0.81156740737175737  0.81677042400302735
  0.82202412656031398  0.82732410328700701  0.83263678340269864  0.83790633814630666
  0.84313936749098728  0.84835220914907816  0.85368003545612492  0.85910156041075458
  0.86466457651468265  0.87031794126326623  0.87620194677026675  0.88239201164077574
  0.88884837380353809  0.89575719307088131  0.90352220358349677  0.91233677496443721
  0.92273315964323188  0.93628883269748642  0.95665500100705148  1.00000000000000000
  0.42451832702562831       -1.0000000000000000     
 F T T F F F F F F F F F F T T F F F F F F F F F F F F F F F F F
  <DiscreteSampler_grid>
  grouped_processes
  1 # 1 for a reference and 2 for a running grid.
  10 # Attribute 'min_bin_probing_points' of the grid.
  1 # Attribute 'grid_mode' of the grid. 1=='default',2=='initialization'
  0.0000000000000000 # Attribute 'small_contrib_threshold' of the grid.
  0.5000000000000000 # Attribute 'damping_power' of the grid.
 # binID   n_entries weight   weight_sqr   abs_weight
    10   10   2.696220261809018E+009   1.846786971923143E+019   2.696220261809018E+009
    16   10   2.687951493378147E+009   1.846647997390337E+019   2.687951493378147E+009
  </DiscreteSampler_grid>
