  0.00000238648486649  0.00000243860386109  0.00000247424668916  0.00000249654816294
  0.00000252272425848  0.00000255165478156  0.00000258159986252  0.00000261233133147
  0.00000264449899514  0.00000267770497869  0.00000271153346217  0.00000274655583227
  0.00000278522019179  0.00000282605596543  0.00000286804717548  0.00000291026718206
  0.00000295430975736  0.00000299921431124  0.00000304561533661  0.00000309302581240
  0.00000314091708646  0.00000319032417408  0.00000325359702862  0.00000331885603343
  0.00000338640850609  0.00000345652103688  0.00000352930612085  0.00000360371254715
  0.00000368315181423  0.00000376720189661  0.00000385702455703  0.00000395184585246
  0.00000404809963876  0.00000414767954879  0.00000424581758512  0.00000436064232638
  0.00000448623035067  0.00000461758759829  0.00000475227656664  0.00000488825470681
  0.00000502875519859  0.00000517686206074  0.00000533529609281  0.00000550209814505
  0.00000567095396795  0.00000585127488652  0.00000604675422912  0.00000625174601010
  0.00000646415944742  0.00000668695074126  0.00000692512422959  0.00000719170518635
  0.00000745759960703  0.00000773457840233  0.00000804524109927  0.00000841180744001
  0.00000878143582519  0.00000917833878728  0.00000961922572222  0.00001008762772723
  0.00001059159246564  0.00001115088554608  0.00001175548664012  0.00001238913358330
  0.00001310603993696  0.00001387254190197  0.00001469932590444  0.00001562213776546
  0.00001657072316225  0.00001766070117991  0.00001881352818720  0.00002008751053422
  0.00002148636410815  0.00002305625534827  0.00002487660050436  0.00002700480788057
  0.00002946918341159  0.00003245228503265  0.00003580852297187  0.00003953675796474
  0.00004399771722314  0.00004930504445996  0.00005601014576222  0.00006441716440278
  0.00007505176295749  0.00008760323959453  0.00010406759216831  0.00012607503989448
  0.00015401331136285  0.00019385680551829  0.00024781150868031  0.00034231868684839
  0.00050527263899025  0.00126469868470266  0.00287402235408485  1.00000000000000000
 -0.00209196004630911  0.01027788200684102  0.02076221525722863  0.03015639363723833
  0.03981625281987238  0.04952407140106148  0.05897863274779568  0.06814910244702210
  0.07717958228136351  0.08645861012759323  0.09621521036739322  0.10673818986258367
  0.11718131088786717  0.12740571863418465  0.13704770488485782  0.14699285720773800
  0.15728514924998444  0.16795434074804741  0.17847785015645987  0.18912789991104340
  0.20000862941758540  0.21081833403542768  0.22218623333000825  0.23301431124606128
  0.24351214387977929  0.25380883745040911  0.26407010543889964  0.27447975358970000
  0.28519059865720364  0.29597815874389538  0.30647165198988813  0.31687977292169983
  0.32741433575228329  0.33796038943174778  0.34842340050391662  0.35920693378280821
  0.36991512076233923  0.38009552339865399  0.39013270154366531  0.40053699680473887
  0.41086414577729669  0.42103121343028488  0.43125652409003340  0.44187047022720299
  0.45279266519241990  0.46372190737422220  0.47455230887856503  0.48519986031767631
  0.49567888768648238  0.50615771879155436  0.51673130151733793  0.52757958113100401
  0.53866602046851630  0.54976042241974765  0.56051658886764144  0.57083985046643759
  0.58095483240546109  0.59114081620039571  0.60148308819517693  0.61183598487322577
  0.62221231298708779  0.63261887060839384  0.64297114073568196  0.65322026991441950
  0.66335673304905418  0.67375537414735864  0.68460458309593342  0.69593677999850956
  0.70746656921864992  0.71875898699184515  0.72996577098013260  0.74112630052089534
  0.75202214347367946  0.76263701565811681  0.77299156223800491  0.78331804264282923
  0.79362477701000511  0.80400999683493279  0.81467022501630160  0.82566217432086753
  0.83693338739442469  0.84843816903644753  0.85981734352202643  0.87076874833369056
  0.88139310021232231  0.89183210182584127  0.90261390988282564  0.91347398612203956
  0.92428207577916399  0.93519161240446169  0.94592349249732022  0.95696465640455741
  0.96822585486601997  0.97929957350003094  0.98988553543224078  1.00000000000000000
  0.00090331001389216  0.02063786728702719  0.04042366668469096  0.06022450449368812
  0.07999631712572042  0.09931193641334402  0.11796033998619948  0.13664800521822426
  0.15526374002304497  0.17362690621784321  0.19160840540879090  0.20920420884653371
  0.22701405089908536  0.24453921241251272  0.26182366509672367  0.27884047207142848
  0.29567468429618610  0.31249628676348573  0.32917778853303492  0.34490438658215594
  0.36034512233256077  0.37556029499766880  0.39073755399104976  0.40559117737173922
  0.42017914956276758  0.43455935263158818  0.44881237008085556  0.46295806517321281
  0.47739902319204425  0.49148480182197574  0.50504812418435185  0.51813136088379075
  0.53110136166578814  0.54388802439699657  0.55633154580338862  0.56853849902614639
  0.58081814439259027  0.59318021141328281  0.60555100374500748  0.61783402117030117
  0.62982160258723074  0.64146290630192204  0.65257333035221943  0.66320882378816037
  0.67354911845058174  0.68379403361710933  0.69412427345955230  0.70430238842803761
  0.71412574780086080  0.72370161159677304  0.73321162254124594  0.74280653189865620
  0.75213914879574562  0.76118181817483288  0.76997849075837566  0.77865585720859254
  0.78719958241431909  0.79555702066478073  0.80368240279825320  0.81169159388924295
  0.81954766587058792  0.82731215722642215  0.83508767812604434  0.84284270856392607
  0.85053190878543761  0.85798744631124058  0.86525926240782014  0.87237411129759557
  0.87923742656046200  0.88589615487151807  0.89242202561985506  0.89877276386416594
  0.90474302898193248  0.91075213584845549  0.91647103268351726  0.92191767455949203
  0.92717234592250664  0.93226789192055182  0.93725200653255170  0.94218775809677990
  0.94697685519314123  0.95184710176287279  0.95644356641257355  0.96075975517559520
  0.96480891882492426  0.96863665305569047  0.97229942664119862  0.97585886245511300
  0.97924805401441406  0.98251879024811561  0.98566187579160891  0.98870685575677897
  0.99169268769045427  0.99449984247999446  0.99726618870760231  1.00000000000000000
 -0.02054819583165478  0.13374437936839695  0.18269245284391478  0.21549016761854439
  0.24166005493682383  0.26388106310266518  0.28376159141293167  0.30155908906261808
  0.31760821336128231  0.33266651106133655  0.34695355078305040  0.36080697135140977
  0.37420691534203249  0.38675226882929692  0.39888202116752203  0.41077647421722085
  0.42243299001258200  0.43380784497782499  0.44501320690081086  0.45591944364193426
  0.46607243939141929  0.47563986401433200  0.48482667696990550  0.49393657091578724
  0.50286518692967208  0.51158077047557193  0.52027492653598983  0.52919776889035486
  0.53833540592636564  0.54728741401422898  0.55589018604497575  0.56389223141358991
  0.57164213500644534  0.57919275571029749  0.58699236869968652  0.59454759376963107
  0.60206058390663797  0.60909929756469150  0.61601214861262688  0.62301834655837129
  0.63007632254512125  0.63707696265014691  0.64382483039824956  0.65031702792272084
  0.65672200354677601  0.66312454825424216  0.66923062331799577  0.67486693967508082
  0.68053542232560560  0.68610093433201025  0.69136840233349950  0.69651222215460995
  0.70178257835004954  0.70701217126206828  0.71205195465460447  0.71686013895476552
  0.72159923147812732  0.72642831218906123  0.73123268067177483  0.73608195470004589
  0.74084580115760845  0.74547935671781262  0.75010478657886837  0.75482040222957514
  0.75960321028674282  0.76444165526345786  0.76941202609276349  0.77458480107321392
  0.77968271889560792  0.78465523663690606  0.78954360187517691  0.79441015556407046
  0.79928211425450579  0.80416268745264374  0.80910518049980329  0.81407315341912911
  0.81910247206272824  0.82413617663792327  0.82911040381160783  0.83401332433612074
  0.83885887414086313  0.84366188309931200  0.84854481387216185  0.85354443244467426
  0.85868337706062059  0.86407667144409328  0.86957741821593348  0.87558200637790473
  0.88211990292722409  0.88914825829715360  0.89700368765419869  0.90615203628908136
  0.91712199778752201  0.93126430144011030  0.95231846226277483  1.00000000000000000
   170.20532547985377       -1.0000000000000000     
 F F T F F F F T T F F F F T F F F F F F F F F F F F F F F F F F
  <DiscreteSampler_grid>
  grouped_processes
  1 # 1 for a reference and 2 for a running grid.
  10 # Attribute 'min_bin_probing_points' of the grid.
  1 # Attribute 'grid_mode' of the grid. 1=='default',2=='initialization'
  0.0000000000000000 # Attribute 'small_contrib_threshold' of the grid.
  0.5000000000000000 # Attribute 'damping_power' of the grid.
 # binID   n_entries weight   weight_sqr   abs_weight
    10   10   1.830627235459558E+011   1.909628257400818E+023   1.830627235459558E+011
  </DiscreteSampler_grid>
