  0.00000236700755016  0.00000239005745578  0.00000241157988736  0.00000243359127638
  0.00000245313816653  0.00000247293314374  0.00000249365021099  0.00000251608611971
  0.00000254472533641  0.00000257384306161  0.00000260350841200  0.00000263412360293
  0.00000266607204154  0.00000269871571255  0.00000273442434498  0.00000277455055889
  0.00000281580716617  0.00000285968269181  0.00000290384123851  0.00000294848782143
  0.00000299445276505  0.00000304283820678  0.00000309340110771  0.00000314671531117
  0.00000320473341665  0.00000327365810782  0.00000334651364043  0.00000342151016139
  0.00000349813849584  0.00000357592335083  0.00000365919860857  0.00000374944706165
  0.00000384878296995  0.00000395641791278  0.00000406610179557  0.00000417732740974
  0.00000429327524054  0.00000442279714439  0.00000456570599966  0.00000471134864729
  0.00000485657223667  0.00000500514833880  0.00000517279978726  0.00000535525719318
  0.00000554555757016  0.00000574202161142  0.00000595081375166  0.00000619148606246
  0.00000643156898702  0.00000668914331647  0.00000697569663632  0.00000728812662840
  0.00000760903309200  0.00000794738011703  0.00000834206860793  0.00000874260708143
  0.00000919877638702  0.00000971012623784  0.00001025518410800  0.00001083269320222
  0.00001145042244721  0.00001210705489015  0.00001285030681314  0.00001368826144025
  0.00001461489604785  0.00001565273325209  0.00001680308012354  0.00001810540758629
  0.00001955380497645  0.00002116090455078  0.00002300189801934  0.00002511988941007
  0.00002753717742256  0.00003022007435825  0.00003322829402194  0.00003655558651949
  0.00004046916502418  0.00004521508800703  0.00005082184385474  0.00005713977060383
  0.00006494698490679  0.00007483275580117  0.00008738250273107  0.00010472479874358
  0.00012620906792548  0.00015483769206283  0.00019551042517404  0.00024541106150503
  0.00031985547707830  0.00044249972832445  0.00062273636294054  0.00093248477738745
  0.00143440006084750  0.00339597213423069  0.04599895041564184  1.00000000000000000
 -0.00292568691968601  0.01114092758501646  0.02247102058203698  0.03343894583824983
  0.04375527728581829  0.05385597856364067  0.06404755637080020  0.07459589744034925
  0.08516097128683536  0.09586663247785812  0.10640999860615992  0.11711444057801465
  0.12750106438652337  0.13838609606555785  0.14966626058183807  0.16143235427687530
  0.17267996844041489  0.18343915814358269  0.19394687580983216  0.20450093545673459
  0.21510557163843694  0.22564850599761024  0.23619720750714729  0.24676001399656045
  0.25752419443879088  0.26862501367893843  0.27988065091335784  0.29105004297090364
  0.30216372828163451  0.31331571857235041  0.32441514547860706  0.33517985799263628
  0.34557068042485789  0.35584891392174822  0.36605703500474696  0.37632080686640212
  0.38624916842599183  0.39572026380929415  0.40516652309776724  0.41498303424854771
  0.42548761977494753  0.43634658995965825  0.44746627372375614  0.45886917755270645
  0.47008980717427074  0.48067071002562439  0.49088572451066970  0.50123301586581370
  0.51184544399825060  0.52219757171469572  0.53217531153517728  0.54241318426807794
  0.55292516468113184  0.56340274973655691  0.57374750433270005  0.58443447764345124
  0.59534809704386160  0.60610706282565330  0.61673184908905820  0.62732829926582945
  0.63764497773051743  0.64772067764463404  0.65779125704104491  0.66819557935458129
  0.67873138418977874  0.68910368671093247  0.69934343530284959  0.70966367746673420
  0.72029557206652972  0.73098457860804444  0.74154749837001832  0.75226545187785088
  0.76317097294712311  0.77443920871861038  0.78583206252528903  0.79710781713861600
  0.80815695116918451  0.81888679892506666  0.82940595481149804  0.83929258302887988
  0.84878967526335736  0.85832322423064167  0.86798179598066572  0.87777512545454639
  0.88738560310459358  0.89715774590006114  0.90780003832627554  0.91833850114453686
  0.92840330854853625  0.93823647801039134  0.94797521007323460  0.95807807195702455
  0.96845348759455208  0.97886246332868410  0.98958413990842875  1.00000000000000000
 -0.00220901676673772  0.02557656171613849  0.05079369174578478  0.07554679210800734
  0.09976567067149011  0.12341020967047152  0.14683737438708944  0.16961987719095253
  0.19180739012222198  0.21362085940642464  0.23490404226342793  0.25557891547234390
  0.27579900523142803  0.29564081123441410  0.31522889505122220  0.33424575161066422
  0.35283896990259656  0.37103109437790077  0.38887134624252601  0.40647370585786424
  0.42383449091752978  0.44076896193259130  0.45726518160605123  0.47336256638705765
  0.48923112679188602  0.50479512965683604  0.51996981446287782  0.53484036157211701
  0.54954841734558424  0.56401810837641242  0.57822379548596015  0.59207169585929631
  0.60555113137549665  0.61871169366200518  0.63162649484703570  0.64434974861799721
  0.65679849276467672  0.66898369632308918  0.68087375931175464  0.69239545805346103
  0.70369394297060084  0.71473818495967900  0.72555885535193820  0.73601234209273692
  0.74619171663064143  0.75621364701299099  0.76608303138781397  0.77575370542891275
  0.78520407323827246  0.79441462937777063  0.80318502209513787  0.81175533477336648
  0.82007529841272397  0.82836836021754234  0.83654156102158650  0.84452919504410418
  0.85229695996849175  0.85982856584997169  0.86720017902363333  0.87440510800205140
  0.88136834843135670  0.88811186706840461  0.89466037435798240  0.90073434558287735
  0.90664790496386061  0.91245548799382281  0.91811277845636929  0.92353207775566271
  0.92875322584427722  0.93380767701181155  0.93864412982265155  0.94327526820866792
  0.94770645529926578  0.95200250071462089  0.95622622655852840  0.95987414490403034
  0.96311698881846408  0.96624997772202503  0.96931277166921359  0.97226019517178630
  0.97515035124292138  0.97787288029164421  0.98044510403873231  0.98280824932211508
  0.98501353145379322  0.98711290941311480  0.98912453537578904  0.99100815912401297
  0.99262084945727058  0.99405163903174976  0.99534269324842195  0.99651464654795363
  0.99747680692651519  0.99836855232940025  0.99918584335800920  1.00000000000000000
 -0.01015462764164474  0.06221639515652537  0.08973384805067594  0.10782520856862697
  0.12203639545778788  0.13377695288311381  0.14443170996631141  0.15430839305670543
  0.16380707980932660  0.17273291374170835  0.18129063768448211  0.18961481002626437
  0.19772533201479547  0.20583451263587663  0.21396608557297569  0.22203142072590892
  0.22998686652032660  0.23784407437318428  0.24574931616782439  0.25371919315168789
  0.26174542764720227  0.26984194765952052  0.27799046625899965  0.28614043860291771
  0.29405554064897399  0.30187190772873851  0.30989990746211921  0.31807745525785325
  0.32631317145807065  0.33452041605862926  0.34283017222809403  0.35125576209421056
  0.35984763931747787  0.36860171390294000  0.37726171468071473  0.38614094555147271
  0.39526376305175526  0.40457897077963795  0.41415360852617744  0.42405982681399740
  0.43336587980514746  0.44226947926787108  0.45097779293728751  0.45996831573481689
  0.46953771749600570  0.47941788090896675  0.48935269186303199  0.49936418194999632
  0.50942369505111340  0.51948480131373209  0.52904498876160821  0.53857775585216816
  0.54756098609402593  0.55744321860992019  0.56623844834249026  0.57459217871468182
  0.58275868231782335  0.59127191990520989  0.60007226700587535  0.60889670730759937
  0.61757589717707795  0.62636900242752469  0.63566700105329976  0.64479879772103599
  0.65288794942304296  0.66037772369271008  0.66779223513426222  0.67546065548701573
  0.68353037590138821  0.69145505977604071  0.69903030432175195  0.70652292184618326
  0.71435576854803473  0.72253595583304508  0.73084395035784810  0.73923807695951138
  0.74758176678318500  0.75573996231316387  0.76380639153515772  0.77182509049529879
  0.77976170879601392  0.78774300093828376  0.79569483447847444  0.80348657262799228
  0.81145143827492472  0.81973054256733335  0.82831888380254381  0.83703230629555780
  0.84601428146623603  0.85543697625511139  0.86623030392730571  0.87823343218117966
  0.89242827154057569  0.91017582755578375  0.93740372264119554  1.00000000000000000
   3.0558277348834357       -1.0000000000000000     
 F F F T F T T F F T T F T F F F F F F F F F F F F F F F F F F F
  <DiscreteSampler_grid>
  grouped_processes
  1 # 1 for a reference and 2 for a running grid.
  10 # Attribute 'min_bin_probing_points' of the grid.
  1 # Attribute 'grid_mode' of the grid. 1=='default',2=='initialization'
  0.0000000000000000 # Attribute 'small_contrib_threshold' of the grid.
  0.5000000000000000 # Attribute 'damping_power' of the grid.
 # binID   n_entries weight   weight_sqr   abs_weight
    10   10   1.232441178102584E+011   1.391255728752021E+023   1.232441178102584E+011
    16   10   1.232441178102584E+011   1.391255728752021E+023   1.232441178102584E+011
  </DiscreteSampler_grid>
