  0.00000236237787908  0.00000238849321254  0.00000241862075725  0.00000245326277917
  0.00000247064090472  0.00000248721132785  0.00000250834024134  0.00000253137410648
  0.00000255527025342  0.00000258023552456  0.00000260599926121  0.00000263241807530
  0.00000265971120658  0.00000268807404331  0.00000271695017670  0.00000274832339284
  0.00000278228327392  0.00000281815244727  0.00000285611161946  0.00000289504833090
  0.00000293502852965  0.00000297622546628  0.00000301885614370  0.00000306303290979
  0.00000310790679294  0.00000315238399790  0.00000319715965201  0.00000325727005237
  0.00000331600195558  0.00000337576109596  0.00000343761325120  0.00000350237938557
  0.00000356983892880  0.00000363923139802  0.00000371244327894  0.00000379450381495
  0.00000388118468478  0.00000396985821313  0.00000406223158570  0.00000415669311889
  0.00000425826050898  0.00000436788344026  0.00000448424783072  0.00000460638354603
  0.00000473212691931  0.00000486020240355  0.00000499519420839  0.00000514671006216
  0.00000531120708772  0.00000548347734195  0.00000566191468723  0.00000584814719405
  0.00000604475627901  0.00000625160517964  0.00000646740084694  0.00000669690792687
  0.00000694835550529  0.00000722405185498  0.00000751539999074  0.00000781765233216
  0.00000816542855010  0.00000853186645945  0.00000891893994395  0.00000934479505309
  0.00000981719277194  0.00001032044038889  0.00001088875335839  0.00001151938170033
  0.00001219663879960  0.00001295340749763  0.00001379191774853  0.00001470425631513
  0.00001568543022978  0.00001676172374197  0.00001801216890869  0.00001936100481961
  0.00002088827892784  0.00002256434056391  0.00002463747645392  0.00002708206456326
  0.00002994916468298  0.00003334305567002  0.00003742167428349  0.00004251919969171
  0.00004901626161309  0.00005705174675247  0.00006694323492040  0.00008044528913912
  0.00009810513867981  0.00012315428324462  0.00016249735604419  0.00023009129469076
  0.00034991373783659  0.00062347653505576  0.00141524661959583  1.00000000000000000
 -0.00254379586032930  0.00975629287783435  0.02020963702318040  0.03038182858767593
  0.04073763935601423  0.05143663599196893  0.06222154146590406  0.07262214027343920
  0.08258837880444285  0.09304205854991873  0.10359392037911652  0.11407827320825088
  0.12459563693528022  0.13533600218123373  0.14645331933100125  0.15741785306650696
  0.16828642859459556  0.17918618605758352  0.19002627744502074  0.20127193176890121
  0.21218728093339578  0.22276169732182072  0.23314647188212284  0.24330772568692066
  0.25327139745809890  0.26336193598684116  0.27391361895462518  0.28493850139480387
  0.29574819558483939  0.30638175747662194  0.31676969949211692  0.32726434609198068
  0.33770513113633410  0.34803268187653957  0.35808522568769230  0.36824705697741611
  0.37850286017220497  0.38898184890073140  0.39959934616770426  0.41080402877606170
  0.42171629293870599  0.43241565039222946  0.44303574324416112  0.45358107526044289
  0.46424686358379430  0.47464285343466855  0.48532387837377738  0.49653465981658262
  0.50756750123702798  0.51866906364517729  0.52956833667328229  0.54015995881751033
  0.55024032882252616  0.56023548902853404  0.57023004107559616  0.58031103750501101
  0.59020090598877262  0.59984456409048403  0.60960946192254106  0.61913560932133160
  0.62920979615401162  0.63966412717196852  0.64989076621229425  0.66054203524717092
  0.67106204525713586  0.68232751564536398  0.69337542357921966  0.70422976034848206
  0.71495089292305336  0.72538634252761669  0.73578523345195790  0.74611797554734460
  0.75699922652949547  0.76795440443401519  0.77877971325567030  0.78922854173668755
  0.79979304601454360  0.81052254693411141  0.82048301178458038  0.83075001685263516
  0.84143559429768355  0.85210358380346163  0.86246036598720743  0.87299534346355201
  0.88374940450658646  0.89508058242474975  0.90543973419039403  0.91610425696408349
  0.92620636872426620  0.93647135718224916  0.94665724475513324  0.95722613043153570
  0.96813477137076553  0.97905144688201506  0.98972247003665592  1.00000000000000000
 -0.00043016369247788  0.02417726995685345  0.04632963929146846  0.06893788578817885
  0.09120402296379189  0.11283145350936602  0.13417008889798163  0.15517581132873023
  0.17600258427464016  0.19655160173877023  0.21643997900967044  0.23573811381933552
  0.25451136625655557  0.27293512593442387  0.29116257829701780  0.30927800887960943
  0.32717242393949919  0.34464629027172616  0.36187075842119876  0.37896116457870238
  0.39549844294719499  0.41154850341669946  0.42728796737965302  0.44287994279992154
  0.45831450104177529  0.47355651912188668  0.48861843506433966  0.50340921149273909
  0.51780566678935092  0.53178580341822468  0.54542070906354367  0.55873793427036789
  0.57174753187022609  0.58463487704026085  0.59748614472554495  0.61016965827578784
  0.62265722592660477  0.63494502997192592  0.64702803609617077  0.65884133127804834
  0.67036447879197381  0.68151401087037489  0.69239029819577891  0.70308873050335585
  0.71360216545037658  0.72383903112813841  0.73388742785015715  0.74373045580577779
  0.75335613787546463  0.76282486672639793  0.77215958376918259  0.78131172508866875
  0.79019500808073706  0.79875248095632501  0.80704149731843955  0.81513438258995952
  0.82304748653413429  0.83091249321886118  0.83868837827581266  0.84623216588327277
  0.85350351358665155  0.86054705190431202  0.86747757057333585  0.87436594860290950
  0.88108765856431559  0.88755653376148702  0.89383741028344998  0.89990293434719115
  0.90573049543800010  0.91145660579083609  0.91696296329479943  0.92230763434155916
  0.92749252176292785  0.93255987296815224  0.93741660699683926  0.94197505711601137
  0.94635678395524092  0.95068242416279769  0.95486622576482572  0.95878061347981591
  0.96247116093164631  0.96597478604496678  0.96941306037700814  0.97271350597840145
  0.97584674434854479  0.97885371012336009  0.98165196863659332  0.98426007049170661
  0.98674880424749878  0.98910811012153521  0.99130868192606569  0.99332090661534689
  0.99510095333297910  0.99679181638990444  0.99842137899333006  1.00000000000000000
 -0.02153687849667939  0.13140651718274662  0.18431693918783743  0.21537660974143166
  0.23947304724717916  0.25968474499200644  0.27752098935397562  0.29387651268198378
  0.30874868316818838  0.32265763390208596  0.33584184753475677  0.34851817337980823
  0.36091741269925620  0.37292486166210143  0.38440024891910080  0.39546610401901211
  0.40625830458423295  0.41706202761814898  0.42764182992617467  0.43778821760459213
  0.44760961163429858  0.45722665629289100  0.46645436199820489  0.47549384163637187
  0.48433999016176155  0.49301402343410988  0.50153123712232550  0.51000035014352851
  0.51844968232558675  0.52676780562245196  0.53497771115470838  0.54288168812862847
  0.55060587579056164  0.55810471286582120  0.56562445565074693  0.57304420287169355
  0.58035231961779588  0.58751118151083903  0.59440885577985092  0.60131943648693786
  0.60825123070153886  0.61487054711378297  0.62125441049465013  0.62748842628630341
  0.63380599174097796  0.64030575415630497  0.64675273517388165  0.65298744997598068
  0.65911379032298356  0.66520382939889389  0.67128638107924177  0.67736644297984927
  0.68334068217237764  0.68910694988663812  0.69473031187825529  0.70026489777983869
  0.70581041053307936  0.71139844017481346  0.71688770840356919  0.72230961456961118
  0.72763644912876846  0.73286091319111935  0.73804252140570126  0.74317284705182518
  0.74822270215973496  0.75324667892287300  0.75830257024782166  0.76339902560126072
  0.76858689278951908  0.77380614984182117  0.77883995638776882  0.78388275129259977
  0.78884209872634892  0.79373246069117220  0.79856532347300724  0.80338287153102617
  0.80819761460758122  0.81302601060885005  0.81793178454091287  0.82286935815159090
  0.82781694994486943  0.83287127273053485  0.83807462003183952  0.84341900399635006
  0.84885934158471377  0.85442788111565582  0.86038535258304705  0.86659465734516172
  0.87312912431372713  0.88028743095541995  0.88816824748775447  0.89713774552738501
  0.90784685385990538  0.92160218283948303  0.94450502601280295  1.00000000000000000
   2.2958040444915979       -1.0000000000000000     
 T F F T F F T F F T F F T F F T F F F F F F F F F F F F F F F F
  <DiscreteSampler_grid>
  grouped_processes
  1 # 1 for a reference and 2 for a running grid.
  10 # Attribute 'min_bin_probing_points' of the grid.
  1 # Attribute 'grid_mode' of the grid. 1=='default',2=='initialization'
  0.0000000000000000 # Attribute 'small_contrib_threshold' of the grid.
  0.5000000000000000 # Attribute 'damping_power' of the grid.
 # binID   n_entries weight   weight_sqr   abs_weight
    10   10   1.375895477633420E+011   1.738902273602582E+023   1.375895477633420E+011
  </DiscreteSampler_grid>
