 -0.00048908197168919  0.02683424419236833  0.05193134565866067  0.06836578551553125
  0.08589396251038495  0.10344935328540776  0.11985262297572158  0.13512866497044262
  0.15139108425190501  0.16596525869165984  0.17810474189683820  0.19034577004815195
  0.20202519172304648  0.21338489476008443  0.22399457462823885  0.23347665903406092
  0.24191194554079282  0.25104344664159034  0.26083623326070149  0.27065331007814447
  0.28010389486725090  0.28893962334158108  0.29781562657467658  0.30637443707480627
  0.31374538655893680  0.31998025250768969  0.32574109606164547  0.33090007768838864
  0.33560778551431830  0.34081305799583406  0.34647627252263302  0.35255844701551881
  0.35882738312226059  0.36508009949864378  0.37107041453116224  0.37668084634574156
  0.38281619411193524  0.39075846708624035  0.39822390337828190  0.40625816822391186
  0.41423876727017894  0.42201954160253852  0.42979797805855968  0.43739415546114568
  0.44383612790471494  0.45119522347909108  0.45807243662908265  0.46453528350744749
  0.47068180650005215  0.47655920851401745  0.48241796966373174  0.48851355751783737
  0.49476910221018255  0.50225323377024589  0.50932625899379513  0.51603848801619456
  0.52260485527253908  0.52922069500257229  0.53588047810248562  0.54257260985264288
  0.54938933672151136  0.55675684908516976  0.56386392014578857  0.57031503701396735
  0.57653667119179286  0.58288212176851761  0.58942536056953743  0.59692615486778466
  0.60399128753512699  0.61093512599855482  0.61718666171167802  0.62321578663545807
  0.62926265296009121  0.63526206843935351  0.64297381237057327  0.65028627752197732
  0.65724630605491352  0.66466300359108343  0.67395089890864135  0.68408849233822522
  0.69303107757549987  0.70127093583945976  0.70961833867161417  0.71864694430333764
  0.72872535022594820  0.73829573070565035  0.74843276286296156  0.75854205823164722
  0.76996021735367526  0.78255657136983514  0.79842475205372843  0.82218664741615566
  0.85373213771291712  0.88942813841597435  0.93125980496715455  1.00000000000000000
 -0.00493814281409956  0.02049243497703735  0.03425171098657651  0.04689780031658768
  0.05983399797247707  0.07202562467982315  0.08642051154377313  0.09765233321509789
  0.10796320676880790  0.11861880517205176  0.13062200971086638  0.14157612966547378
  0.15097089114060394  0.16028199897595100  0.16943291296598015  0.17852240056650742
  0.18740516186914033  0.19533507096299910  0.20323251016782831  0.21282259089830483
  0.22355409333829068  0.23265481126725959  0.24082254326423863  0.24880758569054229
  0.25797580781717055  0.26780575298384035  0.27907114498514018  0.29023055666364961
  0.30140796777744333  0.31278077116846392  0.32368892568820407  0.33399249517643315
  0.34540936894767199  0.35936273994410367  0.37477487044999691  0.38883180619710139
  0.40031749907032993  0.41053297692995167  0.42048748414733950  0.43079745363260985
  0.44059902647586852  0.45102176671381328  0.46421822960250936  0.47964603668792177
  0.49380621822816706  0.50484085787135247  0.51433616129733639  0.52372291288141215
  0.53442436900216439  0.54506305528536292  0.55556985724858643  0.56593353892300258
  0.57725706357256590  0.58948829339511943  0.60203708783132903  0.61602573023304863
  0.62919486066509556  0.63923389918145257  0.64888989373682249  0.65919229904056242
  0.67085478745478477  0.68104993491750754  0.69032184503609939  0.69990871017551604
  0.70853215760247024  0.71568699003565461  0.72247098943791843  0.72852411507178394
  0.73439440727399374  0.74217251236761927  0.75089345379465422  0.75941469621632929
  0.76785113741928945  0.77860885160886162  0.78892841647399625  0.79732802295858529
  0.80508671987833236  0.81303073177982177  0.82136687509883499  0.83099626641971858
  0.84118383099265193  0.85084759439528890  0.86185445588689424  0.87326242438024737
  0.88558408203873573  0.89947670756156994  0.91255684214678079  0.92693258055133498
  0.94081815001299474  0.95179391879006647  0.96024708683144000  0.96828333232436192
  0.97603643385752670  0.98381942932833766  0.99177545344995077  1.00000000000000000
 -0.00395998727522426  0.00905827941867949  0.02151558780429253  0.03239131337190111
  0.04306460806363412  0.05357018616677267  0.06390444837793513  0.07413936606624484
  0.08412113525600440  0.09425896187958047  0.10452690988289487  0.11479435855045329
  0.12537941973080657  0.13643337424724247  0.14811846378431659  0.15931272934643720
  0.17007112018526255  0.18036937435142097  0.19025768481045083  0.19981164588405612
  0.21029444256686519  0.22079831629697935  0.23130953024261469  0.24277676921682756
  0.25479900738731720  0.26698109283134513  0.27844498038160242  0.28938225685590074
  0.29957279030537803  0.30755547076662121  0.31611473073170848  0.32509881268710944
  0.33412159378221529  0.34285493183912746  0.35151231501653596  0.36034591430693114
  0.36945247847837787  0.37877742451184920  0.38908900280354253  0.39971061774776712
  0.41049138675533603  0.42123500091377886  0.43232926397956262  0.44334964817216205
  0.45430650667403344  0.46532010382316130  0.47757584238780865  0.49032875728433745
  0.50346602720059896  0.51681936648838256  0.53006102382184250  0.54311768655405634
  0.55714267107064563  0.57169470554911073  0.58691408737703510  0.60323091617505997
  0.61972230824094809  0.63642565039407140  0.65048274301015452  0.66336420077285008
  0.67601074749023227  0.68819628570681568  0.70017837726311249  0.71388460361926320
  0.72795570026479284  0.74236855646427602  0.75712814789950567  0.77391769283502165
  0.79216959358223860  0.81133738787582177  0.83230373859700568  0.85457654155744400
  0.87779075441192134  0.90184925630641188  0.92759919314752703  0.94685718348428949
  0.95697571756766475  0.95980383376156708  0.96178819547845895  0.96375412587284237
  0.96576385949191446  0.96789853866085485  0.97000599546644151  0.97217362857155754
  0.97444021441546858  0.97667341001222019  0.97898883677749171  0.98093578469114928
  0.98280806770289075  0.98485000537077727  0.98696363181394919  0.98909102716733188
  0.99130341277812650  0.99376297597459495  0.99654515146683897  1.00000000000000000
 -0.00072124145501065  0.04648051931133612  0.11970797770515101  0.15687347715744215
  0.18439741367222273  0.20896542641178581  0.23105990858998934  0.25376400594700060
  0.27387047867484970  0.28642070440231021  0.29928423788290859  0.31239210147159852
  0.32563984379605743  0.33822453678303904  0.35045976948782076  0.36160282095871743
  0.37146574081542488  0.38232404039834866  0.39477802745494578  0.40723074967866668
  0.41899623223843435  0.42994201355756145  0.43935084821684506  0.44746997720997356
  0.45511583725941529  0.46174392233336237  0.46839161427149933  0.47453296438631537
  0.48149724353984047  0.49136996503368779  0.50068476227227898  0.51021109152924893
  0.51958299777929595  0.52749982980189680  0.53410008654971308  0.54073044247545876
  0.54672607742313939  0.55381945559444401  0.56185562861969429  0.56926376475326079
  0.57609715912004145  0.58306221965168981  0.59130663465223354  0.60042381767400199
  0.61002515018320203  0.61961178633750613  0.62825549188752050  0.63602541455735173
  0.64282854737568884  0.64907111229522374  0.65576955965295214  0.66304048400864624
  0.67039787427027264  0.67762050173620847  0.68509547561699435  0.69203331366886278
  0.69857284624765348  0.70500705188440882  0.71175050447370969  0.71895593811887482
  0.72694606444220500  0.73539834566448270  0.74288894230959646  0.74918748017720360
  0.75466959499181097  0.75988396450816698  0.76538758936619411  0.77137504162698767
  0.77783906647406653  0.78414695647206922  0.79055130620926717  0.79618569489095625
  0.80126226589362803  0.80605737900164542  0.81128805977347340  0.81653116640342105
  0.82233279787333469  0.82728146876651010  0.83173907098964384  0.83630586088712278
  0.84121185903768536  0.84583843504504130  0.85087336834519034  0.85665414214818747
  0.86265424630051879  0.86854302429506480  0.87405648962242910  0.88008331089999303
  0.88598173309675976  0.89394816152433954  0.90216808490267941  0.90994075015314346
  0.91818202103894431  0.92795059679972947  0.95294428091207617  1.00000000000000000
   6.6614349700762968E-033  -1.0000000000000000     
 F T T F F F F F F F F F F T T F F F F F F F F F F F F F F F F F
  <DiscreteSampler_grid>
  grouped_processes
  1 # 1 for a reference and 2 for a running grid.
  10 # Attribute 'min_bin_probing_points' of the grid.
  1 # Attribute 'grid_mode' of the grid. 1=='default',2=='initialization'
  0.0000000000000000 # Attribute 'small_contrib_threshold' of the grid.
  0.5000000000000000 # Attribute 'damping_power' of the grid.
 # binID   n_entries weight   weight_sqr   abs_weight
    10   10   1.178088930236653E+008   1.559266219492209E+016   1.178088930236653E+008
  </DiscreteSampler_grid>
