  0.00000240590846598  0.00000243710038041  0.00000249091754888  0.00000254546164410
  0.00000259834658039  0.00000265086398050  0.00000270219959352  0.00000275606203415
  0.00000281332687614  0.00000287233081478  0.00000293226916460  0.00000299367224365
  0.00000305649283632  0.00000311958277039  0.00000318243754962  0.00000325409338347
  0.00000332979475409  0.00000340615176847  0.00000348424370883  0.00000356394200749
  0.00000364422802512  0.00000373225645226  0.00000382659438954  0.00000392488892928
  0.00000402495875900  0.00000412677326119  0.00000423188930045  0.00000434350206072
  0.00000446510223262  0.00000459481005864  0.00000472589733327  0.00000486129175310
  0.00000500270637271  0.00000515703824887  0.00000532035692425  0.00000548799553605
  0.00000565690934193  0.00000583270490991  0.00000602509035520  0.00000622625481611
  0.00000643512075041  0.00000665058316964  0.00000687869069183  0.00000714153955632
  0.00000740332670449  0.00000766574852477  0.00000794885533755  0.00000825330232912
  0.00000857513556804  0.00000891425452271  0.00000928039512730  0.00000968249303137
  0.00001010529288302  0.00001054441877478  0.00001102021189970  0.00001152523360734
  0.00001204960357733  0.00001261563148181  0.00001324194003322  0.00001390688956515
  0.00001460951134606  0.00001535965118522  0.00001613556974985  0.00001695473518758
  0.00001788665605928  0.00001888801686874  0.00001998905810410  0.00002123465994357
  0.00002248942649135  0.00002388695890677  0.00002538495618428  0.00002702152890768
  0.00002880688311826  0.00003070172255001  0.00003279344548654  0.00003511820346040
  0.00003789587139311  0.00004093527074488  0.00004445008904865  0.00004815243571036
  0.00005244631301173  0.00005737696709292  0.00006308059885061  0.00006944010700605
  0.00007653167151196  0.00008476951854622  0.00009445334655650  0.00010618555833401
  0.00012008434783824  0.00013688496280082  0.00015835952370817  0.00018434345040962
  0.00021925796572928  0.00026754476707757  0.00074183510168252  1.00000000000000000
 -0.00246513713095735  0.01008635743531574  0.02089318092468140  0.03151005193767730
  0.04200103892531260  0.05250732497821387  0.06283172681765650  0.07323856592300712
  0.08355682466107872  0.09412024750267085  0.10452119768263340  0.11491668936114617
  0.12527212814926061  0.13551989752299462  0.14560133544683229  0.15585013724566485
  0.16608761972283914  0.17641476472912573  0.18664746400060922  0.19746902607971792
  0.20839916307620734  0.21933332189357066  0.22999406140073850  0.24063561285918830
  0.25140579183002926  0.26213247390683825  0.27288231852310230  0.28374826892281224
  0.29461391853392227  0.30540602856287630  0.31602855676466551  0.32671075294428931
  0.33730705951709561  0.34794318989071038  0.35825150567523101  0.36828311271190189
  0.37813999745340693  0.38788573856899194  0.39768330564057180  0.40745306518011037
  0.41738139511524563  0.42753394442463621  0.43798359040891577  0.44827926314103034
  0.45864192555506339  0.46932750424172748  0.47992110881785649  0.49075460233145740
  0.50148439555740221  0.51297369001160598  0.52390723013382612  0.53476896503445093
  0.54529747775398096  0.55581957238928881  0.56644851677226715  0.57701665811857961
  0.58754454804185319  0.59778722676782237  0.60839955147631519  0.61912440468767571
  0.63014270587191734  0.64125307547529864  0.65207640036346026  0.66253787303319300
  0.67262983398918408  0.68265156963615359  0.69297499147624320  0.70363446994534340
  0.71461021051446116  0.72543683646132440  0.73614205771775032  0.74706051319375533
  0.75798913251217925  0.76868863258251352  0.77888947064339398  0.78889240584511833
  0.79924194913003044  0.80959112591181581  0.81990027046955172  0.83004427560550009
  0.84057890886844888  0.85122122082599372  0.86189718278478844  0.87242891383129906
  0.88325330163592020  0.89402346791936593  0.90486062934671696  0.91567228562850156
  0.92639273083703155  0.93706551854744757  0.94753548013157696  0.95811247999750992
  0.96850033607229458  0.97892451314521323  0.98938109449571554  1.00000000000000000
  0.00665549662681927  0.01578653898879387  0.02770314162388597  0.04022059344107097
  0.05258842903881735  0.06488667678860265  0.07712222275765782  0.08938331854306575
  0.10151444501219231  0.11347937637430233  0.12518355451562491  0.13668090277834852
  0.14815254296233266  0.15996582649231836  0.17200091757113736  0.18410736875959738
  0.19596690096465991  0.20754883233135726  0.21897923086652976  0.23032897240811881
  0.24152761398067762  0.25264753468555934  0.26380738503635270  0.27494238647411640
  0.28593310224502044  0.29675361555371621  0.30753232790157420  0.31818349595025780
  0.32883451276928677  0.33951858068872959  0.35022211622714372  0.36072594414381609
  0.37102813811614804  0.38121051697223846  0.39140039103090613  0.40150300885054158
  0.41164977780960244  0.42155710887161285  0.43137512182291227  0.44104310689799814
  0.45056916454870127  0.46007214030489041  0.46953233470863154  0.47925044808584899
  0.48906410446829235  0.49877167919077270  0.50833909985038206  0.51781158768979196
  0.52734719120314399  0.53688404019966884  0.54643143354791335  0.55589193168764339
  0.56535601076611186  0.57483757285231196  0.58423585779015696  0.59350139599654073
  0.60262795018482740  0.61163799712810452  0.62059036310386195  0.62945770641876730
  0.63826458050673518  0.64703999985836858  0.65578993761831561  0.66454884668539604
  0.67341745651645313  0.68237282635720875  0.69122642246560062  0.69996604901806692
  0.70874673383328635  0.71772649628944374  0.72679678725465890  0.73589446204789966
  0.74503116893504051  0.75423075100432413  0.76359478626863764  0.77292781895145413
  0.78222994457949935  0.79158534305790729  0.80105054530877173  0.81053320026597087
  0.82004562672951631  0.82924588740380778  0.83894600022432297  0.84875540253955783
  0.85909017268817001  0.86959157302393497  0.88049109155135152  0.89155527448981775
  0.90258635600358450  0.91364888489657003  0.92491405938890148  0.93664865404437325
  0.94897529791420787  0.96263359441260155  0.97914857120188536  1.00000000000000000
 -0.00929328494949100  0.10789557398147642  0.14165274040920056  0.16449240257390699
  0.18237731996002898  0.19781485777616695  0.21155438653520187  0.22407236547899745
  0.23544580860849257  0.24609215558507425  0.25597351371073840  0.26547752070722358
  0.27455921742413658  0.28328339376768280  0.29169943178804986  0.29987635134034502
  0.30783672332069101  0.31558966754535323  0.32313949914950563  0.33054484526892375
  0.33774935976764064  0.34474224734808784  0.35162234011016635  0.35833518721247593
  0.36484737842495146  0.37131853041940910  0.37771962657426317  0.38408832506462159
  0.39045167833133648  0.39669607771320586  0.40276452760318571  0.40873968776816072
  0.41467767556120849  0.42051949033241703  0.42623652663725176  0.43191360830702291
  0.43750673943869600  0.44305621163951187  0.44861823787696942  0.45422872352729221
  0.45985745172322995  0.46543721387254378  0.47093102110085522  0.47635386424072623
  0.48184388397872574  0.48747545130430087  0.49313238703472323  0.49879637855989012
  0.50439298083420125  0.50995119195073435  0.51552491265439893  0.52108088823212273
  0.52661723917448977  0.53215844170804927  0.53773198274409373  0.54330791312828974
  0.54883172658411405  0.55432739228830097  0.55981543769067643  0.56529473467344094
  0.57088592549582340  0.57652148666994874  0.58236372208824572  0.58842777494514298
  0.59456214808486385  0.60065859236640706  0.60672165181666660  0.61278474253198700
  0.61882284242420649  0.62494058076830727  0.63119585253101496  0.63755203008875283
  0.64404258285653782  0.65073172557821235  0.65757764396071339  0.66452949685327978
  0.67165677494878306  0.67906643396672151  0.68658329611371294  0.69438541396672970
  0.70228740967953840  0.71032197103969252  0.71872877400061919  0.72748558514450468
  0.73681041119431834  0.74653258398941458  0.75675959626115286  0.76756236834660019
  0.77921134295578720  0.79190393788543001  0.80585547253949341  0.82165288807540127
  0.84054470372398671  0.86485303117374102  0.90305830086880678  1.00000000000000000
   48.510367431058491       -1.0000000000000000     
 F F F F T F F T T F F T F F F F F F F F F F F F F F F F F F F F
  <DiscreteSampler_grid>
  grouped_processes
  1 # 1 for a reference and 2 for a running grid.
  10 # Attribute 'min_bin_probing_points' of the grid.
  1 # Attribute 'grid_mode' of the grid. 1=='default',2=='initialization'
  0.0000000000000000 # Attribute 'small_contrib_threshold' of the grid.
  0.5000000000000000 # Attribute 'damping_power' of the grid.
 # binID   n_entries weight   weight_sqr   abs_weight
    10   10   4.207784801761642E+008   3.703309488831865E+017   4.207784801761642E+008
    16   10   4.194452026355048E+008   3.701430396473740E+017   4.194452026355048E+008
  </DiscreteSampler_grid>
