  0.00000237765318584  0.00000243667204865  0.00000247401568369  0.00000249289462802
  0.00000251582740664  0.00000254034577268  0.00000256584789846  0.00000259297208080
  0.00000262372284046  0.00000265457218072  0.00000268606099930  0.00000271909941285
  0.00000275436655493  0.00000279220022736  0.00000283204347578  0.00000287301740468
  0.00000291587321628  0.00000296066508078  0.00000300673140772  0.00000305428310758
  0.00000310084378761  0.00000314815868362  0.00000319766975461  0.00000325070055620
  0.00000330887883496  0.00000337038240263  0.00000343544644226  0.00000350199687067
  0.00000356921953462  0.00000363682667967  0.00000370517062721  0.00000379000982905
  0.00000387583870004  0.00000396423889590  0.00000405607315979  0.00000415011251038
  0.00000424638589254  0.00000435255068865  0.00000447073842923  0.00000459308350681
  0.00000471865319816  0.00000484774263745  0.00000498080613751  0.00000512725915713
  0.00000529654841943  0.00000546433723045  0.00000563518927827  0.00000580672596995
  0.00000601424114794  0.00000623572838459  0.00000646464459916  0.00000670171382635
  0.00000695885606370  0.00000724493144872  0.00000753682522871  0.00000784644622945
  0.00000819561228424  0.00000857122417248  0.00000895207312538  0.00000935398058888
  0.00000979856836596  0.00001026347654996  0.00001078902966042  0.00001137458322885
  0.00001200020129569  0.00001268365314965  0.00001343911159017  0.00001423252044494
  0.00001513014113118  0.00001608782332898  0.00001716190711460  0.00001837290911508
  0.00001970505061434  0.00002127011828344  0.00002300978256649  0.00002508319362148
  0.00002738481308661  0.00003000179611273  0.00003290162781151  0.00003615556076596
  0.00004012334286608  0.00004484432338426  0.00005039229785692  0.00005706115040276
  0.00006504004851453  0.00007490393506985  0.00008821558083854  0.00010663457017607
  0.00013047558030671  0.00015938549956339  0.00019945337345776  0.00027841787973254
  0.00039376745499539  0.00065044757980251  0.01915847119968155  1.00000000000000000
 -0.00263118493146826  0.00957724710712786  0.02034762993122431  0.03100088304038922
  0.04206935968454847  0.05315445086946177  0.06415646034553410  0.07501296538397284
  0.08598636129579346  0.09717737749840748  0.10853636643406421  0.11971675050361862
  0.13074780994704202  0.14162075047022407  0.15229906664240758  0.16251936754203078
  0.17243001873304584  0.18245150925764406  0.19283776881713202  0.20337545718583089
  0.21358210892968751  0.22344138910282160  0.23324281011882358  0.24324454174043353
  0.25340457873434330  0.26375229614963669  0.27405533590658299  0.28458545975493516
  0.29483218396406624  0.30527468094772392  0.31572465878757394  0.32613048940218731
  0.33632266191450744  0.34650213130625207  0.35652490935089892  0.36651754765389960
  0.37652898239015054  0.38650278261750742  0.39631251823609098  0.40618829959921732
  0.41610807354195506  0.42658154666497866  0.43713107256310935  0.44821437332345260
  0.45949758050001444  0.47074251533500505  0.48187779407347531  0.49288197920572113
  0.50352984863369210  0.51391134473978872  0.52424604567571964  0.53475121334606990
  0.54523064245773212  0.55590933333077708  0.56655525621374359  0.57709045088960553
  0.58761319792656774  0.59766709864442402  0.60765385424067564  0.61751922916379898
  0.62755404289556682  0.63765188773091408  0.64799708689348334  0.65852620781036364
  0.66900498591703950  0.67954380376040424  0.69025803919845097  0.70133563310671188
  0.71244870262245463  0.72289700598374762  0.73341934951933918  0.74366415964368116
  0.75389181006225681  0.76420885846458719  0.77475000179448128  0.78599992173595223
  0.79702575778143581  0.80732122462651523  0.81747872916956132  0.82765822352505758
  0.83835675476133376  0.84920902943364751  0.85978283030811631  0.87052266340248174
  0.88063877116462719  0.89100313334898540  0.90146760102201284  0.91245195069290985
  0.92334929182493042  0.93442648530129868  0.94543910731737024  0.95676906144556639
  0.96779953439406918  0.97868110976540401  0.98913159379123305  1.00000000000000000
 -0.00180422010550096  0.02166349031086560  0.04297272377868151  0.06385049314775473
  0.08393962204470358  0.10342570617339826  0.12194780921870192  0.14055003947063693
  0.15910905093440364  0.17755333858179123  0.19574384975033723  0.21396759285033756
  0.23205840478017303  0.24961277887578584  0.26643621532904715  0.28297243017020679
  0.29943838339266782  0.31574450411962940  0.33185681942873596  0.34784790816248146
  0.36365239925966436  0.37944168281190088  0.39511142158007601  0.41061092581138708
  0.42563844216194946  0.44011276162388824  0.45422186755502703  0.46821644226315245
  0.48200902979067800  0.49553875744865583  0.50898126859717896  0.52245982561973792
  0.53561885039554480  0.54888525567747803  0.56196555983281804  0.57495385056760673
  0.58753399209198609  0.59983222591375052  0.61194142015459652  0.62393096450322150
  0.63572554266473547  0.64716409080672088  0.65828706831553985  0.66910535278972405
  0.67968044907616088  0.69002019671370951  0.70008314022416884  0.70997656425774336
  0.71984630089307766  0.72965073963873828  0.73925131294502366  0.74866798043964500
  0.75799011014820872  0.76718146458110970  0.77627626123914628  0.78524169731895699
  0.79410944095301217  0.80292776915974451  0.81168932813896866  0.82014317656658120
  0.82825997978878974  0.83610028649634960  0.84367544180161025  0.85112454877287957
  0.85836453291958081  0.86541019658550111  0.87234410906408089  0.87920264272058202
  0.88597047985325916  0.89253669332572649  0.89874925806109807  0.90480751422833627
  0.91078652447469599  0.91666214224476761  0.92226937920058161  0.92762571031969054
  0.93281486871221941  0.93782820947766732  0.94256641885279746  0.94725528109419443
  0.95202056467065210  0.95660278512414010  0.96081560756681139  0.96473349155550281
  0.96854977219197969  0.97223252584122011  0.97575581388471699  0.97913159447672171
  0.98229795740984516  0.98527338861450386  0.98809604263308271  0.99079805294787304
  0.99329886388098310  0.99561830145054719  0.99783951365051737  1.00000000000000000
 -0.01901382343616958  0.13614692075848583  0.18587276200101896  0.21867513186255835
  0.24513496279823535  0.26737629838304644  0.28672778906593810  0.30429667371264224
  0.32076252151740064  0.33666244955900393  0.35188759083643700  0.36629390041437859
  0.37971362728257169  0.39250827421680923  0.40428460341899075  0.41570675470937046
  0.42696261135157232  0.43812496800875639  0.44896956816202238  0.45967384024357910
  0.47012074430473916  0.48008556812762421  0.48965052492362138  0.49901999147242831
  0.50805073476307272  0.51667646217046070  0.52515290841731677  0.53367233893727184
  0.54225791955933733  0.55109369097974958  0.55973313551585968  0.56781481017458624
  0.57568612381834339  0.58351398642199548  0.59112839274896167  0.59851999760367858
  0.60553922705165009  0.61218373408223459  0.61868383306272712  0.62498209172321584
  0.63101057873479316  0.63698356923686072  0.64303955386453082  0.64900313072991589
  0.65473253872951054  0.66030095209836326  0.66573882882581026  0.67107396192167312
  0.67639356708922238  0.68165178791539438  0.68687681623491370  0.69226253490544065
  0.69789932046976333  0.70347970973107032  0.70895519403754370  0.71415845550560164
  0.71937220893369525  0.72466386303786179  0.73008193277985356  0.73542582228914910
  0.74050278786133616  0.74534923322339486  0.75009342150583624  0.75483005343562326
  0.75952492527758031  0.76431747845626286  0.76916000866125811  0.77396332543132529
  0.77865529722550597  0.78331377638349364  0.78795376192533373  0.79255096541421055
  0.79713394988975017  0.80174130431597490  0.80634073617558422  0.81103968691839912
  0.81577298167425150  0.82053912771433024  0.82526607761544990  0.82997647589211931
  0.83484126536194925  0.83993901133338411  0.84515372293270108  0.85043379778475958
  0.85591228251162699  0.86174085163611747  0.86783096014362526  0.87419322565518920
  0.88100474117348337  0.88836426033714633  0.89644646230916536  0.90555492057463849
  0.91627961139116065  0.93027082526071636  0.95231463379039294  1.00000000000000000
   172.45604841927471       -1.0000000000000000     
 F F T F F F F T T F F F F T F F F F F F F F F F F F F F F F F F
  <DiscreteSampler_grid>
  grouped_processes
  1 # 1 for a reference and 2 for a running grid.
  10 # Attribute 'min_bin_probing_points' of the grid.
  1 # Attribute 'grid_mode' of the grid. 1=='default',2=='initialization'
  0.0000000000000000 # Attribute 'small_contrib_threshold' of the grid.
  0.5000000000000000 # Attribute 'damping_power' of the grid.
 # binID   n_entries weight   weight_sqr   abs_weight
    10   10   7.509084159301248E+010   1.624973576755044E+022   7.509084159301248E+010
  </DiscreteSampler_grid>
