  0.00000236890441450  0.00000237211635442  0.00000238259535408  0.00000239880160718
  0.00000241629065603  0.00000243335637514  0.00000244909295474  0.00000246505161737
  0.00000248068995420  0.00000250106264699  0.00000252545231864  0.00000255042716591
  0.00000257641784853  0.00000260366705499  0.00000263242683910  0.00000266200850792
  0.00000269220222234  0.00000272369818816  0.00000275750474996  0.00000279384100204
  0.00000283177944976  0.00000287026614123  0.00000290964076110  0.00000294975330625
  0.00000299094162480  0.00000303425188600  0.00000308086162576  0.00000312929184950
  0.00000317855152379  0.00000323130097766  0.00000328880912289  0.00000334990494123
  0.00000341284128768  0.00000347698076370  0.00000354364089905  0.00000361172426112
  0.00000368555328859  0.00000376642657525  0.00000385564942105  0.00000395102823400
  0.00000405008399190  0.00000415136287063  0.00000425257284100  0.00000436391316356
  0.00000448456234373  0.00000461001716060  0.00000474130689744  0.00000487539484772
  0.00000501847254390  0.00000517970878133  0.00000535202221652  0.00000553222095115
  0.00000572473305974  0.00000593031780465  0.00000615685533710  0.00000638768544140
  0.00000663110574449  0.00000689865150398  0.00000719014647807  0.00000750385149427
  0.00000784025490189  0.00000820076039753  0.00000858919768619  0.00000899902767300
  0.00000943846762236  0.00000995027736701  0.00001046649762960  0.00001105223566449
  0.00001167779894055  0.00001235648581721  0.00001316033544038  0.00001401560917403
  0.00001501098368794  0.00001612273653626  0.00001740045010603  0.00001883726219387
  0.00002044593507185  0.00002227734851201  0.00002438924980466  0.00002687466989068
  0.00002987160305198  0.00003344809932570  0.00003771913250455  0.00004297888550799
  0.00004977675958571  0.00005779506802774  0.00006779174876758  0.00008283401179395
  0.00010396382626307  0.00013258248856259  0.00018041478328131  0.00026255959060012
  0.00041731033324666  0.00089033537890110  0.00819927305831913  1.00000000000000000
 -0.00266452721658382  0.01003709428171417  0.02087719987358713  0.03199521889322866
  0.04308414451068437  0.05378029564052775  0.06436915301048622  0.07523790256795637
  0.08577463120398678  0.09660391513110060  0.10702555263035089  0.11756810399296694
  0.12807229856314786  0.13864538971329748  0.14914811879700274  0.15893115015499967
  0.16866722674149931  0.17915310894628211  0.19028645487215021  0.20178500249281733
  0.21267578095924741  0.22331975328861908  0.23369089404483617  0.24360639405717754
  0.25342212020460969  0.26299779538944856  0.27285195596869488  0.28286045222984246
  0.29303430158651095  0.30345775502725181  0.31393026571332039  0.32463582756291465
  0.33528431763276839  0.34599076860438344  0.35629339128142340  0.36647050382793628
  0.37676649140259177  0.38702983273129071  0.39768417627772412  0.40873887558152328
  0.42003225323187393  0.43137771079813891  0.44225699923684464  0.45300075020473113
  0.46265868930632037  0.47219010026596653  0.48180400837954379  0.49195424358769912
  0.50219720333545570  0.51281700680334641  0.52302907029187418  0.53358242574466697
  0.54408722689539302  0.55515595991821731  0.56636140525845347  0.57758035292807930
  0.58839435280433061  0.59895104062535742  0.60935482429481069  0.61970506583075735
  0.63037287063866121  0.64098240990751132  0.65151599729055687  0.66149091462110809
  0.67118188322079819  0.68108059608640503  0.69125410405376375  0.70182092082280612
  0.71232432173327342  0.72294788978684210  0.73315816300997705  0.74343568087512779
  0.75355475020878371  0.76474167981846120  0.77529454988439328  0.78584270637823872
  0.79663543126977576  0.80786918507620731  0.81898997629927994  0.82973300058796384
  0.84049589984249395  0.85132755647532077  0.86188889595816010  0.87246904427001404
  0.88313089082362373  0.89424994962408733  0.90553808072790776  0.91681709002730083
  0.92743608601850469  0.93806859579815027  0.94859451588200039  0.95935368206718186
  0.96916907830826415  0.97929781363380053  0.98931902740965016  1.00000000000000000
 -0.00151364361931102  0.02327772313480617  0.04705543719419940  0.07045950681208936
  0.09330597346480290  0.11600850126369899  0.13833753041595911  0.16039229105212996
  0.18215215950473704  0.20367475276213204  0.22478061248332759  0.24535807886803807
  0.26545215527665661  0.28531275167302250  0.30503491987930331  0.32435071973796442
  0.34310887932278078  0.36140283317003702  0.37926094742728239  0.39678568143331677
  0.41411243622848060  0.43113746397962921  0.44797627810632623  0.46455598741105414
  0.48084629427861514  0.49676247911737825  0.51221600548144564  0.52721322952702132
  0.54192712701863144  0.55637782488217236  0.57063239121222054  0.58459529875632699
  0.59821363247358628  0.61151919693119461  0.62459790185218522  0.63751917381223100
  0.65027459239990060  0.66278609339812922  0.67502605916579039  0.68701089435252261
  0.69866206628142447  0.70992796648396339  0.72083278495380954  0.73154078125514688
  0.74205047988676864  0.75232251689483887  0.76221874817365221  0.77183443739981850
  0.78123119302601418  0.79051326196777127  0.79963892874448284  0.80854220806650023
  0.81709810584819564  0.82530156030154689  0.83328692653131031  0.84111050356429096
  0.84875826124373877  0.85626157828618554  0.86342308667588918  0.87050008814892865
  0.87734986596000697  0.88401531414405721  0.89057022877927972  0.89692821048333216
  0.90304057642064062  0.90899519981338806  0.91477296879405956  0.92022408232433650
  0.92535055378846787  0.93029375220813404  0.93509173502698939  0.93972253432338904
  0.94422754433695699  0.94859495741870414  0.95280612787844809  0.95703223563185003
  0.96062955132256378  0.96409142760297306  0.96744128093877446  0.97067402422963245
  0.97376401673653290  0.97670045850210552  0.97946134565452081  0.98202878953716544
  0.98443101061722660  0.98670074490584125  0.98877686677971166  0.99065936337468108
  0.99228887897055085  0.99376724035131414  0.99512645291307200  0.99634141798696363
  0.99737469735482653  0.99828754669129649  0.99915844685473676  1.00000000000000000
 -0.01814710715955536  0.09043142318200506  0.12028722278185480  0.13944820746495856
  0.15463563398915797  0.16811245032772601  0.18059590695765532  0.19217476860908939
  0.20308985790174058  0.21362660382447810  0.22384766184616020  0.23369928032772744
  0.24334061621746531  0.25292542248449784  0.26239303551158766  0.27177601707739613
  0.28099852623189248  0.29016919910010719  0.29941495334711554  0.30878483895302261
  0.31817013672010092  0.32781167569381242  0.33744932131124777  0.34708253296678299
  0.35670396736575111  0.36590551637455743  0.37508544894671203  0.38420407779542304
  0.39328393111487692  0.40219354216434178  0.41122456619465059  0.42054360858622547
  0.43050484290513213  0.44027308162780121  0.44985059546354711  0.45941736594561383
  0.46830429140572272  0.47714537767988158  0.48599717947247173  0.49514022163638161
  0.50416929392356435  0.51282393838198459  0.52076684011231844  0.52888718004105273
  0.53719599213723956  0.54572635902137756  0.55437923693825575  0.56286418555777984
  0.57141907102704970  0.57996551257797047  0.58880467926356350  0.59699313634225459
  0.60488404565904397  0.61237238834469920  0.61996886264083240  0.62780113294607731
  0.63531259967074061  0.64269020873351979  0.65005110326701909  0.65729026036885307
  0.66433101781755544  0.67142737544354236  0.67852257705310437  0.68578150685815031
  0.69311163826060418  0.70002996821736707  0.70710385080779914  0.71426126683974911
  0.72159966322508029  0.72892224006204231  0.73610769039871538  0.74317022595362026
  0.75007587640200202  0.75685499403321566  0.76353284135769095  0.77009140695937495
  0.77659943573632939  0.78312017898592745  0.78963729655406634  0.79608870818769961
  0.80249636250713707  0.80897830026657291  0.81559631137820143  0.82234920981438053
  0.82913856854974943  0.83600738272357666  0.84305365779207664  0.85029104629627861
  0.85800322095287151  0.86627148371254448  0.87532859321208334  0.88563206810507733
  0.89773070400603705  0.91312316885246425  0.93703499060588458  1.00000000000000000
   2.7446086394943330       -1.0000000000000000     
 F F F T F F T F F T F F T F F F F F F F F F F F F F F F F F F F
  <DiscreteSampler_grid>
  grouped_processes
  1 # 1 for a reference and 2 for a running grid.
  10 # Attribute 'min_bin_probing_points' of the grid.
  1 # Attribute 'grid_mode' of the grid. 1=='default',2=='initialization'
  0.0000000000000000 # Attribute 'small_contrib_threshold' of the grid.
  0.5000000000000000 # Attribute 'damping_power' of the grid.
 # binID   n_entries weight   weight_sqr   abs_weight
    10   10   5.615276020661204E+010   1.595591287662289E+022   5.615276020661204E+010
  </DiscreteSampler_grid>
