  0.00000237532824461  0.00000245536396985  0.00000250268403320  0.00000255201076435
  0.00000260499999820  0.00000265865543475  0.00000271333567191  0.00000277011529557
  0.00000282910292564  0.00000289085706540  0.00000295257601494  0.00000301456725976
  0.00000307692343253  0.00000313974344938  0.00000320525822220  0.00000327639581285
  0.00000335144956834  0.00000342776312432  0.00000350606634825  0.00000358559077073
  0.00000366688305788  0.00000375352079545  0.00000384997138097  0.00000394860558384
  0.00000404945856840  0.00000415225720660  0.00000425433584502  0.00000436660594551
  0.00000449053540523  0.00000461691443788  0.00000474657104274  0.00000487969434608
  0.00000502095169708  0.00000517536698261  0.00000533857944481  0.00000550693178677
  0.00000567689130540  0.00000585415141198  0.00000605826062878  0.00000626478660836
  0.00000647561373027  0.00000669171536484  0.00000692720591587  0.00000718080643553
  0.00000744526986005  0.00000772229620298  0.00000801948552102  0.00000833710975544
  0.00000866790520018  0.00000900477815778  0.00000937482277160  0.00000977033340183
  0.00001017506692926  0.00001059838993478  0.00001106353106408  0.00001155937568413
  0.00001206954345761  0.00001263658789282  0.00001325020613333  0.00001388805752557
  0.00001456586237518  0.00001531167516377  0.00001611196867120  0.00001698320837128
  0.00001795606028343  0.00001897081229292  0.00002007842081498  0.00002130709964372
  0.00002261768612191  0.00002408521790133  0.00002564050309536  0.00002733921336997
  0.00002920402639522  0.00003125786030152  0.00003354306546359  0.00003606894694690
  0.00003893487107244  0.00004217430571410  0.00004589346016608  0.00005013550413238
  0.00005495374766135  0.00006030552855709  0.00006637719997379  0.00007332334840130
  0.00008164255760077  0.00009179363524247  0.00010372679136502  0.00011781313716330
  0.00013538239402593  0.00015585065894496  0.00018225786467587  0.00022218427691059
  0.00028540924483368  0.00039759997719676  0.00243444073423511  1.00000000000000000
 -0.00216886597879781  0.00976514588778999  0.01977761197020615  0.03023441304373027
  0.04059183000539751  0.05119500336177430  0.06181222535293648  0.07250074458925841
  0.08305480412004981  0.09349957377236680  0.10395805801232369  0.11430025329326678
  0.12481687119581143  0.13560471461675469  0.14626160170791039  0.15679352918967615
  0.16731948298784177  0.17817957878253901  0.18908263994086502  0.19983865524316244
  0.21059920858900966  0.22132308151188015  0.23199473080786986  0.24250828373391042
  0.25305060705634419  0.26352788882136813  0.27409654266693251  0.28462410478066119
  0.29513936378613415  0.30556579382148524  0.31597140484761466  0.32646858375840559
  0.33685845751729787  0.34720842828417009  0.35756959063444926  0.36803293222282746
  0.37845042421110603  0.38897255142665665  0.39955828064307436  0.41033262986136565
  0.42097360876941209  0.43145693046751959  0.44180416318485743  0.45224805540729279
  0.46269901868697810  0.47327517256447937  0.48380299286911571  0.49441040661695101
  0.50494028703298544  0.51555605297868212  0.52638305174388933  0.53704288442226322
  0.54767028712213450  0.55842571782348582  0.56940760268182444  0.58024733636023362
  0.59085877040076651  0.60137609331485287  0.61184275906541263  0.62222221090482233
  0.63261347560556924  0.64288872351822013  0.65326090487187649  0.66380506309004317
  0.67440597590545726  0.68495675327620176  0.69549987358023591  0.70609814893550926
  0.71667290847808607  0.72711139969554961  0.73738740072586095  0.74762233919230270
  0.75788300769335493  0.76812987813321121  0.77850907164316363  0.78903419974185318
  0.79977480253982391  0.81063366414114280  0.82136256744841185  0.83212489332405692
  0.84268326820057904  0.85324824613404626  0.86386409032695299  0.87451711187626391
  0.88485809598809995  0.89511380883409652  0.90536472324950057  0.91561117068190145
  0.92606855875228367  0.93642950534145297  0.94706154893899153  0.95764057001228076
  0.96837954689656591  0.97904296715570527  0.98960567487519246  1.00000000000000000
  0.00323780276961773  0.01564324045392100  0.02705247672021484  0.03936724173717232
  0.05135546597059135  0.06347726462800428  0.07563062261203382  0.08766583919294943
  0.09954375885708659  0.11141949706485466  0.12327112721321981  0.13500615399775576
  0.14674300411616234  0.15851956160077313  0.17028000482399064  0.18187301337892556
  0.19331934565007189  0.20456112485914185  0.21565430517405881  0.22670452771664826
  0.23770192706695803  0.24864627288683358  0.25957437464079791  0.27059484532510480
  0.28171542207945149  0.29282244905743382  0.30386701276533479  0.31477013380717328
  0.32563745084039114  0.33645005905108621  0.34715764586577114  0.35774911997407749
  0.36823602236584030  0.37872130256819092  0.38912954510474473  0.39936803453087089
  0.40937741140697587  0.41930559576264870  0.42921553856468375  0.43914582895189525
  0.44909274795066084  0.45908276368260498  0.46902711075891340  0.47887719399250334
  0.48858436359307733  0.49824375364671236  0.50789701869505077  0.51759603949546273
  0.52729640094136565  0.53689679487449549  0.54636621025207766  0.55577991857969811
  0.56515906607275512  0.57435118099149429  0.58347720859308283  0.59261938080279364
  0.60180686531562133  0.61105186981567849  0.62033973318849078  0.62969983592078260
  0.63915288892463529  0.64855355360407829  0.65783199352596100  0.66710720276512070
  0.67629109768213502  0.68549014555552179  0.69467183020889844  0.70376651642268984
  0.71280663356807616  0.72182855024593839  0.73099912363747355  0.74037623506621597
  0.74966944404262081  0.75888580881591083  0.76803687787195418  0.77731505549382285
  0.78665889658455812  0.79585402538714067  0.80498056828610509  0.81417618284166038
  0.82358495384630337  0.83303640600439444  0.84259349612043499  0.85231499717481174
  0.86223201907161151  0.87229967286445820  0.88243050371163290  0.89269910783665751
  0.90311281227361662  0.91376901494850682  0.92477794855243911  0.93641337822600257
  0.94878248253277098  0.96243838327888231  0.97909029491257737  1.00000000000000000
 -0.01726843104197037  0.10559242107172259  0.13982147260718217  0.16301022803096576
  0.18118568934831583  0.19675641601539923  0.21057899223750851  0.22312967246232709
  0.23473656011351102  0.24562154566126809  0.25558733138548795  0.26494421760565912
  0.27386180114408037  0.28241753026642391  0.29073221999432580  0.29865266801691676
  0.30636232372841360  0.31384997099589884  0.32114579878233385  0.32827831346485509
  0.33517797653655246  0.34182223165879994  0.34835751746098031  0.35484602950369781
  0.36130150223327917  0.36768815728797732  0.37397503772278839  0.38021077263908387
  0.38640999220702532  0.39256117775829646  0.39864875968967700  0.40463819478311225
  0.41060697505508781  0.41657311814184872  0.42244852432939728  0.42826262880817573
  0.43407303991144824  0.43982444044710978  0.44553668010200481  0.45122241707692667
  0.45686531125888796  0.46250452704665990  0.46815359223096564  0.47377512867483984
  0.47938713172332842  0.48492459680313688  0.49044135876637723  0.49597288413266200
  0.50151114270349029  0.50711502270593400  0.51274303548149092  0.51839906563703342
  0.52407975690714659  0.52975719396948173  0.53543169183444295  0.54110226618633028
  0.54677357881177657  0.55245764365103589  0.55814577054862058  0.56388334033365362
  0.56965785150347892  0.57546847356488162  0.58130557560804141  0.58722983669535012
  0.59322378382997420  0.59930775694686411  0.60551140437029638  0.61184230641078796
  0.61823120613896965  0.62465910388193691  0.63113521093402836  0.63764084046086977
  0.64419339879321169  0.65085696829542983  0.65766293261014663  0.66456785616371206
  0.67161723367475623  0.67886784023688462  0.68628710861155950  0.69406127298630105
  0.70196315788540709  0.71010256253822956  0.71848223540374190  0.72717393580727174
  0.73623276752277977  0.74572221792381022  0.75575061148023570  0.76641558711500313
  0.77789791966092658  0.79040721665655256  0.80428438852814210  0.82026061262469807
  0.83932351511818559  0.86319272535835156  0.90122073680509018  1.00000000000000000
   13.254785664478844       -1.0000000000000000     
 F F F F T F F T T F F T F F F F F F F F F F F F F F F F F F F F
  <DiscreteSampler_grid>
  grouped_processes
  1 # 1 for a reference and 2 for a running grid.
  10 # Attribute 'min_bin_probing_points' of the grid.
  1 # Attribute 'grid_mode' of the grid. 1=='default',2=='initialization'
  0.0000000000000000 # Attribute 'small_contrib_threshold' of the grid.
  0.5000000000000000 # Attribute 'damping_power' of the grid.
 # binID   n_entries weight   weight_sqr   abs_weight
    10   10   1.116506612432670E+009   6.829780371820030E+018   1.116506612432670E+009
    16   10   1.114731486031664E+009   6.829615283586038E+018   1.114731486031664E+009
  </DiscreteSampler_grid>
