  0.00000237252196435  0.00000237683836319  0.00000238867836688  0.00000240515709458
  0.00000242253359205  0.00000243960569675  0.00000245697991096  0.00000247725009910
  0.00000250100042133  0.00000252703403300  0.00000255374255639  0.00000258106343248
  0.00000260934527040  0.00000263867262010  0.00000266885190150  0.00000269943414202
  0.00000273104345129  0.00000276599653036  0.00000280350797802  0.00000284319214270
  0.00000288421071391  0.00000292635954593  0.00000296964928123  0.00000301407635304
  0.00000305896897721  0.00000310408775520  0.00000315097629607  0.00000319991754220
  0.00000325468698600  0.00000331800940075  0.00000338108190897  0.00000344514028654
  0.00000351085629946  0.00000357887498243  0.00000365072026475  0.00000372807468628
  0.00000381199848952  0.00000390599861900  0.00000400120910661  0.00000409811368620
  0.00000419725069880  0.00000430129640941  0.00000441404228010  0.00000453744084168
  0.00000466375702588  0.00000479298440258  0.00000492488403987  0.00000507609384437
  0.00000524401728307  0.00000542001740290  0.00000560191635524  0.00000579167071122
  0.00000599805593725  0.00000622994740105  0.00000646745579398  0.00000671875675272
  0.00000698962271492  0.00000727961385707  0.00000758866113456  0.00000792194473231
  0.00000828666261013  0.00000868134168865  0.00000908059532333  0.00000954477713510
  0.00001003499685461  0.00001054287785099  0.00001111545058948  0.00001174574666797
  0.00001242937759414  0.00001320254967046  0.00001401424088558  0.00001490720004045
  0.00001590158737147  0.00001698678163885  0.00001823758955833  0.00001966268322814
  0.00002131799379064  0.00002322361199128  0.00002535444684743  0.00002794567717159
  0.00003092199023286  0.00003467414429698  0.00003890975650251  0.00004383143587493
  0.00004974093444752  0.00005751962496777  0.00006728232390129  0.00007914964340743
  0.00009439703585594  0.00011486289520218  0.00014292387098754  0.00017968508070956
  0.00026015287136061  0.00039641158348072  0.01429966731651617  1.00000000000000000
 -0.00295130866739478  0.01063311526428129  0.02198158435715881  0.03324018566761726
  0.04403907557333209  0.05459016332461431  0.06504678427219954  0.07544508701080974
  0.08578901794137038  0.09598102855087705  0.10620144042989245  0.11627362846677666
  0.12644286243059447  0.13660278287755442  0.14687789562958536  0.15713000156251011
  0.16780018197542815  0.17885018680824410  0.18978110373990520  0.20033987779277590
  0.21065929847486425  0.22114018483233860  0.23192958390118307  0.24328311352758597
  0.25402181917882211  0.26423324018517669  0.27442704124654099  0.28484681937913864
  0.29518229580134686  0.30537227131369876  0.31555768425424108  0.32616928925824834
  0.33683762770662884  0.34750666569758742  0.35838175089115709  0.36929479648262475
  0.38027845722057135  0.39130825707989170  0.40242173527205688  0.41340373304016531
  0.42416088792906631  0.43501544595789754  0.44595416574519259  0.45690904714976854
  0.46698928893378533  0.47701352145011588  0.48750139678217125  0.49806778829966392
  0.50874566005489696  0.51945243843681854  0.53066185536855703  0.54188660999169747
  0.55314730223373954  0.56427899957712335  0.57538349906297304  0.58606059400914756
  0.59651116297655504  0.60678355835416786  0.61696093770328997  0.62711099285657179
  0.63726076990041558  0.64733521366417801  0.65794357094524702  0.66870259171957447
  0.67942442683556958  0.69012068889303835  0.70030385716003063  0.71082861668135144
  0.72116617925995996  0.73129568224895602  0.74100601308187053  0.75091289764209257
  0.76159306395729109  0.77280985111537337  0.78390004132284019  0.79484268880933806
  0.80575800003857223  0.81636453255706021  0.82662829908517499  0.83738516085727221
  0.84819077625153227  0.85870333696969003  0.86878432891698842  0.87913530568677456
  0.89025634013903221  0.90130162387104173  0.91178849044682064  0.92191643524484024
  0.93193778832477303  0.94177438491803389  0.95158606765374221  0.96156985227915370
  0.97160930244764576  0.98122229094560198  0.99067571029417389  1.00000000000000000
  0.00813637804124413  0.02187865906466963  0.03924095597416971  0.05751364118585780
  0.07552241169638134  0.09343419428560727  0.11135927199817171  0.12912974125087773
  0.14643460665716546  0.16354296961515233  0.18063966426092229  0.19760666339891222
  0.21442266056713138  0.23088270662148694  0.24718712564454867  0.26310991717074889
  0.27904684349469777  0.29463168852812771  0.30988499105117212  0.32511901897240569
  0.34031039537580221  0.35533290276894031  0.37014672692673362  0.38476073990523130
  0.39929493883460615  0.41363262109322346  0.42746325340662794  0.44096804361880854
  0.45430911854940342  0.46744061104512241  0.48046850026072024  0.49328700259937136
  0.50588841120762351  0.51805713250685625  0.53011456520289046  0.54200633422619438
  0.55380198048166740  0.56542755280127954  0.57698802009341998  0.58854611272453139
  0.60001832310740999  0.61138205378794030  0.62264112705287089  0.63374479087654945
  0.64474833333042125  0.65562510744878311  0.66635224083298938  0.67681170802825685
  0.68700256156982265  0.69697194360922388  0.70680708357174116  0.71669652255445548
  0.72654929818164538  0.73629118982816888  0.74585630106856038  0.75515783984031215
  0.76428912611218447  0.77324262135594291  0.78190092984541593  0.79029459738342722
  0.79846858590083347  0.80655193057614061  0.81472512172949874  0.82302916709776830
  0.83132478549167099  0.83933038381999991  0.84706144437076225  0.85458948728064854
  0.86177721400138751  0.86886648292171442  0.87578312385454160  0.88234691944968502
  0.88871968170278393  0.89504239863436774  0.90138564758427941  0.90768933287094711
  0.91390521529663182  0.91999722699922548  0.92592463899701205  0.93165987983882714
  0.93719369530360108  0.94258805023396397  0.94788569868272599  0.95322242373719357
  0.95825558589591409  0.96291222863815085  0.96730956262218248  0.97155602857290446
  0.97571028573806673  0.97954001757541853  0.98326775387240639  0.98685626274099958
  0.99026735345247341  0.99355958010825984  0.99679353279710059  1.00000000000000000
 -0.00474401841853281  0.06008444018602552  0.08635258524313226  0.10381611584995727
  0.11783269409943489  0.12993541362373012  0.14051573489028715  0.14990092742711986
  0.15842843149487251  0.16664566907755737  0.17456217173188532  0.18194848073992420
  0.18903234181845077  0.19590860864057055  0.20278711160115417  0.20977652935086705
  0.21693074203193904  0.22412035252718746  0.23108282920349110  0.23790493614678607
  0.24482789693735468  0.25178431657671363  0.25863764334804634  0.26528397407323406
  0.27160863181818218  0.27760569711787747  0.28335950908675656  0.28941067555342959
  0.29560818825040935  0.30202310734882676  0.30836727609853332  0.31466370738632887
  0.32101519864603573  0.32738789640305477  0.33370291759521642  0.33987712412119298
  0.34589986415352242  0.35194308678132435  0.35812653228588714  0.36438687601763420
  0.37061204844868750  0.37667434073536277  0.38272739053071603  0.38877596612760634
  0.39483416578253672  0.40103352168042872  0.40732651577594042  0.41380995052698522
  0.42042522039368990  0.42694478754535187  0.43328088867942094  0.43967747375730992
  0.44620314949428797  0.45280363688066627  0.45936551460379854  0.46581069450496926
  0.47221176643372192  0.47867560266004244  0.48530876702244274  0.49200982489329431
  0.49871141228337940  0.50553614533218938  0.51241493158864448  0.51932787684834514
  0.52633432738357955  0.53335532605585123  0.54035214139507992  0.54750444775597640
  0.55475804709446708  0.56220842453802011  0.56967230566917693  0.57732684663977052
  0.58519766916324190  0.59333100665867622  0.60146967775362137  0.60951545033304300
  0.61753819258712839  0.62587460689680519  0.63458798132919292  0.64361194746747374
  0.65279901025831732  0.66208418362972821  0.67210945318594495  0.68256940302544100
  0.69332756880998003  0.70420722236839928  0.71600214075491309  0.72876644328453333
  0.74266812616666233  0.75738016562105581  0.77355483790942714  0.79204695264567870
  0.81401701779904467  0.84095834940268910  0.88351525306195255  1.00000000000000000
   1183.3362994755114       -1.0000000000000000     
 F T F F T F F F F F F T F F T F F T F F T F F F F F F T F F T F
  <DiscreteSampler_grid>
  grouped_processes
  1 # 1 for a reference and 2 for a running grid.
  10 # Attribute 'min_bin_probing_points' of the grid.
  1 # Attribute 'grid_mode' of the grid. 1=='default',2=='initialization'
  0.0000000000000000 # Attribute 'small_contrib_threshold' of the grid.
  0.5000000000000000 # Attribute 'damping_power' of the grid.
 # binID   n_entries weight   weight_sqr   abs_weight
    13   10   3.727581273294731E+011   1.185837115802358E+024   3.727581273294731E+011
    14   10   3.727581273294734E+011   1.185837115802360E+024   3.727581273294734E+011
    16   10   3.727581273294733E+011   1.185837115802359E+024   3.727581273294733E+011
    17   10   3.727581273294734E+011   1.185837115802360E+024   3.727581273294734E+011
  </DiscreteSampler_grid>
