  0.00000236607884982  0.00000237145811464  0.00000238023718872  0.00000239351959134
  0.00000240928763614  0.00000242566446385  0.00000244062762142  0.00000245420031056
  0.00000246777627889  0.00000248172882021  0.00000249534565001  0.00000251258875823
  0.00000254209453027  0.00000257341623107  0.00000260575875565  0.00000263912086956
  0.00000267354300409  0.00000270900462126  0.00000274918218608  0.00000279117602801
  0.00000283449794924  0.00000287952703211  0.00000292767527328  0.00000297692940503
  0.00000302760108751  0.00000308002787690  0.00000313428460004  0.00000318948595892
  0.00000325521818481  0.00000332849177383  0.00000340009741844  0.00000347297804854
  0.00000354786494089  0.00000362372468589  0.00000370341983107  0.00000379826938193
  0.00000389849150484  0.00000400276902870  0.00000410937437309  0.00000421695952025
  0.00000432535581161  0.00000447031401573  0.00000461694625909  0.00000476674235819
  0.00000492422113246  0.00000509737643569  0.00000529450959267  0.00000549792086893
  0.00000570706973757  0.00000592892085089  0.00000618464562268  0.00000644209182800
  0.00000671717893885  0.00000702041246422  0.00000735065119326  0.00000770275291649
  0.00000808563989498  0.00000852138623138  0.00000896701751911  0.00000946325595279
  0.00000999959848890  0.00001058726414936  0.00001124986808944  0.00001198295316878
  0.00001278915657523  0.00001368548738650  0.00001466392941544  0.00001577687705203
  0.00001703575770495  0.00001848847000107  0.00002014598490279  0.00002196288518923
  0.00002406519343333  0.00002637574962273  0.00002908782413417  0.00003217291520186
  0.00003577528648754  0.00003975537165014  0.00004445568767593  0.00005033198364238
  0.00005754528728701  0.00006644278509551  0.00007670575691587  0.00008920322348672
  0.00010573351063196  0.00012752994997334  0.00015715511129064  0.00019763795599715
  0.00025905161777234  0.00035192703131510  0.00051451859147450  0.00082944705095649
  0.00147114226871211  0.00453877691991565  0.04889983465963628  1.00000000000000000
 -0.00276916681738089  0.00986670617594163  0.02045277815199202  0.03067004569800221
  0.04082205057324336  0.05102307254795042  0.06129798763236560  0.07203414055095525
  0.08266328833687317  0.09384567588754543  0.10498313300537704  0.11608307137090265
  0.12729370439777432  0.13853728044749919  0.14985558736786092  0.16018285310093044
  0.16874118024112653  0.17647110962165005  0.18448854929156075  0.19414404884443040
  0.20359472263024186  0.21299611501960333  0.22241509408461918  0.23226961820580327
  0.24324844718522051  0.25441032168967015  0.26589393773456416  0.27728532929931227
  0.28875531114525871  0.30018253333641876  0.31115826290070570  0.32162460236621560
  0.33193225518304847  0.34265427825966194  0.35376941872144363  0.36351036078036053
  0.37309866287774851  0.38243943679421610  0.39190165501668023  0.40158711262456526
  0.41131052423591158  0.42106602552655426  0.43154060654240012  0.44204881348005570
  0.45287130858977381  0.46383778330625725  0.47463163882480724  0.48506299465739544
  0.49523333292039201  0.50567780389024819  0.51652673496598045  0.52762546344175587
  0.53925928339941931  0.55084649388054474  0.56220435262310298  0.57323097669905965
  0.58428108909047904  0.59553448884556459  0.60695650419597746  0.61836835700790949
  0.62950463909087795  0.64020767189872774  0.65038903772026435  0.66018506563878399
  0.66990931870384918  0.67987124312376812  0.69022266126362208  0.70102628234583675
  0.71238831533820879  0.72427248297738356  0.73612715204491386  0.74757070241975676
  0.75868449832031148  0.76964440585584548  0.78059751356218288  0.79140491581253725
  0.80121594675156438  0.81104871026451164  0.82107721979104964  0.83109812607049527
  0.84082647844223080  0.85040789868021371  0.86065234249896039  0.87169433424250875
  0.88207511736130351  0.89239256062306127  0.90295916694264478  0.91388005434535091
  0.92463849283568256  0.93532073453701459  0.94615381435320645  0.95709472564159359
  0.96806500731594458  0.97877701315050381  0.98947987201446730  1.00000000000000000
 -0.00262627561932676  0.02557938373303292  0.05075328298571647  0.07562309107812977
  0.10019912704085997  0.12440066308671956  0.14755210719900780  0.17017658720793119
  0.19247593084634973  0.21431844756270702  0.23571055456765333  0.25683565851953233
  0.27742649032022093  0.29735428983562329  0.31698698599835357  0.33630417710121308
  0.35526779223000210  0.37373754447874286  0.39171975385396890  0.40933830529130533
  0.42662690657544855  0.44357272353255606  0.46016921569226193  0.47666094077924820
  0.49288677243535106  0.50884564979586422  0.52442123523854667  0.53956715297504176
  0.55438874156069451  0.56881777674201617  0.58281234529388648  0.59640816758329684
  0.60974217535448239  0.62273864654743405  0.63545511340554905  0.64793208416073877
  0.66023907885322553  0.67231840252458464  0.68408705512958856  0.69554654036685004
  0.70674963643695599  0.71780249175471067  0.72858269158107003  0.73906774283366494
  0.74937317767828704  0.75961062934237755  0.76963097622639276  0.77921510309347886
  0.78845879771924421  0.79750339613966847  0.80645983143013023  0.81525733345982399
  0.82379387482992739  0.83210876757624441  0.84014104116624577  0.84797988232436805
  0.85560363505106352  0.86300158442889319  0.87026027973952269  0.87737598109733117
  0.88424123956858491  0.89093563535042353  0.89740920300150673  0.90352397418147912
  0.90948861235934197  0.91528348621402622  0.92084972026613565  0.92624554230897371
  0.93147739447611455  0.93649055940048709  0.94128439445601653  0.94589992142364143
  0.95039625342201461  0.95474323359788382  0.95865992259772326  0.96196869923584760
  0.96504875726237305  0.96809187042454647  0.97106326712630164  0.97388713195164922
  0.97662851995401079  0.97922058414227464  0.98161463519543490  0.98386345881254067
  0.98605615966734073  0.98811093798181082  0.98998843847722651  0.99175064052863671
  0.99328306727500493  0.99454457799713514  0.99571937236493557  0.99676317273690640
  0.99768750116803495  0.99849684838226604  0.99925492771603486  1.00000000000000000
 -0.00915645658265883  0.06159593492421381  0.08950170082656581  0.10743172002132843
  0.12133012964618331  0.13300767734780269  0.14347120754975631  0.15337008691943282
  0.16288626633129966  0.17201451344045016  0.18082145182715506  0.18938716111704146
  0.19767343711712576  0.20570862707687496  0.21361974964047487  0.22151230482224524
  0.22949132744253828  0.23752048403258427  0.24563874147258122  0.25376530529157321
  0.26186073095385187  0.26999173369882629  0.27808513427239978  0.28619889614005933
  0.29432232065768676  0.30297560335680274  0.31181025768152987  0.32029434852863603
  0.32880271974914649  0.33718317944512999  0.34560169454193312  0.35379096082738654
  0.36209966608361738  0.37045694274112584  0.37935109175641929  0.38870745167477694
  0.39743934462800212  0.40566557827490063  0.41412905836519026  0.42262111364335275
  0.43082013637530675  0.43879026075099825  0.44710314219388975  0.45569194705352684
  0.46521064299662096  0.47500411900641287  0.48467669694676635  0.49472148117857262
  0.50463913964160911  0.51348575477465164  0.52099912356806477  0.52808197645339572
  0.53527537157138283  0.54317193421121612  0.55296247464459769  0.56273915248534234
  0.57173126821099129  0.58045857616576202  0.58883278329688060  0.59683704274174010
  0.60497518428702735  0.61323932267362213  0.62137899295759114  0.62971708141990590
  0.63821358232807412  0.64695831774532908  0.65662361360342292  0.66613352084252231
  0.67519601547092667  0.68404130796424678  0.69264231404713172  0.70107947961519801
  0.70949014078702066  0.71784084677363702  0.72624364761238813  0.73469435335396638
  0.74292490607831374  0.75105806136704745  0.75917925531974173  0.76716823160108216
  0.77521577331393554  0.78337216768933926  0.79167002370811634  0.80010778740320465
  0.80867059341235381  0.81736051694071843  0.82617574781037051  0.83519746482610258
  0.84453098113325487  0.85429249795632789  0.86484401746770800  0.87665450088246599
  0.89060165148879400  0.90837208099407551  0.93582889722234086  1.00000000000000000
   3.0136979933228840       -1.0000000000000000     
 F F F T F T T F F T T F T F F F F F F F F F F F F F F F F F F F
  <DiscreteSampler_grid>
  grouped_processes
  1 # 1 for a reference and 2 for a running grid.
  10 # Attribute 'min_bin_probing_points' of the grid.
  1 # Attribute 'grid_mode' of the grid. 1=='default',2=='initialization'
  0.0000000000000000 # Attribute 'small_contrib_threshold' of the grid.
  0.5000000000000000 # Attribute 'damping_power' of the grid.
 # binID   n_entries weight   weight_sqr   abs_weight
    10   10   2.480041041974133E+010   4.288197385482998E+021   2.480041041974133E+010
    16   10   2.480041041974133E+010   4.288197385482998E+021   2.480041041974133E+010
  </DiscreteSampler_grid>
