  0.00000236589800064  0.00000248748807931  0.00000255090055598  0.00000260336672687
  0.00000265706058348  0.00000271058081842  0.00000276657922866  0.00000282387376609
  0.00000288410561097  0.00000294460815083  0.00000300585073462  0.00000306806880286
  0.00000313137730945  0.00000319711023463  0.00000326875342646  0.00000334605527551
  0.00000342316745195  0.00000350222184822  0.00000358297601239  0.00000366442482577
  0.00000375202727288  0.00000385006166621  0.00000394988533532  0.00000405137363434
  0.00000415621663622  0.00000426458199691  0.00000437911649070  0.00000450363125305
  0.00000463384099078  0.00000476554320057  0.00000490069101811  0.00000504393739011
  0.00000520063726076  0.00000536652726913  0.00000553519872504  0.00000570947688582
  0.00000589452417925  0.00000609510894636  0.00000630369039418  0.00000651725521555
  0.00000673778887439  0.00000697453692781  0.00000723570802633  0.00000750035784139
  0.00000777458568377  0.00000806439243133  0.00000838157303223  0.00000870108778468
  0.00000903159515741  0.00000939780152245  0.00000979606459096  0.00001020341262727
  0.00001062598633302  0.00001109875194207  0.00001159887896773  0.00001211785435620
  0.00001267391048972  0.00001328485360489  0.00001392566089284  0.00001461956959204
  0.00001536334039728  0.00001613201259656  0.00001694250295619  0.00001782730762324
  0.00001875163438455  0.00001977106705423  0.00002092225298017  0.00002211933323558
  0.00002350247618316  0.00002500312297217  0.00002666734915229  0.00002853600731470
  0.00003057560652219  0.00003284175687521  0.00003533079588180  0.00003804136034643
  0.00004104397813702  0.00004440883710709  0.00004824455147147  0.00005268283291455
  0.00005786066027027  0.00006391638899309  0.00007117042118068  0.00007946543377721
  0.00008916970184105  0.00010043356789363  0.00011500707965228  0.00013494653423823
  0.00016236521721207  0.00019455346027191  0.00023532336358570  0.00028947794712402
  0.00039368367630223  0.00052069015039825  0.01935356873361345  1.00000000000000000
 -0.00242299094256366  0.00952864942684882  0.01956881835479127  0.03000178533014462
  0.04059905093740971  0.05131216491762668  0.06196034217740891  0.07252275192465681
  0.08327783907477507  0.09434405876981077  0.10531573917567115  0.11635794675283741
  0.12704043696229861  0.13753108469565772  0.14799025002537469  0.15832915256210556
  0.16876591253965684  0.17908322427527554  0.18941026612656664  0.19974160269689797
  0.20997908230596837  0.22028875942828557  0.23057627847753051  0.24136383699408576
  0.25205367169372689  0.26271463480578960  0.27321283648530809  0.28397585217521798
  0.29493108520234940  0.30578124039730581  0.31662688435921926  0.32730689055685624
  0.33792666082206391  0.34831234521662541  0.35874913941366277  0.36925912719313225
  0.37980297569620319  0.39033423859224436  0.40104804602842398  0.41197471309055617
  0.42279194997055597  0.43346951696297115  0.44399721133751796  0.45461983065874084
  0.46502011822397532  0.47547904446223260  0.48557648760975680  0.49566549931611259
  0.50567720823441431  0.51568623667844393  0.52579689543586927  0.53586695469620083
  0.54604846348724678  0.55636171570433313  0.56684945614208293  0.57738521626218997
  0.58793406944585003  0.59825466900620516  0.60863635533443095  0.61918598557624283
  0.62967662928544643  0.64023714885262151  0.65076369888523211  0.66144946746954658
  0.67208959138275337  0.68273765128206121  0.69335987754528317  0.70402527003050097
  0.71493702270692938  0.72610021575214578  0.73719560998123546  0.74808628275969546
  0.75891669300998010  0.76970609212220831  0.78014946307167754  0.79058798336425440
  0.80088361482568438  0.81110314271551942  0.82138148133388789  0.83164302678064794
  0.84210819597293118  0.85249954920657967  0.86299100940600126  0.87354665518456798
  0.88404415258842484  0.89460735963564986  0.90503334335622265  0.91546085107697073
  0.92577576216394664  0.93634177803662277  0.94714042587463343  0.95801868876587570
  0.96855762526809985  0.97914225780891617  0.98959533121995424  1.00000000000000000
 -0.00219778825851670  0.01274974156812730  0.02517026023534229  0.03738222260917438
  0.04947751869120123  0.06162463347580825  0.07383323677353555  0.08606343760479462
  0.09825690376209134  0.11036363792281488  0.12224117573323479  0.13380899612746588
  0.14524876975782644  0.15673758050607681  0.16831613105588453  0.17994011288688669
  0.19149237956451945  0.20294396677371032  0.21431868955697531  0.22558500198315479
  0.23674174411670004  0.24777928712098227  0.25881392924103386  0.26985015102835047
  0.28086316451564608  0.29170869460653659  0.30241370632780246  0.31304002371121281
  0.32370297247153212  0.33450503087376976  0.34531063302155829  0.35596541407904264
  0.36646414437982827  0.37692123201396760  0.38747689173940303  0.39797590064136967
  0.40838489766508845  0.41867784576970463  0.42900004225930050  0.43931512478786489
  0.44966241836401383  0.45979152692372088  0.46981021517491506  0.47993524600655346
  0.49005202637641837  0.50013051898439942  0.51001583139000806  0.51985730756305459
  0.52974872411416463  0.53969118603029331  0.54955455029383904  0.55935591823126840
  0.56907645073202673  0.57867378764786326  0.58812057665392536  0.59747143429990646
  0.60684461098358222  0.61632521530900042  0.62580326958379695  0.63515791979566416
  0.64443076979145564  0.65366124106930235  0.66284974802730579  0.67196895010380175
  0.68100927807982814  0.69004487871951437  0.69904856391227366  0.70807831506142505
  0.71715498996095406  0.72617650594146754  0.73522713398075390  0.74430134657891378
  0.75337016887634412  0.76250785771440832  0.77160831455184320  0.78075893787036499
  0.78998763223770307  0.79919659714779667  0.80851293372643840  0.81780126384215179
  0.82699412262227445  0.83617191209924246  0.84546025374632716  0.85483809641583652
  0.86432618801929040  0.87382272343430256  0.88349532913240114  0.89333057693223228
  0.90348281183652901  0.91410581014949788  0.92522108552310123  0.93687510779080863
  0.94921425053409414  0.96285106178427571  0.97950275826751521  1.00000000000000000
 -0.01133088936561423  0.10057350669524064  0.13705292386526843  0.16023998881962231
  0.17871058562610478  0.19461603773428729  0.20872920782948112  0.22140057898441107
  0.23289206503310986  0.24356022961872129  0.25359947565053625  0.26315444735141957
  0.27223776875287786  0.28083430480783217  0.28913143548376685  0.29713540017754259
  0.30497343229053525  0.31266822216053397  0.32010077814766535  0.32732464149172963
  0.33436003455818764  0.34124802249761654  0.34806413757448862  0.35478028762006064
  0.36135253007364249  0.36783988674799789  0.37423971431973602  0.38055275231489499
  0.38681818658866368  0.39302365727449373  0.39916137498529691  0.40522343797245081
  0.41121123654827307  0.41719251394281232  0.42306505969500524  0.42889460897216436
  0.43469866947531549  0.44042005756020869  0.44610915257003331  0.45178669160025592
  0.45745716647987134  0.46310173951924277  0.46873533083452551  0.47435994407466781
  0.47994161239191863  0.48547605285636852  0.49101184799023007  0.49658999175109098
  0.50216970078203338  0.50773197488004662  0.51321764206349318  0.51870429600383616
  0.52422446084508145  0.52979669183599876  0.53539661500202995  0.54105515994053410
  0.54680626460726767  0.55259261545780580  0.55838323858642047  0.56423585738036020
  0.57016206051338447  0.57618220777026941  0.58222761825384617  0.58828842042584328
  0.59432316273050589  0.60038952654878186  0.60656608051585070  0.61279018142509845
  0.61902272968931116  0.62529999953956827  0.63166521267241482  0.63813563836824960
  0.64473868691389602  0.65152148745940086  0.65843565101602430  0.66539044243968570
  0.67248123201372412  0.67973699673634169  0.68713111419174877  0.69477910771323659
  0.70258955230322173  0.71062854882453863  0.71898282798522806  0.72760612902563482
  0.73668563987027902  0.74616092226111852  0.75625712865985917  0.76704085619542661
  0.77872882534730847  0.79146770613345330  0.80553172436655429  0.82148196827526876
  0.84036816625521982  0.86426296424483373  0.90190938717023095  1.00000000000000000
   13.119900986191803       -1.0000000000000000     
 F F F F T F F T T F F T F F F F F F F F F F F F F F F F F F F F
  <DiscreteSampler_grid>
  grouped_processes
  1 # 1 for a reference and 2 for a running grid.
  10 # Attribute 'min_bin_probing_points' of the grid.
  1 # Attribute 'grid_mode' of the grid. 1=='default',2=='initialization'
  0.0000000000000000 # Attribute 'small_contrib_threshold' of the grid.
  0.5000000000000000 # Attribute 'damping_power' of the grid.
 # binID   n_entries weight   weight_sqr   abs_weight
    10   10   4.371391618680158E+008   3.852983716787480E+017   4.371391618680158E+008
    16   10   4.418843166394601E+008   3.866869405292349E+017   4.418843166394601E+008
  </DiscreteSampler_grid>
