  0.00000236501693249  0.00000236902549077  0.00000237792191708  0.00000238920220699
  0.00000240105911039  0.00000241353742622  0.00000242625111492  0.00000243874299950
  0.00000244893691239  0.00000245965364515  0.00000247049806375  0.00000248152855729
  0.00000249229197526  0.00000250509696064  0.00000252615034499  0.00000256050893875
  0.00000259532116658  0.00000263110673257  0.00000266834980140  0.00000270704769394
  0.00000274746171897  0.00000279011465994  0.00000283657864208  0.00000288506911130
  0.00000293499560479  0.00000298675898156  0.00000304169091130  0.00000309629122315
  0.00000315228610124  0.00000321339193699  0.00000328233862532  0.00000335636025463
  0.00000343056832910  0.00000350688820011  0.00000358660134103  0.00000366979015863
  0.00000376955282343  0.00000387791141808  0.00000399085824047  0.00000410599965577
  0.00000422480782883  0.00000434665471108  0.00000448037963439  0.00000462185837133
  0.00000476455764518  0.00000491685293408  0.00000509204054880  0.00000528055486606
  0.00000547664081037  0.00000567738205429  0.00000589702017306  0.00000613918950749
  0.00000638755685076  0.00000664982448299  0.00000693811399689  0.00000726049092209
  0.00000761303890694  0.00000800119631758  0.00000843222932916  0.00000888703776790
  0.00000937506586251  0.00000990401700095  0.00001047313781858  0.00001109972322687
  0.00001181790052878  0.00001258342077243  0.00001344607240087  0.00001436526052073
  0.00001542655740703  0.00001659181764700  0.00001793882278623  0.00001948275492303
  0.00002128647271357  0.00002334855383371  0.00002561018175167  0.00002825698301423
  0.00003120551688945  0.00003471187293139  0.00003870316141636  0.00004332244827566
  0.00004880837429497  0.00005539403873090  0.00006368499467969  0.00007339707153144
  0.00008499611831094  0.00009961028076940  0.00011916257613866  0.00014601464040244
  0.00018622875498644  0.00024296414728855  0.00032962985493005  0.00049675663375572
  0.00077175281495612  0.00146045739578795  0.02724277494013429  1.00000000000000000
 -0.00248946553448914  0.00969755306733021  0.02036392227021823  0.03073673606852242
  0.04079842539614861  0.05061896342498475  0.06038920535099384  0.07070392365683507
  0.08170461665366301  0.09282848192309823  0.10452465783239245  0.11600668325110249
  0.12763334094211537  0.13929598825296513  0.15114455079937478  0.16134679414870359
  0.16986685686406355  0.17807187935062146  0.18633300091722080  0.19478833307181700
  0.20596875106173126  0.21658882278056846  0.22802501681039181  0.23942531250222263
  0.25141699715879523  0.26337345451206545  0.27518864667847737  0.28673517796996056
  0.29831807671497468  0.30998470274318440  0.32160517556721990  0.33316916305333166
  0.34453898280177575  0.35517921693394860  0.36464532529686444  0.37389261787573486
  0.38323238884319499  0.39229369661199248  0.40120725938241580  0.41010505499279465
  0.41972224219507243  0.43124012764005198  0.44206498927617410  0.45276574485944743
  0.46342017475625602  0.47473430477521794  0.48624610952317887  0.49737261344076511
  0.50871896710096687  0.51971629619264492  0.53028609775720181  0.54107087222421113
  0.55225587996768410  0.56382150659853270  0.57536169824239836  0.58643312364516897
  0.59703987798065605  0.60763181795827848  0.61845015123056235  0.62921411319047249
  0.63926410665305133  0.64894548234042559  0.65841644006989108  0.66790119080973365
  0.67752551610219269  0.68767302928037821  0.69871315843573600  0.70986902582075218
  0.72082339254323080  0.73159656442022303  0.74227647633108884  0.75314749566179118
  0.76412195206837752  0.77513476839331941  0.78599007377020769  0.79592531978502434
  0.80500355354651010  0.81424302420667194  0.82354643435599684  0.83298619237274296
  0.84164210330160771  0.85076074546262104  0.86070308479050106  0.87133067944627296
  0.88113170330475432  0.89097260667533085  0.90170458222963701  0.91305541432934489
  0.92415113339934851  0.93513449801398996  0.94637645161939277  0.95708107202268711
  0.96735628236463178  0.97759707466226653  0.98863720194859595  1.00000000000000000
 -0.00066400585102161  0.02171430598729796  0.04368769643339696  0.06572103380469835
  0.08712097179043618  0.10808955446430507  0.12875051152583730  0.14902376534042036
  0.16867476708538828  0.18793851420382032  0.20712441755281141  0.22639395458250869
  0.24514887486816836  0.26358243476638277  0.28196767428929803  0.30022608383757421
  0.31803495954618510  0.33534105603099440  0.35237553528804288  0.36916475113532576
  0.38585439931844290  0.40243533481746763  0.41872719603143216  0.43458981873895286
  0.45005661169012900  0.46529313428059116  0.48051217620776637  0.49569525373835677
  0.51061722036010937  0.52517780578869555  0.53934749657074765  0.55308146278665438
  0.56656554764192124  0.57992366349015378  0.59321927544581599  0.60641345963132420
  0.61936636839510295  0.63178913046614515  0.64397320965740701  0.65585543633526755
  0.66759501823494094  0.67911455370268126  0.69059917586361119  0.70178696516644035
  0.71261021327381702  0.72325298847828479  0.73379508827973594  0.74409489362033265
  0.75414740444679651  0.76403385581416494  0.77369163158150489  0.78297001947079259
  0.79211598829611163  0.80111908987611702  0.81002691027046592  0.81876727355433809
  0.82735338401891934  0.83577534957668609  0.84392989991556255  0.85183830054011644
  0.85952512869423447  0.86694783796567565  0.87424022518731337  0.88109534456695948
  0.88762415011960671  0.89410853270966462  0.90045771546481490  0.90673279400219842
  0.91302171498529561  0.91909996691603013  0.92484687489145612  0.93045064176133496
  0.93581907826625554  0.94101077548333578  0.94611472125764484  0.95109312414996627
  0.95583052374371047  0.95995651728723930  0.96337583152861217  0.96666597469694160
  0.96991849706132893  0.97311522550303631  0.97625828118831470  0.97913394364168393
  0.98176702808221072  0.98423879555068694  0.98659352400472666  0.98888771731796088
  0.99093607753795188  0.99273346699464726  0.99429168235296628  0.99567402085349532
  0.99696456250055165  0.99801322099023015  0.99902161954108104  1.00000000000000000
 -0.00730860718968929  0.08519356977598973  0.11611430488206941  0.13598994415471977
  0.15179782563941194  0.16544717617887961  0.17764194601540367  0.18901803592303945
  0.19971253450670071  0.21026855701965055  0.22091559229027730  0.23133484586381065
  0.24123876348489201  0.25080988977661473  0.26007677681237035  0.26915373947318216
  0.27851471403137162  0.28774874242579901  0.29720477502559478  0.30675373946980700
  0.31618937067444436  0.32540231534343000  0.33492604904479967  0.34388720375932147
  0.35267937183754455  0.36139383077364107  0.37015725774332936  0.37892413707536682
  0.38811646939364203  0.39737561737243210  0.40685787052517747  0.41672184810977964
  0.42702709975441860  0.43740193010296657  0.44755171517741643  0.45756417146951039
  0.46715654541118523  0.47636603192945332  0.48506663279089235  0.49362258388890717
  0.50246047368290325  0.51162790958237248  0.52075929864319226  0.52964671381708994
  0.53822891950239060  0.54724446559072448  0.55617826877516507  0.56268017796256564
  0.56833405055498598  0.57375976034683718  0.57929339329378104  0.58532934849952034
  0.59183716899529637  0.59842745985278811  0.60508549882513996  0.61154470111871617
  0.61805494601900424  0.62456709364498975  0.63157564789302756  0.63865662644630816
  0.64595097086704922  0.65453380084967439  0.66276666661079453  0.67061800795800675
  0.67854337684374866  0.68644258276283987  0.69408187087527717  0.70144944970385004
  0.70876649630832589  0.71625264323170124  0.72395660433832310  0.73183141503178584
  0.73975033548792912  0.74752883380084290  0.75531469064505929  0.76294484292630571
  0.77033765291897938  0.77741670561871490  0.78438020381680196  0.79131629584739627
  0.79828473706433545  0.80529563937002357  0.81239028753945053  0.81963933683781920
  0.82694131012573269  0.83441910897254234  0.84224812440071029  0.85026351585891224
  0.85874561764949764  0.86772434699685885  0.87746678760080776  0.88846450757946061
  0.90130847922822199  0.91763511241458962  0.94310417186462558  1.00000000000000000
   5.5446019570712259       -1.0000000000000000     
 F F F T F F T F F T F F T F F F F F F F F F F F F F F F F F F F
  <DiscreteSampler_grid>
  grouped_processes
  1 # 1 for a reference and 2 for a running grid.
  10 # Attribute 'min_bin_probing_points' of the grid.
  1 # Attribute 'grid_mode' of the grid. 1=='default',2=='initialization'
  0.0000000000000000 # Attribute 'small_contrib_threshold' of the grid.
  0.5000000000000000 # Attribute 'damping_power' of the grid.
 # binID   n_entries weight   weight_sqr   abs_weight
    10   10   4.160773816048134E+010   5.646170559390426E+021   4.160773816048134E+010
  </DiscreteSampler_grid>
