  0.00000235573479121  0.00000250174696139  0.00000257938667456  0.00000263616010386
  0.00000269798410251  0.00000276409693103  0.00000283254235274  0.00000290404687146
  0.00000297751475007  0.00000305206890394  0.00000312736912360  0.00000320542052603
  0.00000329311628262  0.00000338258231684  0.00000347448934373  0.00000356843028986
  0.00000366805462071  0.00000377503158224  0.00000388903922931  0.00000400964311558
  0.00000413283013835  0.00000425846233041  0.00000439597413194  0.00000454478192783
  0.00000469922715158  0.00000485638703957  0.00000502360858410  0.00000520803775475
  0.00000540086253087  0.00000559400195404  0.00000579192247808  0.00000601616086572
  0.00000625399707055  0.00000649804822896  0.00000675121073819  0.00000702676634656
  0.00000731867794875  0.00000762116953167  0.00000794242709165  0.00000829100660595
  0.00000865970519281  0.00000903441995176  0.00000944838239265  0.00000989518517864
  0.00001035046083637  0.00001083546059770  0.00001137625272187  0.00001192841427817
  0.00001252615830230  0.00001317254027017  0.00001384637783474  0.00001455142046239
  0.00001533919083701  0.00001616422045386  0.00001705565279163  0.00001800741718653
  0.00001901207324591  0.00002011238422112  0.00002132318943296  0.00002258180559436
  0.00002404175429850  0.00002554187925924  0.00002725053530835  0.00002908195395088
  0.00003108634892348  0.00003323762778657  0.00003555201384891  0.00003807842640572
  0.00004082118665691  0.00004381056618184  0.00004712339678841  0.00005085223827059
  0.00005499759494790  0.00005966447050589  0.00006477312118881  0.00007037650056695
  0.00007659193492807  0.00008350315958683  0.00009118964818783  0.00009959029613018
  0.00010936319447322  0.00012025028417741  0.00013321347246978  0.00014736849944587
  0.00016373135083582  0.00018339157646224  0.00020680860709685  0.00023664326506565
  0.00027414398232241  0.00031472072805342  0.00036418455403941  0.00043228151215980
  0.00057583370824716  0.00074051797787707  0.01913469863630334  1.00000000000000000
 -0.00251570819793430  0.00952636581115294  0.01977350679642800  0.03041176009071915
  0.04129381004908187  0.05242589892363367  0.06345992148348888  0.07430448718963782
  0.08507880156243858  0.09589750850104271  0.10669490933219154  0.11752369682064336
  0.12824352963123181  0.13884563335814926  0.14914816092935843  0.15928755598065245
  0.16937051958279575  0.17973785123080466  0.19031245802033803  0.20093756751950043
  0.21138035699634983  0.22147978379899327  0.23170042850101924  0.24204481568153643
  0.25246330777007414  0.26266148845799991  0.27297438347879510  0.28356879186300771
  0.29443468113832166  0.30497745648018987  0.31549247174955641  0.32603256806953984
  0.33667462178752822  0.34710049180230867  0.35752678106991065  0.36783937306389741
  0.37816564416965115  0.38858390673552434  0.39912770849869350  0.40977103376859775
  0.42016220869489984  0.43046402945848422  0.44086836601222984  0.45164322613850499
  0.46243787350832188  0.47327734176867936  0.48377478282449893  0.49420161756858327
  0.50448882146308027  0.51482045495337270  0.52526423719342041  0.53568709509056933
  0.54616143435932341  0.55657377295414678  0.56700050441965688  0.57734009116677409
  0.58771215954212330  0.59791766570831351  0.60817779288361640  0.61869370039676108
  0.62929341824327290  0.64007751083190090  0.65078334470448329  0.66171139818538138
  0.67262147997138821  0.68335212525269828  0.69389318438335224  0.70426656151538181
  0.71478058442095338  0.72539703128014665  0.73615751302061339  0.74690335382817585
  0.75783452469847967  0.76861833497835552  0.77944083613574866  0.79010553209461332
  0.80079518118864079  0.81137026452017258  0.82181816639797900  0.83230576757635910
  0.84284169739439174  0.85343858652526405  0.86414709064004591  0.87477691359943144
  0.88505361369950841  0.89535506770564421  0.90555417526905102  0.91600696671356352
  0.92647944284227657  0.93691810271678566  0.94730886085440791  0.95776182696330170
  0.96835602137558130  0.97888679935261613  0.98937490367478897  1.00000000000000000
 -0.00249157994768651  0.01490649088318433  0.02952205190971421  0.04366581339502625
  0.05758154609466726  0.07123788895511074  0.08475721746156345  0.09810900962489053
  0.11136833400743414  0.12454405240223394  0.13777201586540067  0.15084374010181650
  0.16392735796812960  0.17710673386510381  0.19019691011671550  0.20289031531600485
  0.21539130403587797  0.22780196029942501  0.24015472984154981  0.25254200289066836
  0.26476602931282461  0.27681917857325694  0.28874967967243403  0.30066585595768963
  0.31245375373216083  0.32406066077219470  0.33565535219385700  0.34726654994262840
  0.35885360693108614  0.37038778717459275  0.38178055473527150  0.39301354013123163
  0.40418417283435654  0.41524125776808340  0.42608764376657732  0.43680635055337863
  0.44741214708909172  0.45807884024847084  0.46866631189699548  0.47926726581333007
  0.48971096020221588  0.50014626578199717  0.51054853034804148  0.52099351960638818
  0.53139557140669247  0.54179938859313215  0.55227496565338252  0.56271430508800901
  0.57306224529384464  0.58326620421121000  0.59332568893767734  0.60330476487988627
  0.61321316229581413  0.62299757377914333  0.63257375283447126  0.64209471389526740
  0.65159000436287695  0.66102875949039386  0.67019884613689251  0.67911398942877166
  0.68798304973404323  0.69690889881991291  0.70592442052947157  0.71495925958749618
  0.72399241807910286  0.73299118760098003  0.74184771426007723  0.75057847130223787
  0.75925030102363289  0.76789159891695080  0.77652527488879941  0.78521291553897554
  0.79386241297880433  0.80257100067664311  0.81131868112222039  0.81995054293914682
  0.82859699443794554  0.83697658420861953  0.84531917361668996  0.85366675209833576
  0.86215876268119029  0.87067369261410910  0.87913709230123371  0.88758157414586125
  0.89602353471753660  0.90453627564444894  0.91319363600500125  0.92191687507728848
  0.93073656321976783  0.93964622991994018  0.94855242766073766  0.95735856091487503
  0.96677798853869390  0.97656892646165128  0.98785050710080347  1.00000000000000000
 -0.00634304269788312  0.09318782305568266  0.14871960546648078  0.17975703896997772
  0.20419024756123105  0.22465866590881034  0.24264160349942293  0.25904469210200304
  0.27425061187287780  0.28857676486506850  0.30215643712152651  0.31503494879036603
  0.32738637617820543  0.33931125340394946  0.35094896320101304  0.36234928343645739
  0.37359076649629130  0.38455833330030231  0.39528208075989596  0.40574898705583162
  0.41613183853936636  0.42636103551110904  0.43646878985237214  0.44637633900596224
  0.45610999775073685  0.46570302139941494  0.47522137043236029  0.48456986196494761
  0.49376732117118244  0.50293704689476437  0.51199879537507897  0.52094426142753791
  0.52970677010134215  0.53841418473189206  0.54704194714878485  0.55570068270758022
  0.56421566341237128  0.57258974484307457  0.58075191452390418  0.58865460763362876
  0.59642536167360927  0.60415898662214673  0.61178146249513166  0.61931834685174303
  0.62677463647447285  0.63403434680209281  0.64126642605431061  0.64842914265792728
  0.65552637877475650  0.66255315733741993  0.66937660364652884  0.67607359814208068
  0.68272128095429796  0.68928241151014058  0.69574497693218806  0.70212458712883363
  0.70843555949800352  0.71466933183234571  0.72082708241187887  0.72694462249714564
  0.73294229643347630  0.73876141621798852  0.74452554813198779  0.75029470207744964
  0.75601812970347093  0.76168861127988208  0.76730518092690991  0.77285001925025343
  0.77837249721066393  0.78387514900481481  0.78932206499615198  0.79471495132024284
  0.80003463647462081  0.80528741656315306  0.81060026553872455  0.81587266774961376
  0.82115808750699026  0.82643189817737428  0.83169041485025874  0.83696061173965142
  0.84227796406367939  0.84764839747433463  0.85304019882604465  0.85862059573346072
  0.86429835791193388  0.87011064999642573  0.87616149483912298  0.88253962647035411
  0.88910175142259074  0.89612467426105169  0.90387123962770333  0.91246287583941277
  0.92259644937195462  0.93543976366202897  0.95544738206875501  1.00000000000000000
  0.43472976952253956       -1.0000000000000000     
 F T T F F F F F F F F F F T T F F F F F F F F F F F F F F F F F
  <DiscreteSampler_grid>
  grouped_processes
  1 # 1 for a reference and 2 for a running grid.
  10 # Attribute 'min_bin_probing_points' of the grid.
  1 # Attribute 'grid_mode' of the grid. 1=='default',2=='initialization'
  0.0000000000000000 # Attribute 'small_contrib_threshold' of the grid.
  0.5000000000000000 # Attribute 'damping_power' of the grid.
 # binID   n_entries weight   weight_sqr   abs_weight
    10   10   1.554272575530723E+009   4.870932501222690E+018   1.554272575530723E+009
    16   10   1.571144236940302E+009   4.888486754344894E+018   1.571144236940302E+009
  </DiscreteSampler_grid>
