  0.00000237770013545  0.00000238794305872  0.00000239990110978  0.00000241370547320
  0.00000242800862007  0.00000244542127325  0.00000246286394568  0.00000248106129328
  0.00000250082035530  0.00000252381517501  0.00000254818249130  0.00000257291502111
  0.00000259855078718  0.00000262504702542  0.00000265227075490  0.00000268098922587
  0.00000271107806584  0.00000274407461358  0.00000277994411845  0.00000281830040293
  0.00000285766494031  0.00000289652025539  0.00000293648615987  0.00000297739924841
  0.00000302019231315  0.00000306547013433  0.00000311139314941  0.00000315988056624
  0.00000321349946561  0.00000327242759848  0.00000333493752365  0.00000340019685257
  0.00000346645828380  0.00000353496176275  0.00000360602940391  0.00000368069555176
  0.00000376009911984  0.00000384537733445  0.00000393836420130  0.00000403402623228
  0.00000413465608805  0.00000423982523469  0.00000435358770274  0.00000447819087985
  0.00000460973253327  0.00000474136094549  0.00000488014999297  0.00000502980836502
  0.00000519058522301  0.00000536038559323  0.00000553581981866  0.00000571934062833
  0.00000591433830641  0.00000612634057671  0.00000635929878419  0.00000659821493705
  0.00000686336569133  0.00000714491814487  0.00000744128082751  0.00000775472548942
  0.00000810110967011  0.00000849141020790  0.00000890603199115  0.00000936707186089
  0.00000986591102793  0.00001039781695772  0.00001096776025815  0.00001157847209274
  0.00001223401055864  0.00001298090599943  0.00001381944373027  0.00001476880021194
  0.00001583889473347  0.00001703417431858  0.00001839823061104  0.00001992133363292
  0.00002166491416766  0.00002366111787819  0.00002596152195690  0.00002870198512715
  0.00003190080338113  0.00003564436511452  0.00004001933299903  0.00004557394245978
  0.00005256157635414  0.00006125184517533  0.00007226769704682  0.00008826186375144
  0.00011244245140159  0.00014542345626436  0.00019886631434906  0.00029131428538785
  0.00048895907023254  0.00101619770548961  0.01838176440085905  1.00000000000000000
 -0.00268290252393471  0.01029054711429054  0.02104458732576815  0.03141307777756025
  0.04162486115986735  0.05166665405312341  0.06147914223258659  0.07152194712303780
  0.08180393223230749  0.09286591289057577  0.10377950470573755  0.11409712170400903
  0.12447378341655775  0.13527150355532783  0.14665870361724098  0.15780589636031037
  0.16896073252547578  0.17983122343004104  0.19060678501825523  0.20091729167728883
  0.21123613303534186  0.22168214161243899  0.23251948444541731  0.24356822682837256
  0.25494789395421419  0.26652644941463527  0.27771983748701962  0.28869295511653115
  0.29942329820887092  0.31015797968165731  0.32061563879353600  0.33121997485321031
  0.34194533299485852  0.35250815021043086  0.36206511661326035  0.37114508426829318
  0.38015825176327783  0.38990937266718029  0.40017579777385126  0.41053377068625030
  0.42087599472691878  0.43152103940051773  0.44222603610442562  0.45282712562901467
  0.46311569806722419  0.47314469656843300  0.48382747469936305  0.49475428649564407
  0.50546255064930323  0.51587814025529344  0.52632694265939417  0.53655698926655759
  0.54674279936094106  0.55680721014215218  0.56727043779614328  0.57833305501735333
  0.58942634375662895  0.60031496652150362  0.61099136928124687  0.62137468500781801
  0.63170154126317890  0.64181826910990603  0.65211410871363662  0.66256951967624023
  0.67328828271415297  0.68375362342643831  0.69413343359995783  0.70478020278127229
  0.71550056476821844  0.72623533151302977  0.73675248947552230  0.74722330268425730
  0.75775869740006319  0.76820959123628374  0.77887802399593864  0.78980522050219149
  0.80084651714433319  0.81166484467613476  0.82212296637504245  0.83230697965639189
  0.84202510365808692  0.85206010151192024  0.86304886449485396  0.87381951307258143
  0.88470254375208912  0.89523969724539831  0.90579955588810879  0.91603164373275858
  0.92586896852749767  0.93610402725063357  0.94653600643339819  0.95730575905304549
  0.96792658739871018  0.97849034476569474  0.98921884306895580  1.00000000000000000
 -0.00400131949101566  0.02393812689633774  0.04806652010302628  0.07211704505687498
  0.09591045980795368  0.11903819742341466  0.14156797881531111  0.16374714870047735
  0.18537006797424194  0.20641677133661981  0.22729407955819281  0.24772965131640731
  0.26768224136132612  0.28730969606978229  0.30669586817716127  0.32582863519547889
  0.34456239471172345  0.36284563326467739  0.38046746186021690  0.39765977263864144
  0.41479105148713619  0.43182427847774013  0.44869816027865694  0.46502727279693507
  0.48089276874196052  0.49643037307572474  0.51155022847518283  0.52622180812763142
  0.54064901459404624  0.55489453250577070  0.56896751504283705  0.58277619335714870
  0.59639670573297743  0.60974611923502597  0.62274232829643106  0.63559673817932161
  0.64818273295549811  0.66042820651189771  0.67247434291335750  0.68442628899717739
  0.69609270360972364  0.70738863105487970  0.71843412967714948  0.72922466240404193
  0.73980962074478784  0.75014487021733922  0.76027232493636321  0.77012933980038167
  0.77969728808415051  0.78905630993449682  0.79813947244561401  0.80702859998756893
  0.81570391705320977  0.82410900193054226  0.83230845855803570  0.84024824051198388
  0.84797503432963295  0.85555980964923251  0.86306123831451687  0.87039001796417215
  0.87751366945162468  0.88443366931233180  0.89115337663812866  0.89755971812039570
  0.90352127158513507  0.90923857331582669  0.91477489058813122  0.92013617050424834
  0.92533668538017877  0.93034840902456972  0.93514882002127575  0.93973802419138530
  0.94413475400330549  0.94837333829350268  0.95247485285488076  0.95640752051430222
  0.96018904839929431  0.96369182995129132  0.96709697499257397  0.97036483020508435
  0.97346491535388735  0.97639558193503262  0.97918208187221645  0.98175333025125788
  0.98410168833287659  0.98631045330628009  0.98836694019524185  0.99027352675556579
  0.99195213586182107  0.99351571379959591  0.99493094978799201  0.99618903510375867
  0.99730278014900753  0.99823617578644386  0.99913252571950240  1.00000000000000000
 -0.01782153747352866  0.09330900705221898  0.12253543590715557  0.14131691390527307
  0.15664738961014291  0.17002834327301081  0.18195312151032564  0.19305643730794267
  0.20371589842417775  0.21406756054751877  0.22404690073666517  0.23382585284703580
  0.24343143870172926  0.25300160266775495  0.26258849619330143  0.27216793891711744
  0.28174475735799220  0.29132957648750729  0.30083092370228759  0.31021089527113044
  0.31934286614859647  0.32836248953831637  0.33746163674350621  0.34643152543049882
  0.35551275531377891  0.36466310138180780  0.37384788782935763  0.38331170058054459
  0.39282996419004002  0.40242436020959960  0.41193133661904918  0.42137875200452907
  0.43080860680896105  0.44019070752311895  0.44983092483542897  0.45943290927630248
  0.46890349198995973  0.47825994724761467  0.48774261284523379  0.49715670318420818
  0.50599146748080992  0.51451476567889909  0.52306511493606267  0.53217518895077653
  0.54148888133842488  0.55083388627130692  0.55988583006188242  0.56836802268367170
  0.57654640637086452  0.58468841216359368  0.59327786928552717  0.60214173182700770
  0.61079481408685310  0.61924047257360504  0.62740007976466627  0.63522894063519253
  0.64296806838815435  0.65037294101720677  0.65755487766509357  0.66463766607352082
  0.67169887733476230  0.67861083442645542  0.68529343632269357  0.69174045587493749
  0.69823995842082043  0.70497938317544195  0.71179908613822107  0.71851503933156902
  0.72508079989308405  0.73172202825893540  0.73854287919010964  0.74542838865707306
  0.75231155778642389  0.75891544216898932  0.76540769997167579  0.77173295825358257
  0.77801738700358414  0.78435203735220893  0.79062705336271522  0.79694582202605835
  0.80319648967752766  0.80957754064523957  0.81611073187654914  0.82266933461826286
  0.82932607931287927  0.83617123612144584  0.84326622497994397  0.85059220797565438
  0.85829950094421992  0.86651963589542680  0.87545334825952470  0.88547301094225206
  0.89724656008837100  0.91252494699572662  0.93780481841754992  1.00000000000000000
   2.7149261746571138       -1.0000000000000000     
 F F F T F F T F F T F F T F F F F F F F F F F F F F F F F F F F
  <DiscreteSampler_grid>
  grouped_processes
  1 # 1 for a reference and 2 for a running grid.
  10 # Attribute 'min_bin_probing_points' of the grid.
  1 # Attribute 'grid_mode' of the grid. 1=='default',2=='initialization'
  0.0000000000000000 # Attribute 'small_contrib_threshold' of the grid.
  0.5000000000000000 # Attribute 'damping_power' of the grid.
 # binID   n_entries weight   weight_sqr   abs_weight
    10   10   4.530307580746670E+011   9.066665737163582E+023   4.530307580746670E+011
  </DiscreteSampler_grid>
