  0.00000238098665919  0.00000240505099695  0.00000242404357935  0.00000244154136129
  0.00000245803820586  0.00000247532334269  0.00000249555697064  0.00000252202957854
  0.00000254927709464  0.00000257719198949  0.00000260612960613  0.00000263661409536
  0.00000266800947692  0.00000270002483116  0.00000273450031356  0.00000277131385334
  0.00000280999477281  0.00000285124226055  0.00000289351540072  0.00000293685335271
  0.00000298135147541  0.00000302706123401  0.00000307410727137  0.00000312183212031
  0.00000317265367495  0.00000322679693868  0.00000328508589834  0.00000334850934378
  0.00000341345145241  0.00000348043658732  0.00000354936537195  0.00000361874405517
  0.00000368984661889  0.00000377305514721  0.00000386096623560  0.00000395237837095
  0.00000404630856613  0.00000414156384099  0.00000423773106577  0.00000434321547500
  0.00000445579009347  0.00000457365902666  0.00000469818903783  0.00000482826877417
  0.00000496110457654  0.00000510884108578  0.00000526920304609  0.00000543282998108
  0.00000560157560917  0.00000577990020341  0.00000597136619186  0.00000617604341370
  0.00000638950069795  0.00000661275235142  0.00000684992455063  0.00000712122970126
  0.00000740201239504  0.00000769124416402  0.00000800677078180  0.00000835499240872
  0.00000872490158729  0.00000911962108060  0.00000955599440394  0.00001004100169336
  0.00001053767645480  0.00001110950752496  0.00001172866449702  0.00001236604833160
  0.00001310034494677  0.00001386506589129  0.00001472607767665  0.00001569110988301
  0.00001672655430153  0.00001793942084535  0.00001918913663113  0.00002073612041743
  0.00002244470892021  0.00002443086017269  0.00002666782832740  0.00002929164683043
  0.00003241954179323  0.00003607841278894  0.00004053625682304  0.00004605867420987
  0.00005291949578818  0.00006131515191372  0.00007177746008848  0.00008554569528888
  0.00010408418421990  0.00013106765693309  0.00017450710982111  0.00024104934653694
  0.00035465377175444  0.00064935215965537  0.16389645243469633  1.00000000000000000
 -0.00239197113683231  0.00965559779787988  0.01985014903304301  0.03032861224474636
  0.04084974561203198  0.05180593854986815  0.06287028155757737  0.07365536373142954
  0.08438716430105052  0.09504569149129917  0.10573453083959786  0.11622004699392814
  0.12681616807512877  0.13759153748138553  0.14849102742642514  0.15940842028268493
  0.17022950799343275  0.18079791708180440  0.19121005118871617  0.20144327255678468
  0.21169200283393191  0.22201240820047172  0.23254446799495027  0.24326676874692291
  0.25360696881677980  0.26373506915105027  0.27412745532227589  0.28500123674229166
  0.29579518172699737  0.30638728264440840  0.31684963712566000  0.32736233036130002
  0.33760272435140226  0.34766207183523035  0.35768345625646852  0.36783024168419992
  0.37822610846682447  0.38883012970143144  0.39936982100583024  0.40981270635192768
  0.42027929713051837  0.43086195538027738  0.44158543393385763  0.45249737828204983
  0.46343305154254527  0.47420926868286328  0.48486744140002802  0.49565726291357831
  0.50669412950578008  0.51777399142020608  0.52860170823673802  0.53930038996333618
  0.54996201265392564  0.56059175951581230  0.57107693609960219  0.58138073563248538
  0.59169727607777822  0.60175698843727510  0.61141873302024896  0.62094868849773099
  0.63063768053709224  0.64068623776490430  0.65099493525771746  0.66137472078592552
  0.67210314824070128  0.68319842360161409  0.69424165232065471  0.70504804074001426
  0.71568684890881173  0.72601583209036413  0.73631914187748682  0.74660793622425892
  0.75703147616363464  0.76740537670246123  0.77784149356383836  0.78830202571900254
  0.79854990443635399  0.80848269789932359  0.81867326013624275  0.82902493607312755
  0.83948199645178356  0.84991965356643084  0.86045698901714196  0.87098331547344088
  0.88139930543092271  0.89186911331370144  0.90243041791255640  0.91287971662502532
  0.92369654872150719  0.93465119165047583  0.94580239989918302  0.95667889200666978
  0.96754959444784638  0.97836532648482066  0.98921570545563342  1.00000000000000000
  0.00085978150317833  0.01764067664588177  0.03242186812226594  0.04761613295656063
  0.06244935641937931  0.07749875247359828  0.09259574813064837  0.10741412935558245
  0.12193921832326678  0.13642250699877284  0.15101248243662241  0.16542295192080228
  0.18007922111474456  0.19436553604083762  0.20837527241390910  0.22229242960276147
  0.23595024563790273  0.24928245510020669  0.26255956731233088  0.27577532110526670
  0.28897195117123381  0.30225073564383526  0.31572630764110921  0.32927546179126288
  0.34262674381392033  0.35574795936436493  0.36861175607700242  0.38122291216636550
  0.39367757916112367  0.40607524908425102  0.41836723710188661  0.43048584522268540
  0.44257450803619502  0.45470323311111877  0.46662678652420586  0.47841264383990573
  0.49019154790941705  0.50187937147224182  0.51354415327164882  0.52511223614544400
  0.53659428205914472  0.54784704273457929  0.55889779141980689  0.56979765916180869
  0.58061085563844450  0.59130370736602322  0.60198720558888408  0.61266023183414764
  0.62321925936220313  0.63358186212156242  0.64387193558241052  0.65417244915951878
  0.66441327054744803  0.67450491283061986  0.68453772737327034  0.69438839170445643
  0.70404178428815767  0.71360549130971673  0.72310239390351982  0.73262497553893624
  0.74216323303283604  0.75166424422133238  0.76107163416628376  0.77030249793608596
  0.77945161294438237  0.78850995591910433  0.79738326476522092  0.80605295391613441
  0.81454601796386505  0.82283009001438356  0.83105208856328960  0.83908838257379748
  0.84705023043036876  0.85504976584158254  0.86268117964206859  0.87027767959508828
  0.87772528394061344  0.88507361396599649  0.89236426469387675  0.89953148868913235
  0.90654493402657144  0.91342631881222602  0.92024529161235813  0.92700212966277828
  0.93364090289885759  0.94023948222298459  0.94657663939497705  0.95282443355866320
  0.95900197521754271  0.96517345988978642  0.97109664226888104  0.97694197686351869
  0.98268662437584353  0.98837271046566422  0.99413384385318226  1.00000000000000000
 -0.01395479115015479  0.10312523062439471  0.14143446795699186  0.16571984732394301
  0.18437282917193837  0.20007122846370706  0.21380062234085112  0.22622413522955526
  0.23778690511896988  0.24862347588369374  0.25873814880107771  0.26821791125380978
  0.27719298084270300  0.28585762047848906  0.29424017787215112  0.30233685965604273
  0.31027666964617917  0.31777080066493063  0.32491223098291022  0.33189656006785218
  0.33865550452266774  0.34529104889356182  0.35186319431009833  0.35828735324249300
  0.36460288291781506  0.37079673272450769  0.37686363909517051  0.38291857075071245
  0.38901471303992868  0.39512501715090220  0.40115882181408946  0.40702225990705726
  0.41285534308739413  0.41854477678150942  0.42413341464524007  0.42967516854482862
  0.43513042614818187  0.44054505948049377  0.44583104605766088  0.45115553754858362
  0.45649476166371239  0.46200751502133586  0.46756798346872719  0.47305393471187673
  0.47848404155870183  0.48390739761166762  0.48939931629313338  0.49502512835186641
  0.50066695149338625  0.50634104119443513  0.51190081871211868  0.51748792432814072
  0.52307220306819624  0.52860353212941424  0.53412398349454349  0.53962756465822348
  0.54530542270142179  0.55110862922635517  0.55691806594715731  0.56274503275481869
  0.56859056141184561  0.57448878364266764  0.58038052619121638  0.58623179742976261
  0.59205539240223681  0.59791711714397122  0.60374095608845790  0.60962657159968414
  0.61557184588896641  0.62166131254457913  0.62794318808653959  0.63434950001237389
  0.64076617193370655  0.64727023154103891  0.65402192345594512  0.66092413344275291
  0.66795274790823511  0.67534642143971935  0.68278277975641655  0.69037140963120214
  0.69811807934552073  0.70593378912131677  0.71409115845147730  0.72263262317969168
  0.73166031873437298  0.74137067146230784  0.75160817130652435  0.76245305609480363
  0.77384311188761934  0.78616892259636917  0.80012768860958272  0.81605619356299497
  0.83438467322693566  0.85791663625973646  0.89590493468021259  1.00000000000000000
   2282.7220091798595       -1.0000000000000000     
 T F F F F T T F F T T F F F F T F F F F F F F F F F F F F F F F
  <DiscreteSampler_grid>
  grouped_processes
  1 # 1 for a reference and 2 for a running grid.
  10 # Attribute 'min_bin_probing_points' of the grid.
  1 # Attribute 'grid_mode' of the grid. 1=='default',2=='initialization'
  0.0000000000000000 # Attribute 'small_contrib_threshold' of the grid.
  0.5000000000000000 # Attribute 'damping_power' of the grid.
 # binID   n_entries weight   weight_sqr   abs_weight
    10   10   1.057756916991212E+011   3.342068335030337E+022   1.057756916991212E+011
    16   10   1.058342412861313E+011   3.343907297975764E+022   1.058342412861313E+011
  </DiscreteSampler_grid>
