  0.00000240386953691  0.00000243458878620  0.00000247990440264  0.00000253284917480
  0.00000258881297643  0.00000264464689263  0.00000269978392636  0.00000275774568735
  0.00000281779603252  0.00000287919249702  0.00000294196105244  0.00000300575118445
  0.00000307105119560  0.00000313804228045  0.00000320683121881  0.00000328302024159
  0.00000336202538309  0.00000344177982063  0.00000352314647489  0.00000360625311531
  0.00000369032103356  0.00000378620326004  0.00000388619584348  0.00000398843976140
  0.00000409328561882  0.00000419930260660  0.00000431244001267  0.00000443569179710
  0.00000456557623079  0.00000469849266627  0.00000483504719118  0.00000497461531784
  0.00000512667499917  0.00000529373093953  0.00000546343059873  0.00000563709645435
  0.00000582220735770  0.00000601931296594  0.00000622656217498  0.00000644074086102
  0.00000665984283730  0.00000689324437568  0.00000714971863492  0.00000741180583319
  0.00000767889300786  0.00000796275012985  0.00000828180035136  0.00000861165491011
  0.00000894801649917  0.00000932368306657  0.00000972848431471  0.00001014989975572
  0.00001058846380696  0.00001107400396832  0.00001158888937564  0.00001211503407432
  0.00001270521752338  0.00001333991615731  0.00001399292690480  0.00001471517308176
  0.00001550953217792  0.00001633406073791  0.00001722674430935  0.00001820877245649
  0.00001922435759637  0.00002036198988527  0.00002159505683895  0.00002290262040388
  0.00002442303003739  0.00002601873206823  0.00002781318574882  0.00002973968891177
  0.00003186105489522  0.00003417378469327  0.00003674504902779  0.00003956958915672
  0.00004282582137818  0.00004637670685902  0.00005063920459108  0.00005551476523509
  0.00006132373675384  0.00006787326057904  0.00007549548515735  0.00008448854570711
  0.00009462057054926  0.00010707624459726  0.00012230016234716  0.00014158803837030
  0.00016705846225884  0.00020165573015912  0.00025231232353238  0.00031631700018410
  0.00041334597981150  0.00062956109376735  0.00278711890924769  1.00000000000000000
 -0.00241598339728571  0.00963620857400349  0.01947468974242315  0.03006569197938245
  0.04050314746577481  0.05129516907941796  0.06189711479913339  0.07249348802705960
  0.08295136680695873  0.09358212726438631  0.10422509777012416  0.11472115635733938
  0.12532384437760025  0.13601680647621606  0.14671644557336322  0.15739086623622484
  0.16809954338688227  0.17899095822295871  0.18972451377551891  0.20034903592459186
  0.21089801012774428  0.22150585287600205  0.23220750253552050  0.24286914144636573
  0.25355912183329271  0.26416225040276670  0.27489382245718808  0.28557775742765640
  0.29631783620220992  0.30713656575258746  0.31788596579731937  0.32862472615726257
  0.33927773095760422  0.34998590690324738  0.36064874524177071  0.37124989794082675
  0.38184635196903161  0.39234916400530145  0.40293137908660681  0.41355358184081681
  0.42406836283512295  0.43465257654927170  0.44529832390783491  0.45600256374037884
  0.46648874343011509  0.47688849453179771  0.48737881143028855  0.49788417418842701
  0.50844246413294736  0.51902969792017872  0.52967995929994693  0.54024389147747087
  0.55068038771026451  0.56110029939513539  0.57155358895754671  0.58193566490301341
  0.59216435256165445  0.60234259517387467  0.61248956920973918  0.62265156068728555
  0.63276213792825486  0.64291655320269625  0.65327982833311715  0.66373541353101317
  0.67458662936430946  0.68531705525457465  0.69597760685864474  0.70651961445239675
  0.71703533612631087  0.72759771357594449  0.73812967005663777  0.74875850613042505
  0.75936642019038214  0.77017282889901362  0.78091031855322424  0.79159170528883183
  0.80182858200263873  0.81201654603960149  0.82230209538922350  0.83253100622197018
  0.84297121672311570  0.85353118154492402  0.86437829675951261  0.87514518298471844
  0.88574228870162208  0.89634120863507560  0.90676588155969295  0.91723365945420066
  0.92754079335737949  0.93787567451193921  0.94799178168758247  0.95815454999297245
  0.96850915675670501  0.97904410736800329  0.98952131827571932  1.00000000000000000
  0.00281049362603611  0.01405487146911509  0.02715040400296120  0.04037640176448768
  0.05304966442092437  0.06527295146216322  0.07741459610797850  0.08955487881098399
  0.10160742246197303  0.11348310422480762  0.12522761607189514  0.13688899850548919
  0.14836779511930051  0.15972373667260098  0.17120161512664792  0.18271818786723076
  0.19419474547088308  0.20548422354783288  0.21679339771398251  0.22806759612256813
  0.23948537394261168  0.25067899242240926  0.26170752174438616  0.27259798562138748
  0.28347081293466814  0.29427221841481666  0.30485317869898454  0.31533995152202560
  0.32567516117099921  0.33607276136985220  0.34646250124188605  0.35678615370614097
  0.36696432093134046  0.37706383693118872  0.38707933198858741  0.39703002382071706
  0.40695768782218922  0.41697560346921736  0.42706070127063861  0.43719282392844538
  0.44742818411387986  0.45774105932873926  0.46798837670073706  0.47811065840161154
  0.48804805361562975  0.49795936046586098  0.50785971503076810  0.51773746027064116
  0.52748052534222767  0.53720452535201935  0.54689317642613022  0.55658171293869629
  0.56606377894149951  0.57541712220626107  0.58485006391551086  0.59449537656350138
  0.60413102628380388  0.61368034939988403  0.62316307343106414  0.63265218298077641
  0.64213823715489138  0.65144799670767062  0.66053757676815394  0.66952623694712898
  0.67855942888991372  0.68769846862469808  0.69690301773219510  0.70601422059395436
  0.71517049642809016  0.72444700052912470  0.73384027893235837  0.74319709422122748
  0.75242970456577751  0.76154204573303930  0.77075956428682202  0.78004037366079071
  0.78941267897399447  0.79862052010970974  0.80789185911796213  0.81714880634732545
  0.82644167756414544  0.83573944783357312  0.84510760183902900  0.85462145827376523
  0.86430292769371120  0.87414938533940179  0.88412042362167187  0.89422722593302306
  0.90449128598882556  0.91499262497948541  0.92583078674867314  0.93720924344363654
  0.94933090371620599  0.96284094599902970  0.97940254556744621  1.00000000000000000
 -0.01281175500210222  0.09883529158264910  0.13673421409578310  0.16011541106639265
  0.17869243829176920  0.19453356033496680  0.20858556482746390  0.22123712604463197
  0.23283990293494142  0.24359346181339103  0.25364010071348825  0.26303965398615864
  0.27201377950003480  0.28064926892156283  0.28904283505551409  0.29710030193437115
  0.30485664323661688  0.31248003138469810  0.31991924558459417  0.32716491606348852
  0.33424826120835172  0.34104336760299453  0.34773588864202676  0.35431744187237435
  0.36083989439971698  0.36730046107277542  0.37367293258366452  0.37995784021956258
  0.38618460472005217  0.39237336274627649  0.39850333391017712  0.40454129361544694
  0.41049301970763202  0.41643209288459287  0.42234118316910108  0.42822777828500097
  0.43406966251681078  0.43984019642727873  0.44552385987498361  0.45125985240826433
  0.45698575821739695  0.46272371093266679  0.46848297256211813  0.47424725703054943
  0.48000948412287847  0.48572734224315883  0.49137175254109300  0.49699951814417720
  0.50257643335551327  0.50816853795836170  0.51376824097431351  0.51941279666312068
  0.52508603189985481  0.53078067184411259  0.53648587264858283  0.54220308093633085
  0.54793591727014368  0.55367479272908415  0.55940563207304617  0.56512524523182484
  0.57089627751228678  0.57673770008382008  0.58265343506328848  0.58862494387887043
  0.59453597094464827  0.60043671952154221  0.60644102588901205  0.61258190811569735
  0.61883134970409948  0.62515980542064786  0.63157549486525544  0.63803890870522972
  0.64452660310771070  0.65108364777976835  0.65773997323364719  0.66456385551992747
  0.67160307582392775  0.67878916017187030  0.68602956848059660  0.69353372198597174
  0.70132502955537079  0.70940978368201335  0.71790518000838133  0.72674970913420300
  0.73600988774554166  0.74568487325745136  0.75575518985697787  0.76636402461654329
  0.77783604444141041  0.79041340440846375  0.80455128035256407  0.82086942325789702
  0.83997171118549696  0.86356857944746068  0.90147618668914353  1.00000000000000000
   13.285962967332019       -1.0000000000000000     
 F F F F T F F T T F F T F F F F F F F F F F F F F F F F F F F F
  <DiscreteSampler_grid>
  grouped_processes
  1 # 1 for a reference and 2 for a running grid.
  10 # Attribute 'min_bin_probing_points' of the grid.
  1 # Attribute 'grid_mode' of the grid. 1=='default',2=='initialization'
  0.0000000000000000 # Attribute 'small_contrib_threshold' of the grid.
  0.5000000000000000 # Attribute 'damping_power' of the grid.
 # binID   n_entries weight   weight_sqr   abs_weight
    10   10   6.519578171059948E+008   1.306477650671479E+018   6.519578171059948E+008
    16   10   6.587531641288639E+008   1.309383189093131E+018   6.587531641288639E+008
  </DiscreteSampler_grid>
