  0.00000237816420808  0.00000239167313111  0.00000240681181235  0.00000242383432679
  0.00000244346461294  0.00000246642800653  0.00000248874194730  0.00000251322165493
  0.00000254249192667  0.00000257236243675  0.00000260426811204  0.00000263757004923
  0.00000267167981417  0.00000270677621528  0.00000274513849617  0.00000278604164612
  0.00000282927713037  0.00000287457432665  0.00000292144745225  0.00000296963547493
  0.00000301928242435  0.00000307058822331  0.00000312387716773  0.00000317976720425
  0.00000324140982294  0.00000331392451473  0.00000338903812735  0.00000346584024038
  0.00000354473507416  0.00000362492533002  0.00000371414827299  0.00000381010428272
  0.00000391098787131  0.00000401526347834  0.00000412210438605  0.00000423281484553
  0.00000436004886995  0.00000449699124842  0.00000463866761144  0.00000478322293944
  0.00000493167668346  0.00000508762641711  0.00000525544739927  0.00000542828946564
  0.00000560595535942  0.00000578780933472  0.00000599319959649  0.00000621294700553
  0.00000644226276418  0.00000668481220686  0.00000694574361668  0.00000722350928619
  0.00000751245217528  0.00000781709890270  0.00000815107619698  0.00000853628439894
  0.00000892690406095  0.00000937487939733  0.00000987302457006  0.00001039351379731
  0.00001096142720187  0.00001158509731972  0.00001223618893901  0.00001296575526273
  0.00001376000252127  0.00001458890233547  0.00001551429814075  0.00001651374785463
  0.00001763362751656  0.00001885707336503  0.00002017936457157  0.00002164424396487
  0.00002328153029343  0.00002523353267668  0.00002735353291106  0.00002987014937102
  0.00003275883912944  0.00003614301848629  0.00003991867037268  0.00004428918915980
  0.00004926227842808  0.00005526782841431  0.00006258916414901  0.00007180537738028
  0.00008304001235728  0.00009732172356718  0.00011736274376088  0.00014320571413763
  0.00017363379144031  0.00021908052906958  0.00027897694821387  0.00037424304385289
  0.00053311388910577  0.00126373712756957  0.00288270830984690  1.00000000000000000
 -0.00226812228744670  0.00951227407428825  0.01972475699656234  0.02916059648772589
  0.03869022109404959  0.04825880381460653  0.05759470013954046  0.06682637281552596
  0.07626436020153383  0.08589429443908143  0.09608947632035988  0.10650879228612727
  0.11691659005068578  0.12708867327957118  0.13706709178400292  0.14734481106845032
  0.15823300003593874  0.16936918732513434  0.18060126710446006  0.19181958627080292
  0.20268548574507730  0.21350431849085452  0.22438699107084839  0.23498728033309385
  0.24526443549325544  0.25548342895152026  0.26565203756051503  0.27594314065729453
  0.28625422655603250  0.29650773547134507  0.30677255125201219  0.31734889081000978
  0.32832995391428677  0.33896543563113729  0.34932708465196877  0.35981903357290879
  0.37015292431233859  0.38007101438907420  0.38967671602438458  0.39967689448131849
  0.40983261941763743  0.42022620054407317  0.43078825860167391  0.44160521566135519
  0.45258833818697114  0.46356601756733201  0.47440616374935485  0.48507813899677077
  0.49542262533588827  0.50573269724243997  0.51647191270912562  0.52751556701735036
  0.53901928768131591  0.55045965542111963  0.56153010591959907  0.57215038539906016
  0.58233092224457428  0.59264165065994168  0.60286444666414485  0.61298505928661984
  0.62300128754551021  0.63303036047788408  0.64288536570020793  0.65263047122197348
  0.66247333991152568  0.67260684557915207  0.68322289469685482  0.69423191591419686
  0.70558197576432902  0.71689707370584599  0.72809179689847769  0.73956128194607607
  0.75087650018720697  0.76170611581879566  0.77215931586270203  0.78248962983874093
  0.79277017386907211  0.80302241909677663  0.81328645221730556  0.82393346295231851
  0.83495609683108674  0.84651698758459870  0.85824042844684978  0.86952400201263280
  0.88034063270534701  0.89093924509156897  0.90179548128674647  0.91261521070575258
  0.92352209095602111  0.93468448875421972  0.94570689695885868  0.95678507412875347
  0.96772672401428073  0.97859410937117830  0.98942084223647253  1.00000000000000000
 -0.00006979310583359  0.02023862129124990  0.04007679772164718  0.06003555894463170
  0.07974707938257945  0.09898598781425588  0.11755409659075311  0.13633615117096290
  0.15521894932540592  0.17354324713437891  0.19153142506517029  0.20918108832124038
  0.22687603047449620  0.24434718533211686  0.26174037828027630  0.27885172967597832
  0.29570678656321348  0.31252732646273579  0.32903326373223019  0.34477205840795050
  0.36011355598321282  0.37521762657087560  0.39037294593128502  0.40531832298421794
  0.41997044499268482  0.43443923452271627  0.44886645153335264  0.46339411112103446
  0.47781753050220516  0.49193054473821179  0.50549146691308589  0.51885231704821966
  0.53210179092104881  0.54530024350075479  0.55798511428724662  0.57040361719968791
  0.58272819734830938  0.59514398879718078  0.60750401144889377  0.61972446423941507
  0.63166705511886678  0.64331803411004707  0.65467684686628624  0.66557652442669069
  0.67620322222356799  0.68676442593395592  0.69733139630470342  0.70760920336090094
  0.71741168331401017  0.72706405832052068  0.73681458920336262  0.74658412891998249
  0.75599000089704649  0.76509676648492242  0.77409747324806077  0.78306381907119926
  0.79180979342295754  0.80025418691073624  0.80843534611955892  0.81642698408543413
  0.82422907907999665  0.83193653940117041  0.83962307268505076  0.84726578021434951
  0.85485561632007390  0.86231565270310151  0.86955156317863869  0.87665803670155196
  0.88345156047284157  0.89017616112399511  0.89670712893705806  0.90296595651983347
  0.90913313364855175  0.91517463404567134  0.92087105659636304  0.92629676649711579
  0.93162550456777882  0.93677631870018996  0.94165897210748639  0.94638475072591866
  0.95096798774816416  0.95572288851322695  0.95996426747784569  0.96397630449106686
  0.96781948913583127  0.97147981282020202  0.97498479259224002  0.97841789718215455
  0.98162330577271428  0.98467907050719139  0.98757183687652350  0.99032823958392757
  0.99297033088275088  0.99537289302686893  0.99771127033382467  1.00000000000000000
 -0.01416904735364659  0.11270713836429772  0.16391495841005910  0.19442248025715980
  0.21828057880381638  0.23818627253570734  0.25613723063160332  0.27272593739331491
  0.28782467481908769  0.30170585863395155  0.31476231736537685  0.32723460634813623
  0.33914926130942480  0.35064294464192414  0.36221516376276230  0.37340731733354487
  0.38433690951761168  0.39496088375112437  0.40573645334075964  0.41624944151080062
  0.42628728486362572  0.43592524168893854  0.44525753750707925  0.45426632266743944
  0.46292072148217284  0.47124948954533047  0.47949135867874848  0.48789441165181879
  0.49656867905107827  0.50536457748084529  0.51388267683105071  0.52211521173651743
  0.53012328982433810  0.53812493922239990  0.54608208809464431  0.55416002907209072
  0.56237636556522586  0.57026145983634702  0.57786839905219267  0.58520140040521396
  0.59265484963522552  0.60006570662013581  0.60726822294917460  0.61424089913150515
  0.62135229419431703  0.62862832840254024  0.63585672511919411  0.64281400627704832
  0.64937425787434100  0.65573783796284402  0.66211937721089431  0.66837323950379257
  0.67441628489890515  0.68039797764893750  0.68638491150734326  0.69218909540917395
  0.69773516210448661  0.70314786040259236  0.70833091561989570  0.71351476963628779
  0.71869636825750016  0.72390908454815084  0.72897583359588802  0.73402017257725782
  0.73906957244396010  0.74414214033862480  0.74937204847243777  0.75483613056093180
  0.76036998973799008  0.76586764296518095  0.77137053778199616  0.77686331183952795
  0.78234300209289787  0.78782574342008005  0.79326411027495214  0.79875959111119932
  0.80431982419716386  0.80988361003664877  0.81543364233854065  0.82098236441267891
  0.82644969413144687  0.83194516629290094  0.83757368729413684  0.84323221544778970
  0.84895445372217748  0.85489166244417569  0.86113206858770885  0.86762672435026433
  0.87452770067757701  0.88206831110904638  0.89040227691275098  0.89994085441061067
  0.91143298198075473  0.92617341033233314  0.94838211600115752  1.00000000000000000
   4.5851753765394259       -1.0000000000000000     
 T F F T F F T F F T F F T F F T F F F F F F F F F F F F F F F F
  <DiscreteSampler_grid>
  grouped_processes
  1 # 1 for a reference and 2 for a running grid.
  10 # Attribute 'min_bin_probing_points' of the grid.
  1 # Attribute 'grid_mode' of the grid. 1=='default',2=='initialization'
  0.0000000000000000 # Attribute 'small_contrib_threshold' of the grid.
  0.5000000000000000 # Attribute 'damping_power' of the grid.
 # binID   n_entries weight   weight_sqr   abs_weight
    10   10   8.338914047687701E+010   3.891899915269317E+022   8.338914047687701E+010
  </DiscreteSampler_grid>
