  0.00000236614312463  0.00000237198391337  0.00000238318879362  0.00000239719321304
  0.00000241142913808  0.00000242637452540  0.00000244192500656  0.00000245778668459
  0.00000247382876857  0.00000248967379723  0.00000250531189987  0.00000253203839273
  0.00000256021721879  0.00000259006508171  0.00000262141705170  0.00000265319307960
  0.00000268625850301  0.00000272094581738  0.00000275773842759  0.00000279761142552
  0.00000284241067057  0.00000289088494011  0.00000294099853326  0.00000299249812180
  0.00000304500072927  0.00000309741624839  0.00000314873496315  0.00000321248585829
  0.00000328428183598  0.00000335967403646  0.00000344030878484  0.00000352460201713
  0.00000361354009760  0.00000370810412308  0.00000380971705938  0.00000392307506043
  0.00000403867175783  0.00000415764757744  0.00000428324398046  0.00000441708180131
  0.00000456647063375  0.00000472072490190  0.00000488251243866  0.00000505633868652
  0.00000524505491520  0.00000545981008037  0.00000567462994591  0.00000590764869115
  0.00000616797995636  0.00000645033518813  0.00000674866031137  0.00000710436403180
  0.00000747391679409  0.00000787756956277  0.00000831454605912  0.00000878495174983
  0.00000929618408310  0.00000984969194627  0.00001044099796464  0.00001109028260803
  0.00001179077204453  0.00001255264393071  0.00001339999975425  0.00001433390110543
  0.00001536051835468  0.00001647492184147  0.00001769268669692  0.00001905094973170
  0.00002059765670608  0.00002234368100451  0.00002426841946640  0.00002646392799039
  0.00002894923113614  0.00003176151457899  0.00003503818322190  0.00003895725068511
  0.00004374815550301  0.00004973581003602  0.00005686921236176  0.00006486753505870
  0.00007431609776188  0.00008646674880797  0.00010196960121116  0.00012216293493304
  0.00014849787891665  0.00018091119162255  0.00022957199065559  0.00028970740720018
  0.00036435393670388  0.00048820208510269  0.00070071776433462  0.00108106984111085
  0.00177765581531185  0.00383227467214164  0.01506878140458405  1.00000000000000000
 -0.00225441733970555  0.00896885625969734  0.01911501245887834  0.02941109556344026
  0.04040172498102518  0.05163947345748349  0.06267797197032193  0.07357077664120881
  0.08448199905874644  0.09525990175210397  0.10583233797063868  0.11645887464519945
  0.12702647572882317  0.13722804967313401  0.14730895600155644  0.15712055857447421
  0.16705242890959401  0.17716124727782390  0.18734462869794735  0.19701050907379858
  0.20636020108685410  0.21553951938401217  0.22520684907552024  0.23553444995782852
  0.24572648622375379  0.25583318248413467  0.26608614753501098  0.27678592807950547
  0.28806665959239913  0.29889730496401512  0.30957516700371746  0.32036494781717967
  0.33087140637607809  0.34135873207050443  0.35208945174392758  0.36303786656474629
  0.37375444447894124  0.38399771436502772  0.39377449844305457  0.40398250752580761
  0.41390725550649615  0.42445854022803209  0.43489115682838503  0.44569842754338179
  0.45635683057923737  0.46677322686952533  0.47733512202873274  0.48809520560671660
  0.49911724482292313  0.51001035967061492  0.52086876159696516  0.53158448917711620
  0.54197451002937125  0.55203596345752626  0.56203332237103854  0.57219133210200934
  0.58244960162075254  0.59304964604927279  0.60355632904895651  0.61393630710618186
  0.62368651870600889  0.63377295550664603  0.64364201459517378  0.65372237327445193
  0.66403064952439694  0.67486999931712643  0.68616900087348931  0.69739253792803091
  0.70859450276066083  0.71972033042463701  0.73068916286295027  0.74179184921973873
  0.75285746210933269  0.76401211517915535  0.77519773680059700  0.78635727329085292
  0.79731498344792151  0.80811195461863983  0.81902627493562841  0.82996857797486900
  0.84079539294828542  0.85155980439493917  0.86239683326917493  0.87313314927281260
  0.88410993311067920  0.89527485737378998  0.90653343154098642  0.91707874037885251
  0.92705651295093927  0.93713197284787320  0.94782863603248391  0.95778954485454804
  0.96812458776116694  0.97810737537215831  0.98909425049186539  1.00000000000000000
 -0.00402372535903257  0.02419924468564486  0.04846519070563319  0.07243600963412317
  0.09595220630488341  0.11891811492318045  0.14140649823186119  0.16353140919681400
  0.18517597245690637  0.20622960610130195  0.22685512138562935  0.24713447777111414
  0.26715564094688143  0.28674350632116091  0.30582422556699529  0.32441838257486916
  0.34251621957680933  0.36035276332755373  0.37786910096613358  0.39513474659120429
  0.41193315269018499  0.42847744656905418  0.44463276223552439  0.46045736161648693
  0.47613415434880046  0.49172665273101096  0.50703984296450744  0.52198366574661659
  0.53667095946067955  0.55112471228238669  0.56517772775111219  0.57870552513218787
  0.59191268865662372  0.60499095787395862  0.61793034747852638  0.63066926917113575
  0.64314079043321404  0.65535696797086218  0.66726117361437742  0.67887936382556313
  0.69020695587904379  0.70129067645624132  0.71212130222351955  0.72277785553703811
  0.73317337352961198  0.74328203206988508  0.75313111878456029  0.76272309770652980
  0.77210414034905395  0.78125952350532568  0.79034382645028456  0.79925321991788423
  0.80802025257527943  0.81644596318356177  0.82466330834745916  0.83272085163814458
  0.84053953322376762  0.84824367131912004  0.85572894629619201  0.86292686315973433
  0.86996165460186281  0.87682512676897306  0.88344562770927759  0.88996042262988295
  0.89629380231279188  0.90240538588314712  0.90834543444834126  0.91409847907011688
  0.91963551380745212  0.92498179309033346  0.93020774563510766  0.93533733911841399
  0.94003365020255081  0.94443353723596934  0.94873970929830553  0.95297391327112946
  0.95695949794979196  0.96068240308339004  0.96420199275664664  0.96755612667320356
  0.97085558792294280  0.97403267486940837  0.97704086821623992  0.97987109018126206
  0.98249782436469213  0.98491750337643424  0.98719230562210281  0.98931254179722761
  0.99116601311866559  0.99282024498970833  0.99436305941856540  0.99570166972731999
  0.99689931154221423  0.99798188673925059  0.99899719746021964  1.00000000000000000
 -0.01091258546212148  0.06261255126951767  0.08910076656072180  0.10622687503287563
  0.11980984297909253  0.13132215424429863  0.14185571014599233  0.15150520146194787
  0.16067061668772856  0.16943517456559701  0.17790121670746384  0.18618663010112568
  0.19419852425337103  0.20206875218905604  0.21003172927359665  0.21801528567778719
  0.22592486779894383  0.23378778013031107  0.24157929439296999  0.24944710659494382
  0.25742887872682091  0.26544409852056750  0.27340521894627196  0.28138718423469627
  0.28942286824344715  0.29756437125765151  0.30567689557586508  0.31358881010216699
  0.32183224339962746  0.33027636260644450  0.33902812977051655  0.34777805357715891
  0.35683685047247693  0.36625525056891356  0.37601259333908482  0.38587886619512052
  0.39600966751924527  0.40611220261953568  0.41614725817571108  0.42585982936173772
  0.43555194671010167  0.44542330718932310  0.45543982410998257  0.46529544724080613
  0.47494476497021459  0.48474462587528305  0.49447757364147016  0.50376738779050301
  0.51256531102025826  0.52121122355100313  0.52989161848991162  0.53870449426309863
  0.54788158509237683  0.55701981882037710  0.56549586561222565  0.57419256550266573
  0.58270595278731108  0.59136339381979197  0.59998108355740198  0.60822962530273472
  0.61625952244657090  0.62462778979837175  0.63328311303337248  0.64175200972097146
  0.65011016176821157  0.65844437997776273  0.66690682638386301  0.67520879235975928
  0.68331673901428958  0.69126517462471393  0.69912784783463600  0.70710546735246982
  0.71515772656776555  0.72309852898350635  0.73143928494686017  0.74007380851253868
  0.74852680212278488  0.75670238505743070  0.76469115117347064  0.77272896782360578
  0.78073402648946844  0.78875082922949391  0.79676467481949398  0.80481935066115529
  0.81309146624645801  0.82155599537713409  0.83016913108864054  0.83890250408407108
  0.84790240011070106  0.85733724859975413  0.86772970263568672  0.87915158401445848
  0.89299726363926712  0.91088311232362795  0.93815463967010015  1.00000000000000000
   2.9166759700436709       -1.0000000000000000     
 F F F T F T T F F T T F T F F F F F F F F F F F F F F F F F F F
  <DiscreteSampler_grid>
  grouped_processes
  1 # 1 for a reference and 2 for a running grid.
  10 # Attribute 'min_bin_probing_points' of the grid.
  1 # Attribute 'grid_mode' of the grid. 1=='default',2=='initialization'
  0.0000000000000000 # Attribute 'small_contrib_threshold' of the grid.
  0.5000000000000000 # Attribute 'damping_power' of the grid.
 # binID   n_entries weight   weight_sqr   abs_weight
    10   10   2.391367046145973E+009   1.200871541650940E+019   2.391367046145973E+009
    16   10   2.391367046145973E+009   1.200871541650940E+019   2.391367046145973E+009
  </DiscreteSampler_grid>
