  0.00000236736624038  0.00000236995211407  0.00000237761208368  0.00000238952404733
  0.00000240214894391  0.00000241554936717  0.00000242917639023  0.00000244260211331
  0.00000245595297145  0.00000246958968517  0.00000248288468326  0.00000249790145267
  0.00000252239570211  0.00000254994551123  0.00000258032031692  0.00000261254260516
  0.00000264564352338  0.00000268099969948  0.00000271723322010  0.00000275642566785
  0.00000280071294724  0.00000284839853239  0.00000289627176214  0.00000294526898010
  0.00000299618864897  0.00000304909942816  0.00000310336525475  0.00000315589102723
  0.00000321723050906  0.00000329350786673  0.00000337139763396  0.00000345214658560
  0.00000353583987064  0.00000362205258171  0.00000370944667988  0.00000381405438060
  0.00000392610142203  0.00000404356454838  0.00000416494182267  0.00000429047421622
  0.00000444321336347  0.00000460415713715  0.00000477048843661  0.00000494340732985
  0.00000512813034736  0.00000533345404857  0.00000554268631955  0.00000576704543796
  0.00000601641819760  0.00000629099849816  0.00000657376673400  0.00000688115901609
  0.00000721991121762  0.00000758056595256  0.00000796694014133  0.00000839693546420
  0.00000885763197808  0.00000935814534936  0.00000990468675129  0.00001045361545439
  0.00001106161482124  0.00001170075964683  0.00001238950360919  0.00001315609912255
  0.00001397911543946  0.00001492461287242  0.00001597761442701  0.00001714537340578
  0.00001844350518912  0.00001991710312260  0.00002155096856137  0.00002342151010871
  0.00002552848960757  0.00002797950488568  0.00003073420923905  0.00003390050848372
  0.00003760469774561  0.00004210921450607  0.00004745637669520  0.00005429501090031
  0.00006223171514234  0.00007194742220100  0.00008444303883696  0.00010075770898597
  0.00012023457321368  0.00014557728422451  0.00018133174287938  0.00022926579723211
  0.00029853406122081  0.00039460137063069  0.00053808760642080  0.00076205382734128
  0.00125841289389332  0.00320926827761641  0.00798763165834638  1.00000000000000000
 -0.00277501582576903  0.01052959386099723  0.02138961528351588  0.03240418677674884
  0.04345626285429044  0.05390116807987943  0.06461155898934062  0.07542515261615701
  0.08592004144043817  0.09659695434806193  0.10725598879454645  0.11857671397494367
  0.12959575929924322  0.14047768119336768  0.15178272004825946  0.16298042711879701
  0.17407522656388272  0.18500462553384009  0.19565886184559869  0.20619095891613318
  0.21670694884956720  0.22760116614215481  0.23868517856628396  0.24970548860554581
  0.26044163287355676  0.27100907678061087  0.28128208505606062  0.29186599295688836
  0.30236538640769073  0.31262544548553095  0.32252950868706726  0.33244290281113159
  0.34248500724061959  0.35280742867467196  0.36282064368916661  0.37318451522871582
  0.38369733438127385  0.39423958318691904  0.40464235057425024  0.41533126350521449
  0.42601512066866970  0.43710471068485868  0.44723624906743570  0.45783662030007322
  0.46827330201298767  0.47931071543935611  0.48945135140560259  0.49935409162914202
  0.50928889607128225  0.51940285045802115  0.52992359772501729  0.54024210897426705
  0.55115018476550104  0.56238512468469415  0.57252093560836037  0.58257877771526767
  0.59234532177114541  0.60333865473034365  0.61391034703631753  0.62435109594679228
  0.63360812665780808  0.64298171407410476  0.65227023369591464  0.66221608801725929
  0.67263908663785654  0.68343222242943580  0.69335945506204677  0.70319895544409849
  0.71317149766272014  0.72341763811046178  0.73378277227553046  0.74422417774359539
  0.75457363131773436  0.76541563550354996  0.77577676969824150  0.78671883881675764
  0.79774647344428429  0.80857148176865168  0.81873362394645932  0.82865127822542950
  0.83891191667477527  0.84968266946351434  0.86050309245445455  0.87162611179312188
  0.88249445459997888  0.89309332249604534  0.90359136392306905  0.91417119544863479
  0.92503890095429253  0.93624118038103099  0.94722011784825411  0.95838686040244647
  0.96907068158032239  0.97956096849256968  0.98983272146540102  1.00000000000000000
 -0.00393958864295749  0.02425538665150484  0.04896877036078390  0.07356433920369161
  0.09751835920820638  0.12088973379413170  0.14345982385460909  0.16542052755017966
  0.18689051195183271  0.20791526912847058  0.22853119426725607  0.24869324291816211
  0.26856377421535360  0.28818751042930829  0.30758845465804396  0.32662638743032829
  0.34494698433980320  0.36282668672876373  0.38041352678568863  0.39780490971616161
  0.41479311078661935  0.43147616967186070  0.44786511713769994  0.46379259349816865
  0.47931969338981673  0.49463919026121389  0.50961510153645195  0.52430742956227838
  0.53876581424831027  0.55297821367196354  0.56689764832122425  0.58067967214322613
  0.59408857665211690  0.60712799448468002  0.61966111427361503  0.63211959523336336
  0.64448948475293466  0.65667111010164592  0.66869623798984312  0.68055693953799079
  0.69221123913737270  0.70357986131107475  0.71462678253470957  0.72539549806515180
  0.73589811512841363  0.74617177711943961  0.75600754025224248  0.76555445742475015
  0.77489557726995950  0.78400748658621633  0.79297684194486495  0.80176712996527222
  0.81047836875970036  0.81900023066570626  0.82730209153099687  0.83533853899783661
  0.84313704775884180  0.85076244953006963  0.85812434964984885  0.86522743094022248
  0.87218843237477162  0.87900316731541772  0.88571932932500608  0.89228749621305059
  0.89860609908654343  0.90468266971854161  0.91059428773298634  0.91639832480982963
  0.92196144260587853  0.92727789110552317  0.93249259923175210  0.93740917442574734
  0.94203674081678523  0.94648594490546378  0.95080919778404160  0.95498848418233362
  0.95890193922033862  0.96248438648811574  0.96585092395258498  0.96917157601331028
  0.97228851894676283  0.97528936911163466  0.97815713987761421  0.98080613067239331
  0.98326100178241294  0.98558761867230582  0.98780235214408840  0.98988982757584887
  0.99168844339381179  0.99327171752209886  0.99470730145250730  0.99598488409226082
  0.99710215490692800  0.99811248673967090  0.99906103103064670  1.00000000000000000
 -0.00994032637641456  0.06330468894392817  0.09056373105432149  0.10786289993157108
  0.12141220345616914  0.13247649988804042  0.14279068730981512  0.15214121483120269
  0.16111581031713340  0.16992339151419353  0.17850091939652021  0.18684920257074150
  0.19495447142771913  0.20290640244824795  0.21107623291682850  0.21941193816199825
  0.22775551056405904  0.23619715840034172  0.24469611383937206  0.25298484112727487
  0.26093628697902960  0.26878054462838485  0.27667353444960679  0.28449816034654990
  0.29212490027470772  0.29970815686492169  0.30754120954976349  0.31589826822358552
  0.32464893191111088  0.33332885711660903  0.34191998841183452  0.35041590264254713
  0.35886813219504482  0.36750079416865922  0.37663626483940277  0.38621197575044147
  0.39541938351119077  0.40450227104019587  0.41327773086309016  0.42234974725465629
  0.43149822699673884  0.44086092046864811  0.45024764583743959  0.45940775688072172
  0.46853279621556965  0.47734482571081016  0.48637418852863945  0.49517293427457293
  0.50403943167562260  0.51310811956098334  0.52253312288415210  0.53199566872261173
  0.54143239131400644  0.55108468875153971  0.56092499640997961  0.57038062806785006
  0.57999950220195950  0.58970133194101793  0.59874086074145239  0.60758066221153784
  0.61575299247217896  0.62438908161724527  0.63303382223330140  0.64163663058409648
  0.64937732400439152  0.65711347908692352  0.66493847282987484  0.67305709667751690
  0.68187648764024600  0.69031351075790548  0.69890449263674959  0.70733479309997538
  0.71580420573084380  0.72437728018783654  0.73299588102579238  0.74145576828478510
  0.74966510963848509  0.75756179751669905  0.76543161174272745  0.77339305419944837
  0.78139371842383498  0.78925359684148211  0.79688192972256167  0.80446091215332605
  0.81231991180142460  0.82061181762152069  0.82916506522199385  0.83795185370047642
  0.84705630935689380  0.85641694724500717  0.86662740664859228  0.87813515800599895
  0.89240757662230397  0.91040583472228964  0.93753910217534231  1.00000000000000000
   2.9934401327474158       -1.0000000000000000     
 F F F T F T T F F T T F T F F F F F F F F F F F F F F F F F F F
  <DiscreteSampler_grid>
  grouped_processes
  1 # 1 for a reference and 2 for a running grid.
  10 # Attribute 'min_bin_probing_points' of the grid.
  1 # Attribute 'grid_mode' of the grid. 1=='default',2=='initialization'
  0.0000000000000000 # Attribute 'small_contrib_threshold' of the grid.
  0.5000000000000000 # Attribute 'damping_power' of the grid.
 # binID   n_entries weight   weight_sqr   abs_weight
    10   10   2.342757748328873E+011   3.187291820439643E+023   2.342757748328873E+011
    16   10   2.342757748328873E+011   3.187291820439644E+023   2.342757748328873E+011
  </DiscreteSampler_grid>
