 -0.00068122698155492  0.01890764125878636  0.02417193284970178  0.02980258216183792
  0.03559569506191292  0.04146260815716515  0.04724907744294195  0.05310071795535130
  0.05904839028661130  0.06524480818785484  0.07176405633961799  0.07859779289058605
  0.08551632184672353  0.09255328156199762  0.09978019833375272  0.10714414422141867
  0.11464467317682031  0.12214429812664612  0.12990302890140223  0.13773914514771968
  0.14559381655546028  0.15365743078526201  0.16181113775204067  0.17011645550515106
  0.17871601479921789  0.18757361239724732  0.19654545067174189  0.20560944649494478
  0.21493577610911122  0.22439202715218690  0.23388124490899023  0.24350892569945623
  0.25353041340961702  0.26394944119952463  0.27434501363378772  0.28467545619682122
  0.29510190208339537  0.30576668088847103  0.31668014337574446  0.32768069916148440
  0.33877226914114839  0.34996271607408680  0.36187913645694347  0.37382355118233346
  0.38579526491981209  0.39779045614765385  0.40982436665094285  0.42203213584959282
  0.43449088940157199  0.44696404893767860  0.45944946320356900  0.47192241264363871
  0.48437446614891994  0.49697666999343998  0.50980776324748411  0.52284402287683751
  0.53587793180836352  0.54882756168980529  0.56174233074576885  0.57456339161463610
  0.58731958338112289  0.60024842214456264  0.61330981149107022  0.62625111488069041
  0.63904229123918521  0.65168290097703463  0.66418072585746690  0.67657441304525079
  0.68886028016408374  0.70100703019328425  0.71348853516736199  0.72608584225649253
  0.73844211352011013  0.75064675313346707  0.76271577588053407  0.77466551391185956
  0.78647894409614016  0.79811424780607065  0.80946593538973277  0.82052201926530954
  0.83149523013576176  0.84254261493190352  0.85370015820660583  0.86479614269815308
  0.87606137635266790  0.88723858015429879  0.89843729709097730  0.90962440070843442
  0.92064818301017359  0.93140507908868997  0.94181016669935258  0.95226445070185617
  0.96274762335582453  0.97387349337776885  0.98616626514520844  1.00000000000000000
 -0.00247727333254995  0.00957748764674903  0.01997471068564377  0.03074374648810461
  0.04147859568374251  0.05191218468356213  0.06250910981914777  0.07310309522586965
  0.08395461035067908  0.09431325213677358  0.10464442190733560  0.11487036757827540
  0.12498713715784419  0.13547461622741330  0.14592969530388772  0.15716588265568063
  0.16801553603253427  0.17854014420828040  0.18916998333564028  0.19965976219574372
  0.21037025602528381  0.22113507478610051  0.23186983265878555  0.24274561101807757
  0.25347684846987883  0.26442738363910717  0.27522770232456650  0.28590536083985474
  0.29665578974901385  0.30716024184651308  0.31791727031987815  0.32875802014139555
  0.33971715186284984  0.35074496698908630  0.36163944957482658  0.37254895062788435
  0.38353901610938451  0.39422269704044716  0.40466009246244466  0.41506244468755099
  0.42565027267538053  0.43633482306725890  0.44678102513571727  0.45714061961177410
  0.46738275787485617  0.47766327796940322  0.48790094000328488  0.49812520498035540
  0.50827974363785944  0.51827676306581727  0.52877753667446159  0.53925098001673366
  0.54985674593865697  0.56011362922132502  0.57056855133042350  0.58111536756511184
  0.59154640226923749  0.60192841428951971  0.61231047776388081  0.62270973189414114
  0.63322994978508307  0.64349917628815412  0.65403722530543973  0.66452903452846279
  0.67507802974374342  0.68584946371134525  0.69650319108652115  0.70724325998499538
  0.71761369695261989  0.72792999254348112  0.73820386427399776  0.74845504543786179
  0.75898901551931730  0.76968949690498545  0.78044995823730490  0.79101955679974989
  0.80136291553467942  0.81154164950191787  0.82190545751223321  0.83201709403586288
  0.84237347794093798  0.85244728076040055  0.86304061925747466  0.87367411340752743
  0.88401758223080329  0.89440505999191255  0.90498076918077874  0.91561888524799895
  0.92615906720272501  0.93655126846390369  0.94716498904214463  0.95769643064110410
  0.96821130220904594  0.97872803837545230  0.98932802428321798  1.00000000000000000
 -0.00144752339371313  0.00667878047025845  0.01449485939000733  0.02293539866007413
  0.03153315483710975  0.03975192956278076  0.04771537824545578  0.05565175516874109
  0.06376679642420574  0.07200549470796683  0.08016559148539000  0.08821678186305840
  0.09626014373204689  0.10435118450889204  0.11246493459350791  0.12055045314008458
  0.12866219553392616  0.13680648291251096  0.14501475578667350  0.15322792446049729
  0.16142582316221227  0.16962402747562669  0.17778735840062729  0.18591830561741948
  0.19409247205931757  0.20238492681371273  0.21078303550047051  0.21932650505536933
  0.22792439857148031  0.23658849074969085  0.24527015912669284  0.25376389199520522
  0.26218545149494948  0.27067172174400944  0.27911307040495964  0.28745633737673204
  0.29585093117997546  0.30437080509912673  0.31304610723533943  0.32184766160882528
  0.33060801498828252  0.33934829844425640  0.34817277678203928  0.35708388118071022
  0.36610388372561936  0.37518601954877595  0.38424310580249244  0.39331850977645266
  0.40245370591518226  0.41164681603874320  0.42088574185738775  0.43015416906431042
  0.43952116082965598  0.44902312366964581  0.45859900756190097  0.46822135882514904
  0.47793322661697696  0.48772243305567020  0.49754652630709972  0.50730697944774950
  0.51704844534656269  0.52681966689054371  0.53664908543560852  0.54652295645771498
  0.55648450603098820  0.56666717886273199  0.57706624176388466  0.58757998140031742
  0.59830508285260697  0.60917206155413695  0.62003826785154881  0.63080410763915007
  0.64151543390318644  0.65251223463401775  0.66358936266558044  0.67474037557880751
  0.68609501398525619  0.69787265058229231  0.71005472491568999  0.72226700085369333
  0.73471557591593040  0.74732416536785262  0.76021697151040579  0.77344248301143359
  0.78698457405596267  0.80079405422176131  0.81495621284881803  0.82957571981536082
  0.84472774976800102  0.86049424639170224  0.87721198128180577  0.89514011988755116
  0.91445128633368089  0.93571187531450029  0.96208396256694451  1.00000000000000000
 -0.01886883434553599  0.11512024683531988  0.16951615733528244  0.20040105950780729
  0.22380177948762731  0.24347933996472193  0.26100679105824226  0.27689871392356497
  0.29184646108422008  0.30572572264302300  0.31873798467216324  0.33113965524533834
  0.34312417313075849  0.35470395447713216  0.36594536489035323  0.37697061213796662
  0.38802686903781825  0.39886497744515348  0.40959212594695993  0.42015682645455543
  0.43066828734425511  0.44092798719308257  0.45081981408667055  0.46062782337792313
  0.47021979869538838  0.47969943250694769  0.48899882888588647  0.49829589878887459
  0.50749430021820607  0.51657598674802296  0.52548339719993098  0.53438120119986277
  0.54319296681711038  0.55185592161579877  0.56032704852301052  0.56892126738948534
  0.57742084852566411  0.58577855594604378  0.59384171587554702  0.60181536698508797
  0.60969065014178192  0.61752112293311090  0.62519637192420929  0.63271835136017762
  0.64015514558992948  0.64749164895326472  0.65477237410666467  0.66194816287019376
  0.66896707637163533  0.67582311366628400  0.68256315846971882  0.68921747796898269
  0.69577793573118363  0.70223496707854738  0.70858293647134762  0.71481693987591766
  0.72095898745490605  0.72702842970889381  0.73299291078437623  0.73885460607050191
  0.74468071999830754  0.75040762577551101  0.75601952241417580  0.76153586860716693
  0.76698855807762645  0.77234664155520538  0.77761758387846325  0.78286183981976987
  0.78807541259990999  0.79318854414793294  0.79821073188846225  0.80319992179970712
  0.80815136949404320  0.81311355587992551  0.81808472412442390  0.82304975988079043
  0.82802610037716406  0.83300211735262886  0.83795795933900430  0.84292714240406463
  0.84793649594894316  0.85298066482984869  0.85813167857208339  0.86332888324640811
  0.86857920825263146  0.87393711206948499  0.87947838993713257  0.88522391373742781
  0.89123398301512269  0.89763223304808160  0.90452930949274823  0.91212379284201806
  0.92106990812260225  0.93262967031269417  0.95130238622817342  1.00000000000000000
   7.1851420534093727E-002  -1.0000000000000000     
 T F F T F F F F F F F F T F F T F F F F F F F F F F F F F F F F
  <DiscreteSampler_grid>
  grouped_processes
  1 # 1 for a reference and 2 for a running grid.
  10 # Attribute 'min_bin_probing_points' of the grid.
  1 # Attribute 'grid_mode' of the grid. 1=='default',2=='initialization'
  0.0000000000000000 # Attribute 'small_contrib_threshold' of the grid.
  0.5000000000000000 # Attribute 'damping_power' of the grid.
 # binID   n_entries weight   weight_sqr   abs_weight
    10   10   3.721038297136074E+008   1.474317577140467E+017   3.721038297136074E+008
  </DiscreteSampler_grid>
