  0.00000238744847248  0.00000243167631744  0.00000246215907918  0.00000248346344215
  0.00000250752240889  0.00000253184697570  0.00000255763014906  0.00000258433428563
  0.00000261165651253  0.00000263982950089  0.00000266937208604  0.00000269996006480
  0.00000273092339100  0.00000276572494339  0.00000280404736037  0.00000284364860073
  0.00000288372525319  0.00000292534484893  0.00000296811891441  0.00000301152646817
  0.00000305572240915  0.00000310072714726  0.00000314516001360  0.00000319047359171
  0.00000324758677357  0.00000330695906436  0.00000336780260294  0.00000342990052838
  0.00000349322104491  0.00000355841682278  0.00000362526748861  0.00000369170553630
  0.00000377320244718  0.00000386168921404  0.00000395044342468  0.00000404071827550
  0.00000413504511770  0.00000422921807696  0.00000433313107113  0.00000444655138940
  0.00000456550524186  0.00000468701112148  0.00000481103600642  0.00000493940582048
  0.00000507386856028  0.00000522663185743  0.00000538353477270  0.00000554411014027
  0.00000571162598449  0.00000589231260583  0.00000609142815368  0.00000630121422451
  0.00000651561297290  0.00000674058320157  0.00000698237239719  0.00000724614263885
  0.00000751302613332  0.00000779073749844  0.00000809940743841  0.00000843730541569
  0.00000879385151643  0.00000917219744764  0.00000959305908527  0.00001004582631699
  0.00001051610557200  0.00001103763997176  0.00001161285444644  0.00001224222786533
  0.00001295481400018  0.00001372989307574  0.00001456772119257  0.00001550768490792
  0.00001655039368644  0.00001773039438858  0.00001904735420169  0.00002051858486624
  0.00002214857616528  0.00002403385111102  0.00002618958031762  0.00002867567129769
  0.00003151304708479  0.00003474452968669  0.00003871474036024  0.00004340641580048
  0.00004931701612080  0.00005645381306495  0.00006550653032030  0.00007701948570944
  0.00009201826652680  0.00011316135891108  0.00013978155452133  0.00018230049884305
  0.00025788482857591  0.00039487118621423  0.01672401934328400  1.00000000000000000
 -0.00246417753124567  0.00964556984596207  0.02014658368527508  0.03082115934558795
  0.04176289096221747  0.05241809117644346  0.06307918135885070  0.07347703317132066
  0.08383608067563106  0.09426345593492015  0.10450996853005051  0.11474480243574423
  0.12517641204996136  0.13565880702880506  0.14613847231693680  0.15671018686021362
  0.16740897562535209  0.17873110891098698  0.18993445399315070  0.20142250942839401
  0.21241859209211794  0.22320847930887214  0.23369212387708768  0.24410965654946665
  0.25429351082607288  0.26436798064317912  0.27475143582769851  0.28534412690277045
  0.29602882083426862  0.30679110978293911  0.31730097344516722  0.32765951414022476
  0.33805035013535278  0.34831141436246088  0.35847071736455005  0.36858686114510131
  0.37893377065878375  0.38957281342448685  0.39994820665611930  0.41024689877646553
  0.42064456519224414  0.43106418877329122  0.44131537909054708  0.45166086042393189
  0.46213664440618274  0.47272403881918407  0.48297150707242725  0.49311321644560968
  0.50350459238058831  0.51406566932072506  0.52495360102664890  0.53568236246910839
  0.54623508808466148  0.55670248824841873  0.56729480115669861  0.57810574156356120
  0.58834976795346727  0.59830374178259293  0.60839830557862851  0.61879379099285203
  0.62913984238450327  0.63972965265705362  0.65039140821409869  0.66136880778775486
  0.67204262746137677  0.68252672108959256  0.69278498537497013  0.70275290371939170
  0.71284179497225408  0.72284460935422101  0.73286433750896696  0.74280306347513281
  0.75280864269720071  0.76333096194163230  0.77370949094555741  0.78407319220534510
  0.79435767661949974  0.80510907291846312  0.81569804760381115  0.82642405616256109
  0.83698638496236522  0.84804961061244677  0.85885647808709020  0.86970755254731225
  0.88063082264026038  0.89141527342670224  0.90202986233333116  0.91248704740392383
  0.92335091326706253  0.93454037853968175  0.94561657473355365  0.95674271817746603
  0.96772641872060616  0.97880749496089647  0.98931035824304148  1.00000000000000000
  0.00091705827349142  0.01709248268010062  0.03183316440943472  0.04691350743413472
  0.06175456678966192  0.07678867925129329  0.09165741573646374  0.10629955913396304
  0.12095555686529549  0.13554377938529330  0.14992604800373413  0.16410328366055310
  0.17816700309239694  0.19222405984313565  0.20611280389634409  0.22017958075676966
  0.23438564774177778  0.24871186332175355  0.26285925341943278  0.27674639212147123
  0.29047166678864644  0.30419496173734956  0.31784063782228028  0.33137505595619121
  0.34474218584209132  0.35780410260986545  0.37063383128338301  0.38360707927220228
  0.39652844272404203  0.40938878389651995  0.42202630963292675  0.43485422747214042
  0.44730937784289693  0.45960734417582932  0.47147015603728343  0.48320681069441118
  0.49466381189869468  0.50593208400698475  0.51707338817504200  0.52833415505482595
  0.53954166232860779  0.55060127763591959  0.56154101682121482  0.57238128397942323
  0.58302360029001621  0.59366818356971818  0.60431786012038802  0.61505560571520967
  0.62578990706304305  0.63651250750749666  0.64713089010106695  0.65742130015342581
  0.66758749561139874  0.67758650955258293  0.68751772948673739  0.69718723571312102
  0.70664209566526393  0.71605610329639457  0.72552038008529440  0.73507242007546436
  0.74462112539027947  0.75392494866753090  0.76301647800681538  0.77194699368401831
  0.78069430599356193  0.78931472244912815  0.79795107843971003  0.80654533015768437
  0.81515915390623594  0.82376723023109233  0.83220892325826024  0.84048680511526930
  0.84869427222099747  0.85657336490019553  0.86438867708016598  0.87211226770841921
  0.87976938502413571  0.88730180564134231  0.89458677341696258  0.90163460809541518
  0.90848926550330289  0.91515953793071547  0.92168725897751658  0.92809698849936029
  0.93443022829119315  0.94081713732629890  0.94716322787555152  0.95341601516592045
  0.95965460769202848  0.96584732692155240  0.97182381521298788  0.97759805231488772
  0.98320714113851859  0.98874047020332068  0.99433104176878018  1.00000000000000000
 -0.01807055613309187  0.10386244741449233  0.14227003913441133  0.16539153272887619
  0.18338618125445330  0.19882409684360663  0.21244834159263074  0.22490909785175661
  0.23623177357138864  0.24670923722661306  0.25639330236815394  0.26571034472374466
  0.27469921613089821  0.28348822932581103  0.29198529984387395  0.30007964295654299
  0.30789652245954524  0.31552544023748502  0.32291498799297463  0.33020942036809681
  0.33732655061730710  0.34434355914114800  0.35134884860729132  0.35824302032373950
  0.36502431888644704  0.37165371464637115  0.37809549462839398  0.38440542555271756
  0.39062274924899532  0.39681870784062262  0.40258193128826358  0.40850420951491095
  0.41438661446527320  0.42027995145113567  0.42611653421796869  0.43181238313452447
  0.43736379660516428  0.44290482792280511  0.44844782822593399  0.45406100664347404
  0.45970592243685177  0.46522758534193293  0.47073911009253377  0.47626333505077101
  0.48169417648614349  0.48704418648857584  0.49239279739560265  0.49775651795167364
  0.50299912565665883  0.50813172818899421  0.51326020316594445  0.51838960473167051
  0.52368466224140919  0.52907242586244008  0.53449041677024733  0.53995894474431361
  0.54549522278734164  0.55104443409933213  0.55656176932355694  0.56209264601130660
  0.56777218943293351  0.57369304384039821  0.57956811276139775  0.58543585915398622
  0.59125923082495913  0.59718405540350827  0.60324692097599242  0.60941683094330457
  0.61567780353984392  0.62194265981297525  0.62838997819038789  0.63497023918703976
  0.64164815249618989  0.64841118327900504  0.65519777688827630  0.66207157737549172
  0.66911458603667739  0.67643437140376605  0.68394234433733736  0.69170170987001911
  0.69960711779389639  0.70766160641106923  0.71596289593959261  0.72462996825188353
  0.73370090775987362  0.74309577402070714  0.75297864563459127  0.76336981313554353
  0.77442817788385698  0.78669264779583037  0.80053808698775408  0.81634702421009275
  0.83493797042448026  0.85851423157845752  0.89672749570567989  1.00000000000000000
   2276.5636847643364       -1.0000000000000000     
 T F F F F T T F F T T F F F F T F F F F F F F F F F F F F F F F
  <DiscreteSampler_grid>
  grouped_processes
  1 # 1 for a reference and 2 for a running grid.
  10 # Attribute 'min_bin_probing_points' of the grid.
  1 # Attribute 'grid_mode' of the grid. 1=='default',2=='initialization'
  0.0000000000000000 # Attribute 'small_contrib_threshold' of the grid.
  0.5000000000000000 # Attribute 'damping_power' of the grid.
 # binID   n_entries weight   weight_sqr   abs_weight
    10   10   1.792921188456728E+010   6.338653498114318E+020   1.792921188456728E+010
    16   10   1.793703173005009E+010   6.340601128578955E+020   1.793703173005009E+010
  </DiscreteSampler_grid>
