  0.00000236799024654  0.00000238405614882  0.00000239951420032  0.00000241632628917
  0.00000243378808837  0.00000245151191676  0.00000246940770141  0.00000248786334915
  0.00000250879090547  0.00000253399274210  0.00000255957395236  0.00000258651451616
  0.00000261432361168  0.00000264252515151  0.00000267171379362  0.00000270216643801
  0.00000273404677086  0.00000276804086374  0.00000280490143126  0.00000284409105960
  0.00000288391099820  0.00000292479042274  0.00000296668773469  0.00000300994951087
  0.00000305460287949  0.00000310033026287  0.00000314528813548  0.00000319413717720
  0.00000325193088003  0.00000331272934648  0.00000337650211982  0.00000344291326327
  0.00000351239166256  0.00000358276320747  0.00000365382254381  0.00000373135108712
  0.00000381727325388  0.00000390807906427  0.00000400029069033  0.00000409640739703
  0.00000419337330206  0.00000430159489433  0.00000441693263050  0.00000453811805894
  0.00000466447386639  0.00000479468007547  0.00000493174256951  0.00000508226045413
  0.00000524433411615  0.00000541835247784  0.00000560276700241  0.00000579724968529
  0.00000601327566476  0.00000623984555707  0.00000647040722941  0.00000670767909676
  0.00000696511584049  0.00000724684065861  0.00000754396973504  0.00000786512173157
  0.00000821738643943  0.00000859493755350  0.00000899674259079  0.00000943835339899
  0.00000993626174094  0.00001046471106743  0.00001103472148996  0.00001166739157818
  0.00001234513968934  0.00001311927041330  0.00001396003495432  0.00001490787843284
  0.00001597556859296  0.00001714929310839  0.00001848090907545  0.00002003306248783
  0.00002185756200068  0.00002396148844673  0.00002638755883685  0.00002929268958964
  0.00003277095346191  0.00003689548443246  0.00004188037417557  0.00004814556628665
  0.00005608758740628  0.00006718169967300  0.00008182609926618  0.00010162263514733
  0.00013184109504449  0.00017518036243348  0.00024416245797268  0.00036932519971950
  0.00078634448218735  0.00517712285219103  0.09158433790778431  1.00000000000000000
 -0.00238601168912697  0.00958357720763258  0.01906460748365239  0.02944478893765333
  0.03977068924409189  0.05015935692145709  0.06055836506582339  0.07100511119486948
  0.08140620877424747  0.09170123106369396  0.10174201876077454  0.11169099208146603
  0.12196529844598225  0.13247501288982991  0.14368421401317022  0.15461724565580501
  0.16572638818131227  0.17622035676935435  0.18687653992709441  0.19752453685998883
  0.20864369981101449  0.21928441656023173  0.22975965480069691  0.24019265093344289
  0.25054911568485766  0.26087062086640689  0.27130703859516114  0.28198431655064077
  0.29284774879179148  0.30350768385279719  0.31399177849290755  0.32433812149740621
  0.33491741291899901  0.34593186844029949  0.35695927587957610  0.36780990930212515
  0.37850588749038666  0.38909749586666248  0.39967078080959201  0.40991234116307240
  0.42027961382248430  0.43070843519713348  0.44143530002708975  0.45211210008564318
  0.46286985664375907  0.47361699875946334  0.48459194879208783  0.49505160472983467
  0.50532377517667437  0.51537064825129364  0.52585220038719949  0.53616710135788959
  0.54641804103665637  0.55666627080100617  0.56719073184535540  0.57799270894823462
  0.58866060326988490  0.59934142228889908  0.60970250715056651  0.62020090180467446
  0.63052237193089400  0.64060903418512849  0.65098622705946096  0.66147781117301530
  0.67218780654402843  0.68284208566032467  0.69365874196368316  0.70483121111965330
  0.71546666978147211  0.72584045230722649  0.73589171592185421  0.74570117222429633
  0.75579081737020026  0.76594333506055279  0.77610553247708047  0.78624915170640952
  0.79643220726797104  0.80680874119045476  0.81721312394694368  0.82755258885357574
  0.83828158743204007  0.84933357865840065  0.85983344947153284  0.87024618225938632
  0.88068852544062071  0.89203456872815645  0.90337143298911371  0.91477517293734356
  0.92545396954221104  0.93591868901308239  0.94634767466005931  0.95698221977122022
  0.96748919243358278  0.97823523286995406  0.98910032673030079  1.00000000000000000
 -0.00147241617054830  0.02544730866118050  0.04976891890289163  0.07360512620126487
  0.09676585250067721  0.11970788437536670  0.14259465954365638  0.16499896035287151
  0.18709753654634773  0.20893300421408403  0.23033817395587522  0.25117059547606840
  0.27176335920539546  0.29211399169960356  0.31189078075036447  0.33101626050585914
  0.34961888852855083  0.36780714289814798  0.38567546893590060  0.40334564359174951
  0.42075538749881652  0.43787463241871821  0.45481176563526254  0.47137082024046900
  0.48744432309601493  0.50319254892895493  0.51860902099601336  0.53366750741873770
  0.54812687727344056  0.56222074674393341  0.57614742102328076  0.59001790710173796
  0.60376867191685979  0.61723344840586969  0.63030075121804752  0.64301496955932280
  0.65546884794242766  0.66766309302654614  0.67954258686885038  0.69114192375826911
  0.70253457188399149  0.71355195121659754  0.72426984308947939  0.73478321430242155
  0.74520565394928284  0.75546825611919055  0.76544616097428486  0.77517473410656945
  0.78472633454286622  0.79407615747847771  0.80311245802355802  0.81187550698988242
  0.82036701101218212  0.82862795893302288  0.83658300813018671  0.84424647266332709
  0.85173810660637039  0.85915145716616570  0.86641269037290869  0.87357566770508954
  0.88032464032266300  0.88688246431008577  0.89326634930445914  0.89945453410306009
  0.90544686005594111  0.91124642401435352  0.91681123022480238  0.92213160328642507
  0.92726918932830515  0.93228372153424166  0.93714164283809165  0.94170481711738074
  0.94593775069677566  0.95013825208283009  0.95434641535531850  0.95820448387105805
  0.96173185980251608  0.96502828705445809  0.96814912632605066  0.97112800951327427
  0.97401577176616294  0.97681195786349007  0.97945378989989096  0.98190586011452885
  0.98419481863894265  0.98633648998594947  0.98833155578547072  0.99018082186885037
  0.99187008587621706  0.99342665681301812  0.99485050559610255  0.99612909765553204
  0.99724185490473960  0.99819898756231973  0.99911522982120760  1.00000000000000000
 -0.01431469701189563  0.09144316775529834  0.12136684995180902  0.14049581800278482
  0.15561987588202278  0.16906196587473019  0.18169325527643945  0.19342152864394158
  0.20443909216849354  0.21503759959922816  0.22525436271440410  0.23524240404453223
  0.24531742865642600  0.25567475747562313  0.26610452979053567  0.27632825529572425
  0.28624926601088918  0.29595692800199475  0.30564400248824669  0.31528233500141545
  0.32482044213537126  0.33421796041862056  0.34356499442810229  0.35294100722050076
  0.36236588999947722  0.37194322897446808  0.38138199811473295  0.39044777628380289
  0.39935068626129505  0.40805433159342319  0.41689086912243523  0.42608047139587651
  0.43556580462583228  0.44501066563917469  0.45446361866615076  0.46385919993120200
  0.47363566302943938  0.48342160619741703  0.49287245078495295  0.50203114477535082
  0.51112183427747826  0.52014306411376887  0.52908000302093505  0.53768774220794491
  0.54615187220757777  0.55469053836426063  0.56320925490723694  0.57181171117358909
  0.58047345224686597  0.58909286578414644  0.59754430417525217  0.60568555700102411
  0.61361524684683433  0.62153394988668076  0.62944028083719494  0.63723322112213909
  0.64478377521099961  0.65196778032531566  0.65887588216100001  0.66565938024033378
  0.67252848581628288  0.67955315503417979  0.68662380102976306  0.69345786040603641
  0.69994740992180993  0.70634156568931095  0.71286350343663218  0.71965928939310175
  0.72656188013725254  0.73320663066910363  0.73965081678347144  0.74614253914482476
  0.75268128345675722  0.75927042059525640  0.76571529998677323  0.77198366074495872
  0.77815468766959917  0.78425763794525583  0.79036306621204222  0.79683090604495210
  0.80337596200330263  0.80999234591780156  0.81650898724825982  0.82300423958561464
  0.82966000932689898  0.83653482621206743  0.84369744028993443  0.85114366820459331
  0.85890058211328679  0.86707632006627766  0.87580388972696321  0.88555427521198327
  0.89680578204306050  0.91181752976354480  0.93630881187047088  1.00000000000000000
   2.7295254159432001       -1.0000000000000000     
 F F F T F F T F F T F F T F F F F F F F F F F F F F F F F F F F
  <DiscreteSampler_grid>
  grouped_processes
  1 # 1 for a reference and 2 for a running grid.
  10 # Attribute 'min_bin_probing_points' of the grid.
  1 # Attribute 'grid_mode' of the grid. 1=='default',2=='initialization'
  0.0000000000000000 # Attribute 'small_contrib_threshold' of the grid.
  0.5000000000000000 # Attribute 'damping_power' of the grid.
 # binID   n_entries weight   weight_sqr   abs_weight
    10   10   9.780380784670435E+009   2.602394411664009E+020   9.780380784670435E+009
  </DiscreteSampler_grid>
