  0.00000237690542829  0.00000239791366415  0.00000241758389075  0.00000243721619744
  0.00000245661916380  0.00000247671094438  0.00000249981012917  0.00000252530376515
  0.00000255170575077  0.00000257880620846  0.00000260686080165  0.00000263603162404
  0.00000266555244588  0.00000269654473026  0.00000272895085896  0.00000276367145139
  0.00000280117027422  0.00000284096431631  0.00000288261621518  0.00000292525861886
  0.00000296919659499  0.00000301427638821  0.00000306046348996  0.00000310805589879
  0.00000315517291887  0.00000320709201865  0.00000326612293667  0.00000332732984274
  0.00000338939187183  0.00000345325863075  0.00000351891530140  0.00000358713909019
  0.00000365725823374  0.00000373106625817  0.00000381347181527  0.00000390238210808
  0.00000399200589076  0.00000408415225775  0.00000417937440972  0.00000427395387957
  0.00000438305532200  0.00000449984454823  0.00000462027290104  0.00000474413956045
  0.00000487130683421  0.00000500323247789  0.00000515596167443  0.00000531950369867
  0.00000548661271806  0.00000565443227761  0.00000583434776633  0.00000603357483541
  0.00000624255007841  0.00000645643768312  0.00000667756677288  0.00000692600195300
  0.00000719097577253  0.00000746728569539  0.00000774713121517  0.00000806205036663
  0.00000840054357396  0.00000875429163612  0.00000913768811393  0.00000956423785562
  0.00001002611440714  0.00001050063751946  0.00001105451819793  0.00001166199348388
  0.00001230705912402  0.00001301903130327  0.00001378132567704  0.00001460916223768
  0.00001554045659281  0.00001656155468828  0.00001772241536801  0.00001900441026794
  0.00002044424270127  0.00002207211375709  0.00002391651246804  0.00002610148308390
  0.00002860808987339  0.00003147498160641  0.00003482112001841  0.00003892482264151
  0.00004371411163932  0.00004940403758491  0.00005649342841913  0.00006615102990522
  0.00007894785726225  0.00009726233192148  0.00012310902971158  0.00016093574277884
  0.00021606651226927  0.00032298017195643  0.00265459094117074  1.00000000000000000
 -0.00236731677443537  0.00991438618849271  0.02053580224923345  0.03164583227169301
  0.04270878033161620  0.05334926210293267  0.06358487710958811  0.07363191941204804
  0.08375429729071443  0.09415690453378682  0.10478630228222825  0.11551204769236857
  0.12601543265947915  0.13613865392958258  0.14611747774746861  0.15602276756334588
  0.16597484595917511  0.17595533151743212  0.18609241616237215  0.19667323419216418
  0.20745162989113156  0.21779165029783898  0.22838656518307995  0.23932726115595390
  0.25055055203352733  0.26134612578653799  0.27231463159371183  0.28303261656402412
  0.29379222327959109  0.30454438617946594  0.31535798053255187  0.32623434341203911
  0.33705155000014575  0.34808294196850087  0.35891638193111935  0.36965647548799258
  0.38025677853883699  0.39088832333008167  0.40187823307773080  0.41276022137962648
  0.42340278460625658  0.43377501117885647  0.44393343627758064  0.45386802003903576
  0.46378356574086643  0.47377106186119505  0.48370754591640608  0.49370599929561221
  0.50374016795993004  0.51408559994169134  0.52438794646945430  0.53473121604709639
  0.54518704153482567  0.55588549006428090  0.56641045369765874  0.57693638086347043
  0.58753730992023290  0.59848820083682119  0.60922827768699273  0.61986400978667444
  0.63031046232987398  0.64065637495801742  0.65107575527571981  0.66144942382950445
  0.67179107295822549  0.68227106365284407  0.69284530110782849  0.70373964445711612
  0.71453172419230226  0.72547635809519995  0.73613312451057722  0.74682261391835281
  0.75750089406732513  0.76836505797910593  0.77878320860565797  0.78913857419007949
  0.79941825114913523  0.80997496008287129  0.82055235817892491  0.83087250285863035
  0.84129118193317576  0.85160146297334882  0.86225614100153469  0.87303422525508700
  0.88365963459667085  0.89433978328926356  0.90478223705665028  0.91532348227664473
  0.92575101440087837  0.93617715846382366  0.94647906888048494  0.95658985201313362
  0.96728461907610341  0.97819649739080794  0.98923423188728210  1.00000000000000000
 -0.00197863344186367  0.01427647070618769  0.02820266618023725  0.04294593794969849
  0.05763782649741356  0.07239048873461922  0.08692474631729752  0.10123363779469347
  0.11560828834813990  0.13015462693734117  0.14465473545987598  0.15909631544224823
  0.17336427204031790  0.18774130473470690  0.20194800708536578  0.21608111344568826
  0.22968349286391151  0.24302028797046107  0.25637142586275330  0.26987259833706273
  0.28353858595271358  0.29723679517797880  0.31075706138884918  0.32408670189449401
  0.33715110830822720  0.35008334568931609  0.36312284857755034  0.37603524599035587
  0.38864726175244196  0.40108774502131173  0.41379158412220163  0.42614637811424816
  0.43813829558474737  0.44994334151887000  0.46173826318756095  0.47349332124619281
  0.48516926698375612  0.49677545463761463  0.50822345620987364  0.51959483030337905
  0.53091821077968016  0.54212211223161710  0.55322711979277339  0.56441699718219474
  0.57562665458976481  0.58661442219079440  0.59725264446088089  0.60776211717203799
  0.61835155587346979  0.62915605628921967  0.63998062870571126  0.65051213747670089
  0.66091147926630267  0.67103424540425760  0.68100493736363055  0.69075163761425074
  0.70023170060096840  0.70950488237395470  0.71860109290186558  0.72770575623958789
  0.73699818366703196  0.74631738790999425  0.75565975218470582  0.76499548751380508
  0.77426752269174981  0.78351452622866968  0.79271746541461929  0.80184932944894594
  0.81093058089684100  0.81990135607428072  0.82870094691404839  0.83737063785164711
  0.84582664907816096  0.85416093742682730  0.86209337448632151  0.86981437043049048
  0.87738189881304773  0.88479884252843055  0.89209800041533882  0.89927581698099535
  0.90632331393798682  0.91333875140494825  0.92024995119159592  0.92716345181912618
  0.93402109003544043  0.94069843790971908  0.94725542773017701  0.95356034990704563
  0.95973448732163957  0.96581317081892637  0.97163340130752385  0.97736593343333622
  0.98303349919276195  0.98865789538144633  0.99429586530596714  1.00000000000000000
 -0.00819637483965283  0.10231401796912395  0.14104587490331541  0.16437781960926390
  0.18289584739207743  0.19857694777459547  0.21246629317783655  0.22515605825817164
  0.23683120384148237  0.24751759803044196  0.25736312346664147  0.26673163406160516
  0.27559681246686268  0.28410869864952631  0.29224482017368214  0.30000690562578797
  0.30766576649851607  0.31521000242635328  0.32277829446421735  0.33003912086439702
  0.33713754793589196  0.34414081754150089  0.35108330594665293  0.35795172074971687
  0.36474693509142420  0.37142627138932327  0.37791167616986382  0.38418722934101751
  0.39035056590962675  0.39650156379020024  0.40241368943759059  0.40835894080296353
  0.41415132707290975  0.41985886792081795  0.42551907526742305  0.43120402259783136
  0.43680079747781170  0.44222508578221681  0.44751516060473756  0.45278748526793644
  0.45810600956927394  0.46345854932967845  0.46880303525401817  0.47413013087991013
  0.47949921362329834  0.48494337674494320  0.49038266095466521  0.49574142887865508
  0.50103210872416082  0.50650240848892247  0.51184645459966605  0.51718741292081771
  0.52252935105423104  0.52789683355499639  0.53331627229102663  0.53882825478113661
  0.54442772310261500  0.55015570405104819  0.55599032548440996  0.56188169390905340
  0.56788657098920881  0.57396377334419446  0.58008007851287058  0.58632096806546319
  0.59261141956997943  0.59874505268719935  0.60489358547935845  0.61103227409020699
  0.61721277964912324  0.62351236405635069  0.62989364759941469  0.63630760263106201
  0.64274206047576510  0.64909742140037985  0.65543659607289662  0.66187345502752792
  0.66869536940867669  0.67574949131813911  0.68293853714400354  0.69021961420670508
  0.69774160849489519  0.70538705532419621  0.71358959289264745  0.72239898267947789
  0.73151906571168890  0.74118949585120764  0.75121836119646757  0.76190590647207890
  0.77327367727193796  0.78574933326115592  0.79963159246342064  0.81537674927111436
  0.83373446443492505  0.85757942030185597  0.89614442009893813  1.00000000000000000
   2465.2951707464085       -1.0000000000000000     
 T F F F F T T F F T T F F F F T F F F F F F F F F F F F F F F F
  <DiscreteSampler_grid>
  grouped_processes
  1 # 1 for a reference and 2 for a running grid.
  10 # Attribute 'min_bin_probing_points' of the grid.
  1 # Attribute 'grid_mode' of the grid. 1=='default',2=='initialization'
  0.0000000000000000 # Attribute 'small_contrib_threshold' of the grid.
  0.5000000000000000 # Attribute 'damping_power' of the grid.
 # binID   n_entries weight   weight_sqr   abs_weight
    10   10   4.207597131133382E+010   5.068559441856457E+021   4.207597131133382E+010
    16   10   4.212562826387809E+010   5.074060816921036E+021   4.212562826387809E+010
  </DiscreteSampler_grid>
