  0.00000236864159780  0.00000242624485059  0.00000246367758091  0.00000248286260653
  0.00000250678047841  0.00000253244402629  0.00000255914146101  0.00000258801644550
  0.00000261732937178  0.00000264834663940  0.00000267987680583  0.00000271182846302
  0.00000274563439376  0.00000278338376890  0.00000282217117241  0.00000286232379885
  0.00000290347371600  0.00000294533443495  0.00000298787543283  0.00000303145375888
  0.00000307642255571  0.00000312174605680  0.00000316614551779  0.00000321937230001
  0.00000327701584717  0.00000333661068696  0.00000339829521418  0.00000346111468623
  0.00000352587224846  0.00000359250982624  0.00000365838613066  0.00000373270762640
  0.00000381465093243  0.00000390018376730  0.00000398789513340  0.00000407794935510
  0.00000416834474967  0.00000426034960656  0.00000436383683807  0.00000447558388971
  0.00000459288110575  0.00000471433796496  0.00000483836255133  0.00000496400424372
  0.00000510604945261  0.00000525936884613  0.00000541911074945  0.00000558387030633
  0.00000575798436612  0.00000594303199965  0.00000613988625570  0.00000634760147157
  0.00000656286830218  0.00000679067783693  0.00000703759042294  0.00000730944741851
  0.00000758263924298  0.00000787572604335  0.00000819955314444  0.00000854211499339
  0.00000889615494870  0.00000928091475449  0.00000971913512182  0.00001018376238463
  0.00001068112713052  0.00001122230090374  0.00001179842512115  0.00001241251236590
  0.00001311087286167  0.00001385024986113  0.00001463911335663  0.00001554725512795
  0.00001650003581872  0.00001758809255625  0.00001877025084812  0.00002010383070456
  0.00002160758857532  0.00002334635084981  0.00002535511520667  0.00002784338162891
  0.00003072142120064  0.00003400889158456  0.00003784124883973  0.00004235606260782
  0.00004804061743179  0.00005497115711498  0.00006345807036888  0.00007494266553028
  0.00009063599643630  0.00011152737134873  0.00014374880247881  0.00020027596575949
  0.00030750561176368  0.00054793087710781  0.01929104749113039  1.00000000000000000
 -0.00244152366302279  0.00969200704044000  0.02000204131843889  0.03053251918768071
  0.04106978207201584  0.05136421934417655  0.06157748443551022  0.07195295234737457
  0.08268210364316934  0.09364096495542638  0.10449437459805883  0.11591894881460427
  0.12706813568341763  0.13801791962648077  0.14833781604550766  0.15793598224605149
  0.16753296826458011  0.17732539624445903  0.18762140390260179  0.19791618563428925
  0.20771433211685894  0.21782610419742154  0.22782010251675675  0.23864348469125968
  0.24971507076585803  0.26053604186419688  0.27127658305492169  0.28201183028712129
  0.29291170733802585  0.30317702233333466  0.31345390082376645  0.32417347239389416
  0.33459931054067782  0.34483672190604669  0.35483800204693811  0.36528324619402003
  0.37565836859999940  0.38615993284640665  0.39651992917494150  0.40753439954469611
  0.41821719982812139  0.42916854420939998  0.43995724529353369  0.45111886330018797
  0.46207536943696759  0.47276227147252514  0.48301795664287939  0.49326452892740646
  0.50362548583504074  0.51381825682624283  0.52377221767775839  0.53358891773404560
  0.54355962756794540  0.55381244377705263  0.56418177912267009  0.57473433833576515
  0.58526088215707495  0.59536112534528041  0.60560371475982044  0.61586607823988071
  0.62614639811998285  0.63641689831461523  0.64671323169110562  0.65717867112205375
  0.66772889251888001  0.67851278454258301  0.68928088991931535  0.69998925426229719
  0.71089025019552010  0.72194145892170392  0.73294436231261184  0.74358938308358868
  0.75421046989747464  0.76484355816919891  0.77540026299549758  0.78586322203536152
  0.79661302103516651  0.80709252820928223  0.81739665859967658  0.82769073117808778
  0.83818913121510674  0.84904204985918219  0.85972607894497544  0.87025847069248341
  0.88067854964487391  0.89122329591683314  0.90201707900275552  0.91306463033664786
  0.92372901895111781  0.93478084497284797  0.94587264624456968  0.95750755489675343
  0.96816127744370228  0.97895749750548722  0.98937494765035716  1.00000000000000000
 -0.00082195412182165  0.01486161028022099  0.02969028491698716  0.04474450304421869
  0.05981396981110514  0.07505756835429316  0.09023020184345525  0.10513631927038987
  0.11972887431109672  0.13407205094336266  0.14818502188061902  0.16212859155810330
  0.17623635360085282  0.19063770249320552  0.20519670948159846  0.21934911011751015
  0.23315143733035396  0.24669434083436184  0.26036275401472481  0.27409127831875996
  0.28764343379030338  0.30110369502948925  0.31453057169776766  0.32780549952914012
  0.34107018654879934  0.35431159966910297  0.36751679194916120  0.38032957781092108
  0.39308723035402460  0.40564576946066638  0.41833839859488364  0.43091338747088703
  0.44360470974696853  0.45635118218184406  0.46886491758264609  0.48123189886440176
  0.49349047902566145  0.50555659643300621  0.51728295460686302  0.52898452999435142
  0.54083144655443449  0.55252648637102686  0.56401631000809105  0.57538307946734024
  0.58651012123086776  0.59740961910701218  0.60824597030867222  0.61904386132267608
  0.62955364377376266  0.63982404611791399  0.65002624032727307  0.66020038835943462
  0.67015324296353562  0.67993664685715138  0.68975930440094391  0.69960605946973620
  0.70930064892469935  0.71865437532630683  0.72779411826442320  0.73692249801081355
  0.74606448755210464  0.75518787022248268  0.76412559267827329  0.77297840034485588
  0.78179237923329592  0.79053469364170503  0.79922902309881105  0.80788287180668994
  0.81642780264074710  0.82461113296032229  0.83271840680756637  0.84057920573637834
  0.84844374014403290  0.85610032374075618  0.86353808321407588  0.87089667050016717
  0.87818016953068301  0.88545783865462280  0.89266905326423673  0.89981830621597469
  0.90690401741378968  0.91387626191509230  0.92068893443391542  0.92735986090749389
  0.93395431848724098  0.94053116305121609  0.94706959245386435  0.95354386813191205
  0.95987681581985018  0.96601187050163406  0.97203976959722371  0.97784062330190891
  0.98345691118958600  0.98901655260293575  0.99452470246689517  1.00000000000000000
 -0.01192199609988177  0.10656461043163012  0.14361542707432454  0.16644405279465910
  0.18483160152340469  0.20064442859880124  0.21457484056622128  0.22710506024660071
  0.23850885731544397  0.24910501012884334  0.25915112036648241  0.26873207468658911
  0.27758864890323598  0.28601867659775937  0.29409638221419127  0.30185325150092346
  0.30948540830900179  0.31692661323593779  0.32419242899970507  0.33133180852941790
  0.33840728306546758  0.34548319118277809  0.35254536726432195  0.35941984038556901
  0.36614549953079445  0.37272579176183246  0.37913218706261170  0.38542474226742807
  0.39165901345978077  0.39775958699207364  0.40364485879430906  0.40953599034271360
  0.41529563106510226  0.42098744940267152  0.42663156531212881  0.43230122803326260
  0.43802951276991492  0.44371959663855920  0.44927811743676077  0.45471890786401814
  0.46022056525655924  0.46573482095957497  0.47127285687933795  0.47677383202419427
  0.48216688100516680  0.48751927675343537  0.49283668367983180  0.49809638214584084
  0.50328166031196631  0.50843677166492651  0.51360969512882493  0.51889077955592799
  0.52427060949373006  0.52973170657726198  0.53513580887745860  0.54053139326981237
  0.54615761555555087  0.55201076217684264  0.55794919067568038  0.56394613568574337
  0.57000506918910343  0.57614771246234942  0.58238789779029798  0.58863071642783049
  0.59481084896397585  0.60094621601809917  0.60707790215029778  0.61320705685668819
  0.61938967867540895  0.62562109351763018  0.63184222530018341  0.63807934150613588
  0.64441700256801715  0.65087245263624904  0.65745342687294517  0.66414141973374297
  0.67091763620990841  0.67783145513302234  0.68481555879747302  0.69213976980170977
  0.69964401782994401  0.70737203756293776  0.71559277167106072  0.72420765999947945
  0.73321893264580573  0.74257492622712729  0.75260416394034846  0.76334936594209191
  0.77498843043565335  0.78771403226852832  0.80175019272815173  0.81751742477747313
  0.83588737688575887  0.86014074068128521  0.89892034206261451  1.00000000000000000
   2485.5373088467413       -1.0000000000000000     
 T F F F F T T F F T T F F F F T F F F F F F F F F F F F F F F F
  <DiscreteSampler_grid>
  grouped_processes
  1 # 1 for a reference and 2 for a running grid.
  10 # Attribute 'min_bin_probing_points' of the grid.
  1 # Attribute 'grid_mode' of the grid. 1=='default',2=='initialization'
  0.0000000000000000 # Attribute 'small_contrib_threshold' of the grid.
  0.5000000000000000 # Attribute 'damping_power' of the grid.
 # binID   n_entries weight   weight_sqr   abs_weight
    10   10   6.722513294884237E+010   1.060630866621803E+022   6.722513294884237E+010
    16   10   6.725096065620227E+010   1.060728398905340E+022   6.725096065620227E+010
  </DiscreteSampler_grid>
