  0.00000237530278226  0.00000242293925429  0.00000246721251365  0.00000248668131674
  0.00000250845430500  0.00000253363468983  0.00000255885366246  0.00000258542531450
  0.00000261254154150  0.00000264078731645  0.00000267137720163  0.00000270394537903
  0.00000273877218348  0.00000277824546295  0.00000282043003736  0.00000286325303573
  0.00000290599494276  0.00000295078529473  0.00000299633601004  0.00000304355621402
  0.00000309228378309  0.00000314264756058  0.00000319793733611  0.00000325710612146
  0.00000332655783178  0.00000339886032791  0.00000347123795111  0.00000354514493362
  0.00000362548979295  0.00000370979971122  0.00000379722952588  0.00000388992570065
  0.00000398697781709  0.00000408613164881  0.00000418759512538  0.00000428891893757
  0.00000441021941674  0.00000453932657937  0.00000467084555896  0.00000480611524356
  0.00000495312368283  0.00000511900912272  0.00000529783976358  0.00000548081198545
  0.00000566627743232  0.00000587172528669  0.00000610047285479  0.00000634044793481
  0.00000658915853906  0.00000685310417786  0.00000717846388589  0.00000750821250758
  0.00000785818660564  0.00000823450535811  0.00000863466769023  0.00000905676747942
  0.00000951750985586  0.00001002111618918  0.00001055208774671  0.00001114955543703
  0.00001180338834113  0.00001249104051438  0.00001328762300936  0.00001410980279520
  0.00001505215796963  0.00001609890944616  0.00001724750323567  0.00001853305071135
  0.00001994551805818  0.00002150061963730  0.00002317816122151  0.00002499529898033
  0.00002699123399414  0.00002915804399512  0.00003153507568672  0.00003422867092980
  0.00003736939457693  0.00004103392656489  0.00004547800370075  0.00005052959776486
  0.00005679586860929  0.00006448931429925  0.00007366145211525  0.00008523835672700
  0.00009896973742355  0.00011624538399487  0.00013913685828208  0.00016973399857706
  0.00021194624587019  0.00027299992146268  0.00036421016564393  0.00048519759492366
  0.00069460378481469  0.00122853008786188  0.00730846780126893  1.00000000000000000
 -0.00262836064628119  0.00988151437845696  0.01993621916798819  0.02989961551160191
  0.03977666055855469  0.04956116835832419  0.05957350498583237  0.06919086098433821
  0.07882495578787564  0.08830345618491021  0.09783186332093229  0.10780743587096886
  0.11873876568574318  0.12908992135770822  0.13910846646535688  0.14900115950410298
  0.15944099684716787  0.17051566836434387  0.18185828768166135  0.19297501764976668
  0.20390547044692620  0.21462304624636372  0.22506906932957293  0.23537862845802210
  0.24561729222203035  0.25583915074309671  0.26622349693058633  0.27690140084021125
  0.28780392236175251  0.29857687764480145  0.30919229178004648  0.31945499423847229
  0.32955203458926574  0.33948471762952342  0.34954445350156171  0.35932803874991714
  0.36885241243574968  0.37818201211783831  0.38771636970369977  0.39707790128168147
  0.40636550783263592  0.41557199073130119  0.42559095361179650  0.43635446630085339
  0.44727359558631974  0.45840124705840130  0.46965120264615662  0.48076945265254106
  0.49169853883633119  0.50267407019380073  0.51375923147098279  0.52476579622351338
  0.53549947586885183  0.54621006298474195  0.55701516222122904  0.56783789589999334
  0.57881886667153715  0.59006004646314747  0.60183797331549305  0.61358416459064558
  0.62492800972012474  0.63597054761396132  0.64709843333709571  0.65845496572131912
  0.66925527764007620  0.67965290525046984  0.69021814078376753  0.70128635329083899
  0.71245194002759638  0.72339006121050231  0.73437525482492672  0.74558968621217603
  0.75714472546327372  0.76845843805217051  0.77944272608288501  0.78972465347566068
  0.79993996635592124  0.81012044261595606  0.82059937758142476  0.83169542542623298
  0.84306699128924156  0.85434559595911796  0.86528714758722980  0.87615015893331594
  0.88727390412070350  0.89857026490273362  0.90957918022499284  0.92034649455084383
  0.93056571917038844  0.94050439412997389  0.95005638005328297  0.95940960857189639
  0.96929241062080806  0.97926276516219857  0.98969879469478372  1.00000000000000000
 -0.00061208881227107  0.02307241730781796  0.04512292336875409  0.06680632804247606
  0.08809635902719101  0.10880408686205796  0.12914885867019324  0.14921315753379774
  0.16907148677881467  0.18883736141973828  0.20855599363612576  0.22759733141614119
  0.24632838781462016  0.26455733941364173  0.28252863147277474  0.30043618506947078
  0.31815825528890312  0.33550356648250584  0.35226105526567886  0.36879734457976998
  0.38518971035937516  0.40142385921317342  0.41731381730449557  0.43282226905558169
  0.44815538811411443  0.46334301783370391  0.47818344304539684  0.49301836174730668
  0.50769571466634944  0.52205541930401389  0.53605676099733313  0.54965409621117156
  0.56297968838160928  0.57606379628197713  0.58887920849203879  0.60134057519040418
  0.61378048549933695  0.62633119902951095  0.63878050069298209  0.65089328964330906
  0.66266276874222163  0.67412167256752464  0.68523619117570156  0.69613303075801025
  0.70686348560089396  0.71745115680814031  0.72796618363115650  0.73828740644113078
  0.74844142653558621  0.75827711066962455  0.76809536532267297  0.77788497432071846
  0.78759066729036364  0.79703896666654683  0.80631245424203213  0.81528941065468685
  0.82391177129205706  0.83220638265516755  0.84015932578203789  0.84790361872733433
  0.85551126801003285  0.86294597631240078  0.87021882131472350  0.87731843841607082
  0.88429493385575542  0.89116836446756031  0.89775126383652004  0.90397610947921903
  0.90985132606787478  0.91565266428403325  0.92108482639051170  0.92637406171121361
  0.93155900708513684  0.93657992938768897  0.94130290503080816  0.94584924267582637
  0.95033050419340570  0.95459026003692904  0.95853131924382839  0.96214981066499106
  0.96549444845475951  0.96880931422373096  0.97209639239806689  0.97530703950566211
  0.97840886681920380  0.98133114098132979  0.98388799160225160  0.98630701770132445
  0.98862279141570686  0.99081946497211337  0.99266315204398026  0.99437161420389841
  0.99595220568476195  0.99735109911984510  0.99868777826525390  1.00000000000000000
 -0.00455401199915881  0.08532971018072799  0.11499794075732769  0.13455112437030470
  0.15030715988052468  0.16372244963734514  0.17595533041148659  0.18742498593716231
  0.19841125475561447  0.20886405626192869  0.21916785531017852  0.22948801551948012
  0.23998505186132132  0.25021154216794350  0.25975817858600470  0.26896993506744421
  0.27810574436504976  0.28736377566213134  0.29650897751686583  0.30550264434297836
  0.31449204917371504  0.32350862893029952  0.33250366681457044  0.34133416383736248
  0.34995634203904630  0.35875727619420239  0.36788367760119117  0.37724686203796709
  0.38670946869239053  0.39598385092096250  0.40491436402378023  0.41372455316675599
  0.42304037800140715  0.43271941334110015  0.44236289821601571  0.45189791438928073
  0.46159123411606195  0.47118200020198453  0.48064060285931465  0.49001107308166264
  0.49966665602923815  0.50960365680448350  0.51902067225984405  0.52794063572486971
  0.53679785221974652  0.54588674688923167  0.55513259700527084  0.56412874404990654
  0.57281768333027594  0.58146417446905341  0.58977950894589792  0.59766349147242048
  0.60516631269739907  0.61223531617376126  0.61933649801329316  0.62683180132065097
  0.63462953952863044  0.64220874014165297  0.64947209208167922  0.65681615092202428
  0.66422099643529375  0.67157139188209769  0.67900338959094841  0.68631092349999001
  0.69285837671131811  0.69984217689902473  0.70711759595480139  0.71426397232193684
  0.72128592537045411  0.72816233928304508  0.73496845511887010  0.74173590930099598
  0.74858180198071744  0.75558502214217060  0.76253988311565379  0.76937637342189780
  0.77617868183299898  0.78298121063706716  0.78997056931774878  0.79670763083364393
  0.80336373013763696  0.81005311034053351  0.81681663224731038  0.82368327243335482
  0.83069487813453824  0.83794854192152390  0.84540766126859090  0.85315255031433546
  0.86143810473952787  0.87033750838984181  0.88004697030932910  0.89093690315176899
  0.90349548502364585  0.91957255775611990  0.94494559012565937  1.00000000000000000
   5.4686591108922373       -1.0000000000000000     
 F F F T F F T F F T F F T F F F F F F F F F F F F F F F F F F F
  <DiscreteSampler_grid>
  grouped_processes
  1 # 1 for a reference and 2 for a running grid.
  10 # Attribute 'min_bin_probing_points' of the grid.
  1 # Attribute 'grid_mode' of the grid. 1=='default',2=='initialization'
  0.0000000000000000 # Attribute 'small_contrib_threshold' of the grid.
  0.5000000000000000 # Attribute 'damping_power' of the grid.
 # binID   n_entries weight   weight_sqr   abs_weight
    10   10   5.324120199682954E+010   2.348204034353955E+022   5.324120199682954E+010
  </DiscreteSampler_grid>
