  0.00000240098211161  0.00000250561180621  0.00000257346769650  0.00000263195513615
  0.00000269349230202  0.00000275596109906  0.00000282649632673  0.00000289838966326
  0.00000297075584473  0.00000304537956572  0.00000312243819867  0.00000320345497498
  0.00000329143505775  0.00000338708034002  0.00000348373262311  0.00000358267008974
  0.00000368692552785  0.00000379849762499  0.00000391781178154  0.00000404162073739
  0.00000416905801457  0.00000430211308159  0.00000444527170468  0.00000460328521482
  0.00000476284482784  0.00000492642852390  0.00000510618489276  0.00000530259928909
  0.00000550300526807  0.00000570579911970  0.00000592840585435  0.00000616801495489
  0.00000641444371559  0.00000666811675299  0.00000694002982254  0.00000723721493541
  0.00000753899270824  0.00000785000075561  0.00000820043008876  0.00000857057973854
  0.00000894763815527  0.00000934183502543  0.00000979305146370  0.00001024498577073
  0.00001074141143554  0.00001127990641982  0.00001184398236447  0.00001244269388363
  0.00001310060622108  0.00001379066398491  0.00001450495141843  0.00001532170200494
  0.00001615082109023  0.00001705345193482  0.00001801661441527  0.00001902027453576
  0.00002011535309664  0.00002130230089675  0.00002253891103955  0.00002391358353505
  0.00002538978104992  0.00002696233253118  0.00002883410414877  0.00003079255246904
  0.00003309116974138  0.00003548001963764  0.00003806774551657  0.00004078191601655
  0.00004375057256803  0.00004705001398865  0.00005073123975289  0.00005477915685175
  0.00005922739226562  0.00006420501070057  0.00006996805728245  0.00007649620660527
  0.00008376532786915  0.00009192113129121  0.00010163987495020  0.00011270846596458
  0.00012568677297086  0.00014073824984571  0.00015805024375523  0.00017752046138673
  0.00020002732087749  0.00022676549063951  0.00026504326459726  0.00031475738550046
  0.00036695772148328  0.00043174766905442  0.00051612046143748  0.00060090694302104
  0.00145037370686387  0.00205883572474876  0.00248123391736525  1.00000000000000000
 -0.00252856030855346  0.01020593829920714  0.02055329311553509  0.03111773719897290
  0.04184455345571010  0.05261727984232014  0.06338434607651817  0.07396324268538286
  0.08440216735465235  0.09474727815383575  0.10524912724002876  0.11591630106721064
  0.12672040015107983  0.13739800575732400  0.14782824688825949  0.15823244539224302
  0.16863312559917479  0.17930483914966341  0.18981367999345336  0.20030847146326042
  0.21097744906466770  0.22179335714382967  0.23241908802945491  0.24274610508914551
  0.25318367842846662  0.26367723721861186  0.27415420363402271  0.28459201827885200
  0.29522278967152610  0.30594606250756073  0.31661289297076883  0.32709535460862776
  0.33755854317161110  0.34798017755860611  0.35844777237411118  0.36892438306262604
  0.37931723740213852  0.38965038172193095  0.39999988927420826  0.41060588573830392
  0.42119642449620476  0.43182366574691305  0.44231132638242865  0.45293119901648482
  0.46343162986684583  0.47383202429318438  0.48422489310810823  0.49468182161245366
  0.50534195562045914  0.51593781019545837  0.52654607168496603  0.53702757479507024
  0.54732921144596292  0.55746127781513222  0.56752912954289780  0.57764328173524127
  0.58779581819034332  0.59791689035667406  0.60819624517037796  0.61854697210136789
  0.62895683116880252  0.63937591559481066  0.64980486433169038  0.66018842323045468
  0.67078311832764081  0.68150352349987131  0.69217361692661206  0.70271604373358332
  0.71333259086106360  0.72408722255679991  0.73466538383622171  0.74548084664406944
  0.75614581799050395  0.76690985140273249  0.77741405265099728  0.78791972249688491
  0.79835124634692156  0.80878629825297876  0.81931990477761552  0.82996776400250905
  0.84076165497246114  0.85201258193436857  0.86321225548671920  0.87403235658580802
  0.88447183346130642  0.89485465804455588  0.90523718646371376  0.91576220842449296
  0.92628856665682036  0.93706196102740158  0.94740223849076877  0.95796076761239257
  0.96847636684908944  0.97922943975017696  0.98960255163642874  1.00000000000000000
 -0.00082951250900555  0.01552004067474508  0.02999148897815482  0.04449679188965110
  0.05858848207313679  0.07240371817022821  0.08588957087807728  0.09912465074184806
  0.11221924277997669  0.12528614471810212  0.13850970527469525  0.15152498363419473
  0.16438597969268051  0.17729529626084622  0.19017038275726117  0.20285258580899751
  0.21536857179638139  0.22778708601359093  0.24001707109832315  0.25221550636769052
  0.26442489835570582  0.27653736584213262  0.28852153852144963  0.30041825683797718
  0.31229891241584423  0.32405590201788903  0.33569245580890483  0.34720674707510307
  0.35865649538127242  0.36996945392303010  0.38111234128168103  0.39214224102348316
  0.40312753130493539  0.41423362289166554  0.42524949443866517  0.43607533252863745
  0.44673930799738831  0.45738506448549393  0.46807916794035836  0.47880803827470736
  0.48942357887588461  0.49997849886308304  0.51042751442735401  0.52094311556654394
  0.53139390037846690  0.54170089722324977  0.55186411432530191  0.56201729567004222
  0.57205303185197698  0.58200596074427280  0.59191710308511791  0.60187725052398822
  0.61178267507237072  0.62164621483949689  0.63123380545639263  0.64076054518826353
  0.65022659839552455  0.65964996952031374  0.66894870311220367  0.67806909865436560
  0.68712199456454581  0.69617831068116154  0.70522710020428581  0.71427227256843351
  0.72333641432170570  0.73241804719576931  0.74148851465013588  0.75047466290917653
  0.75928059541813564  0.76800383591040733  0.77667187078583610  0.78529956402860124
  0.79383255356300642  0.80225209435177958  0.81062640453585633  0.81919178623670064
  0.82771360221278156  0.83626684791169459  0.84476839486860322  0.85336770260306316
  0.86207495842372006  0.87075857665338607  0.87934470481704041  0.88782633427448332
  0.89626070527325397  0.90468095003984350  0.91304029535636300  0.92138472474129940
  0.92971617730411849  0.93834619707912292  0.94738705447421834  0.95658810332671262
  0.96606327069633124  0.97587145070055470  0.98734948253565225  1.00000000000000000
 -0.00832466131340401  0.09245108923762897  0.14862597957130549  0.17992026151512958
  0.20411038132645218  0.22468937766462277  0.24254875674122967  0.25890693899084877
  0.27410504112537859  0.28843849113492021  0.30192170173202648  0.31475747770264167
  0.32716581417098073  0.33904436360596463  0.35058394395922171  0.36200279223425580
  0.37325776902374114  0.38411916957018394  0.39474744963498587  0.40527313780458518
  0.41560237026042973  0.42579716295128028  0.43585618731527137  0.44584969983542083
  0.45571321851010022  0.46532909481860812  0.47475592306193137  0.48407581307557207
  0.49336082588453084  0.50255713049829187  0.51146371327094242  0.52019852471343164
  0.52879850949267748  0.53734968492403590  0.54578555139223439  0.55413427032011031
  0.56248365670038358  0.57083095329899092  0.57912094250941049  0.58727589482929365
  0.59527866998249312  0.60313643719522292  0.61091189218216135  0.61862307300675579
  0.62640070797672731  0.63402608292776064  0.64153963380123691  0.64868369184993613
  0.65564386079087555  0.66256685313556074  0.66939161781898349  0.67611259633560283
  0.68277953517236989  0.68938388451400157  0.69588996380088552  0.70226547655209604
  0.70851875245200757  0.71470398024861659  0.72088109296698077  0.72704501201494010
  0.73310720588783573  0.73905625418001220  0.74491039495536004  0.75062900750345218
  0.75627462737762630  0.76183951328643662  0.76741107726397972  0.77298514103588434
  0.77853511603774705  0.78402984237252527  0.78944696853936525  0.79480825303721403
  0.80013832856223643  0.80546199676521535  0.81076498881022896  0.81608210943895887
  0.82140679077805856  0.82676778578480037  0.83215878652582487  0.83751957691755308
  0.84279739538099019  0.84802857615677718  0.85336541433936153  0.85882782211225717
  0.86438811859577780  0.87002722204957561  0.87580585449897985  0.88196046899881553
  0.88840390347462950  0.89530277198230723  0.90303163212618942  0.91178319824786991
  0.92211391865885806  0.93521041387764803  0.95516205665764276  1.00000000000000000
  0.43953603489699061       -1.0000000000000000     
 F T T F F F F F F F F F F T T F F F F F F F F F F F F F F F F F
  <DiscreteSampler_grid>
  grouped_processes
  1 # 1 for a reference and 2 for a running grid.
  10 # Attribute 'min_bin_probing_points' of the grid.
  1 # Attribute 'grid_mode' of the grid. 1=='default',2=='initialization'
  0.0000000000000000 # Attribute 'small_contrib_threshold' of the grid.
  0.5000000000000000 # Attribute 'damping_power' of the grid.
 # binID   n_entries weight   weight_sqr   abs_weight
    10   10   2.318072238599094E+009   1.651645820108143E+019   2.318072238599094E+009
    16   10   2.342233472458184E+009   1.655318994606626E+019   2.342233472458184E+009
  </DiscreteSampler_grid>
