 -0.00036774962361923  0.02841803162209579  0.07488096269334246  0.11854437552553093
  0.14830763941854397  0.17313290509431689  0.19872816603863547  0.22365665968953566
  0.24760989123335561  0.26426605044577167  0.27905045384005361  0.29002909993749210
  0.30087479140995693  0.31041498164862030  0.31995517188728367  0.33026066016949313
  0.34080136693748109  0.35158313633655708  0.36244879897281290  0.37479193819777890
  0.38748091285992575  0.39957132828642816  0.41154013543025525  0.42327756492717200
  0.43826895195639753  0.45617256668378214  0.47429506425431522  0.49253739983706191
  0.51013817244636417  0.52746777078749485  0.54240180010166572  0.55608652445221685
  0.56975254780795082  0.58315703951253517  0.59656153121711941  0.60993385243937526
  0.62326212295866512  0.63659039347795510  0.65218334026133196  0.66848254730250578
  0.68393179641056612  0.69878377242986056  0.70268091067383232  0.70364716246636982
  0.70504764103559225  0.70659540518864783  0.70814215304530637  0.70991364600827056
  0.71304704044840383  0.71658217380900935  0.72027630504902018  0.72394915336306653
  0.72811707628415556  0.73268947686859398  0.73786050201976494  0.74308121744711519
  0.74712101716939217  0.75105646155112049  0.75499583567137729  0.75962107692767677
  0.76406593694131364  0.76839522726252896  0.77203921774811424  0.77574313604057799
  0.77955120735988792  0.78461789644715196  0.78973562159953559  0.79456694605067202
  0.79924412117589805  0.80390722419399596  0.80857829891453181  0.81338953011265280
  0.81905091051566459  0.82530168633598244  0.83005140394144539  0.83425465949537558
  0.83808651307245408  0.84213693241583631  0.84639019780581382  0.85065583452523563
  0.85464136746809272  0.85909849149978645  0.86512471208282749  0.87105699303477346
  0.87805652783536037  0.88527299987401542  0.89119098560248011  0.89720743442477890
  0.90648508275746764  0.91860486525572138  0.92779427625856881  0.93579645474732465
  0.94377273975385234  0.95661132233243651  0.97572742700032633  1.00000000000000000
 -0.00415667772314149  0.01147536159888311  0.02571505349905466  0.04034494471035813
  0.05302658881147163  0.06725018443894484  0.08528286353553025  0.10602919971625746
  0.12422674162762379  0.13809134953082036  0.15167353255393426  0.16433663403254423
  0.17519903011427929  0.18725157058607755  0.19925549476590110  0.21056640138452951
  0.22353681545061460  0.23600701871523563  0.24970167255138084  0.26345182942808654
  0.27720432065002493  0.29054497614725677  0.30742190963034216  0.32531192690135574
  0.34351416659630618  0.35526921419428809  0.36417847365810857  0.37217009974753457
  0.38040997141037414  0.38637138976204571  0.39239757367893568  0.39814357596813188
  0.40355627744618405  0.40788002191853889  0.41444158927407293  0.42578934027943632
  0.43750003955162342  0.44951530772551213  0.46236929777610325  0.47650043634397499
  0.48984913440460043  0.50217283145156155  0.51488252663446765  0.52980296477963718
  0.54733533933564527  0.56212351211090450  0.56938495604249362  0.57496989275344323
  0.57951832658815683  0.58392798243710442  0.58842498058155868  0.59405371965502951
  0.60218994394505387  0.61106590261961569  0.62119941220589070  0.63449605412329246
  0.65047227793587470  0.66560832784322210  0.67919797679934724  0.69366203122588044
  0.70927659026515488  0.72514953547222882  0.73967541796595204  0.75333849512874929
  0.76616418777141915  0.77983254124599677  0.79614969910681244  0.81170233638240885
  0.82521014877525756  0.83686527674264199  0.84567472137362898  0.85204518518143224
  0.85908336397485752  0.86712263874940121  0.87721696432052843  0.88822358244806821
  0.89633864044004341  0.90225461930077233  0.90645772857550355  0.90924454954488410
  0.91203869333460696  0.91461124770037694  0.91710363561241326  0.91933461895016844
  0.92147711819304579  0.92368047665626729  0.92595517523001791  0.92848677743258690
  0.93128078828281591  0.93442096195034274  0.94461797924787849  0.95254168971503217
  0.96045550827746318  0.96980826189859215  0.98197687756326824  1.00000000000000000
  0.00275457955340105  0.01470131638636730  0.01897219252956693  0.02287643794465063
  0.02683057450427927  0.03074883319860122  0.03609454915495514  0.04155902634315822
  0.04618971413634861  0.04989770804809385  0.05348617518038810  0.05707455370028212
  0.06179385538190177  0.06684020782308907  0.07201300737071646  0.07677106529031416
  0.08150252356267722  0.08622997159408807  0.09164957864738842  0.09678829565199133
  0.10182417711127320  0.10717120324244210  0.11245149189094199  0.11782107487322380
  0.12341455052485557  0.12716368261484851  0.13091121249163315  0.13474434749594452
  0.13858069272910187  0.14246561382814379  0.14660738356926914  0.15230168702475697
  0.15796325312503814  0.16386337378809948  0.16982491992309320  0.17538030249818415
  0.18311340391506636  0.19082269184283723  0.19848269661159218  0.20671609941072197
  0.21432592217364402  0.22162202459550934  0.23011154884589138  0.23824666733549166
  0.24640964496767465  0.25566910814221311  0.26460514922886447  0.27419277684947596
  0.28394101522850440  0.29306525420839841  0.30223095061845928  0.31117912187360963
  0.31990868313582416  0.32846597885611029  0.33698217870097646  0.34551821873343330
  0.35640396362406940  0.37051221072953178  0.38450155246555423  0.39831854259727228
  0.41354503633634393  0.43153568888852240  0.45326781015366108  0.47596437975776890
  0.49886252796571046  0.52229913794207927  0.54552732016922301  0.56792740385734619
  0.59160969248347417  0.61617650283345005  0.64423766311941555  0.67242482591378172
  0.69970559046226610  0.72929049385773603  0.76054877453400227  0.79399844790789831
  0.83065972030572877  0.87123057496636169  0.91630481383445672  0.95244007622834381
  0.95976889012069755  0.96196411929059555  0.96435640590403882  0.96671546206245884
  0.96914225636657458  0.97182521672216848  0.97455813892785936  0.97745823845487123
  0.98005277096293619  0.98264645373417725  0.98505087368159616  0.98770395886831630
  0.99030506709522781  0.99293922230970810  0.99593662923146797  1.00000000000000000
 -0.01162398392459892  0.08654339045720913  0.13474255519070635  0.17069862377493639
  0.17855953294766611  0.18598711587629041  0.19182389498303487  0.19752639113020440
  0.20420064994534959  0.21632217277462579  0.23709214202889520  0.25731663154850370
  0.27186552615490717  0.28554176426441336  0.29882444525980101  0.31032556609678763
  0.31890291726514408  0.32819137342928711  0.33847417425774362  0.34847234496173202
  0.35768863317287908  0.36781763297206971  0.37964978803986621  0.39031592133284554
  0.40324208326620037  0.41655218355663398  0.43061996901056454  0.44377332335473313
  0.45684175086992673  0.46965351963126495  0.48100626671963093  0.48977449931824829
  0.49622130533072506  0.50314449377001524  0.50995203742510120  0.51613473164595025
  0.52514692176391775  0.53561913512550974  0.54610398173504693  0.55426537088777450
  0.56135292103309475  0.56776633652533837  0.57524937505066864  0.58569715847904424
  0.59725057188535302  0.60787836710657139  0.61630093403156638  0.62328629814846082
  0.63081095329188475  0.63515496287765794  0.63885321262119787  0.64256880743603173
  0.64600545052231262  0.64949298078381124  0.65311375651195180  0.65626085797620981
  0.66251669123079582  0.66942785031885788  0.67695830870045726  0.68548078552646485
  0.69586135899415391  0.70769121446871419  0.71760548958162240  0.72758577404287128
  0.73707011480212947  0.74643117354265642  0.75606316441944543  0.76524351999302698
  0.77601937882720240  0.78481015442897417  0.79080482942133523  0.79631228193599057
  0.80100015292709092  0.80488378288678830  0.81027291026464920  0.81675459129650085
  0.82311696125618705  0.82944497225028757  0.83655860293239670  0.84479694337394107
  0.85508871530185770  0.86398072361651934  0.86621380586457664  0.86921451624083668
  0.87197814718401601  0.87478149115123216  0.87777459360190180  0.88066689584446312
  0.88346938757125615  0.88653061008442513  0.88972450234860578  0.89542934909082295
  0.90383119681077895  0.91295892615225105  0.92821869485945296  1.00000000000000000
   2.7445308293068201E-032  -1.0000000000000000     
 F T T F F F F F F F F F F T T F F T T F F F F F F F F F F T T F
  <DiscreteSampler_grid>
  grouped_processes
  1 # 1 for a reference and 2 for a running grid.
  10 # Attribute 'min_bin_probing_points' of the grid.
  1 # Attribute 'grid_mode' of the grid. 1=='default',2=='initialization'
  0.0000000000000000 # Attribute 'small_contrib_threshold' of the grid.
  0.5000000000000000 # Attribute 'damping_power' of the grid.
 # binID   n_entries weight   weight_sqr   abs_weight
    10   10   1.132254223640155E+008   1.557247484969647E+016   1.132254223640155E+008
    11   10   1.132254223640155E+008   1.557247484969647E+016   1.132254223640155E+008
  </DiscreteSampler_grid>
