  0.00000236808429288  0.00000241698490070  0.00000247051312177  0.00000252408977820
  0.00000258025670349  0.00000264042823034  0.00000270066372947  0.00000276507825959
  0.00000283462979829  0.00000290690797902  0.00000298036882007  0.00000305565987199
  0.00000313283636376  0.00000321140652272  0.00000330433224634  0.00000339873699980
  0.00000349461378040  0.00000359237267405  0.00000369689022471  0.00000380981713003
  0.00000392909745974  0.00000405338101222  0.00000417993398565  0.00000431348114231
  0.00000445771379741  0.00000461260589492  0.00000476973303175  0.00000493221787960
  0.00000510883036758  0.00000530081706853  0.00000549996507148  0.00000570402255321
  0.00000592251820800  0.00000615928421211  0.00000640439804581  0.00000665373986645
  0.00000691939391910  0.00000721196520927  0.00000751520529126  0.00000783420829824
  0.00000818076133799  0.00000855444021169  0.00000892994628483  0.00000934331730823
  0.00000978484607609  0.00001024714470587  0.00001073142680050  0.00001127431323190
  0.00001183344483278  0.00001242600106253  0.00001306898026070  0.00001375340095393
  0.00001446178076621  0.00001528055730420  0.00001611964308297  0.00001706728138106
  0.00001808817020516  0.00001917372721616  0.00002033167344105  0.00002156352541367
  0.00002282884062050  0.00002435370481787  0.00002595340632048  0.00002774041069865
  0.00002961198525781  0.00003164023440987  0.00003382026940180  0.00003614999044995
  0.00003869999609142  0.00004151087324010  0.00004474114806407  0.00004828968018587
  0.00005235563517319  0.00005681877554995  0.00006187015160031  0.00006746926612480
  0.00007349732315531  0.00008042385617273  0.00008846289183383  0.00009737555991703
  0.00010683787417391  0.00011811314640942  0.00013095489133033  0.00014659985012619
  0.00016518194790492  0.00018662197026219  0.00021162406639234  0.00024370842863946
  0.00028106181534442  0.00032864728672973  0.00040541353862955  0.00051735359505870
  0.00060282836559260  0.00156788847551687  0.00354771961051564  1.00000000000000000
 -0.00240949543165928  0.00921464215624192  0.01920831920077848  0.02945096098539579
  0.03984112897912691  0.05086412501945425  0.06207394508620086  0.07322610224642261
  0.08410568835131134  0.09487074712580874  0.10573809647990652  0.11667497296057419
  0.12729984167202080  0.13766829199570882  0.14797610898188471  0.15833120877618032
  0.16866080229450392  0.17889966476397129  0.18933472083269889  0.19984511666066512
  0.21051553610904450  0.22107311803643087  0.23172118901994690  0.24222823384517983
  0.25284521486826073  0.26328608108080848  0.27376665706513131  0.28422888265471752
  0.29467071194771355  0.30506914404329677  0.31568133399252229  0.32648376032818177
  0.33713765529149448  0.34746849107221922  0.35768577722613693  0.36787131222905345
  0.37819832062429304  0.38848965238661903  0.39893419780102946  0.40919557912334215
  0.41943291090041795  0.42987524275454886  0.44021581314205227  0.45052487413674464
  0.46067056098983084  0.47106948129681686  0.48174706080861673  0.49254531843344967
  0.50325654514725549  0.51379661011185440  0.52431384076462495  0.53478566033344310
  0.54527787743424738  0.55556079366960898  0.56590144642156193  0.57635526343338628
  0.58693263324576994  0.59753293849034506  0.60813714906629457  0.61877547173505132
  0.62947862424841239  0.64016084553387409  0.65088410983185685  0.66158702743636233
  0.67229940417868239  0.68296649030736012  0.69337569171181457  0.70367179306851890
  0.71409987867334335  0.72468879813700970  0.73523766169542282  0.74582009785946313
  0.75639319697374408  0.76705574196967441  0.77759255441230968  0.78834104804256799
  0.79930441382472650  0.81050092277764796  0.82147517851667218  0.83219287231065331
  0.84279217632248782  0.85324643963419833  0.86368176356920057  0.87404870237718524
  0.88473329637428721  0.89546119402634983  0.90626670858633429  0.91685260000312119
  0.92725130939823075  0.93761882488104942  0.94809816213199982  0.95847975436953792
  0.96872127199958036  0.97900394189808948  0.98945669070429876  1.00000000000000000
 -0.00138840673896101  0.01475597832098162  0.02918297725340833  0.04394213045237509
  0.05843098624506585  0.07267232709056919  0.08642502530677407  0.10004046462428694
  0.11363804875387039  0.12717740189949833  0.14070460204650667  0.15413783057792546
  0.16731045030585165  0.18021765198410430  0.19293803509441665  0.20553424511646570
  0.21809690134661008  0.23042499339028016  0.24267245731112641  0.25460016682191705
  0.26624725148002615  0.27773024671540503  0.28901458579746997  0.30036309237782349
  0.31179724250517782  0.32357635591358064  0.33533702474819860  0.34702093213018176
  0.35864057666360183  0.37024747068947833  0.38163781888086978  0.39276592652284081
  0.40372600092429139  0.41466100440608566  0.42572568795234078  0.43672634707837493
  0.44759103744591333  0.45836283562059937  0.46919756179094252  0.48007162166834449
  0.49076039568543328  0.50119630962864070  0.51144542646854296  0.52162059221361101
  0.53180436019296873  0.54199837054975974  0.55217163321027074  0.56219703134669541
  0.57195076478423634  0.58160038409062054  0.59133548043004203  0.60113025492629413
  0.61081838858268656  0.62040967577275963  0.63005688509627666  0.63964975619777820
  0.64904147778748045  0.65819587450734029  0.66734390917045816  0.67653708402254054
  0.68571925652222820  0.69476925611734253  0.70375508013328048  0.71270185168555078
  0.72164272732962076  0.73048683304821704  0.73934813789187226  0.74825891658882226
  0.75712120485219114  0.76600420178232875  0.77482097174507869  0.78368595470570102
  0.79237553170844621  0.80087032928595192  0.80933316591585114  0.81778801957707148
  0.82632224480659999  0.83486993042190649  0.84333982550784692  0.85185533141128922
  0.86024278597605730  0.86861870630625793  0.87705141063839176  0.88558303879022127
  0.89415063814827223  0.90268761237414308  0.91122576202767336  0.91983614135525893
  0.92863874096528809  0.93758650738770744  0.94667369386867295  0.95590056836272097
  0.96578901511299342  0.97601812340796168  0.98768079039607948  1.00000000000000000
 -0.01105936692670814  0.09401883793882454  0.14943232956667116  0.18064182039954005
  0.20481722676317274  0.22512343234011192  0.24275787155830111  0.25894368974725573
  0.27401977873665162  0.28836637963281214  0.30204683812162997  0.31514862145002681
  0.32776191139050337  0.33996513865751327  0.35184276679224546  0.36324599666659829
  0.37435412276839397  0.38507895907195860  0.39564154542649255  0.40600039721281156
  0.41622685698130857  0.42627661486418555  0.43629309051396331  0.44621452402589723
  0.45605591224641168  0.46570677905492092  0.47517390138505372  0.48456402416746930
  0.49386850776065616  0.50312312944669524  0.51232043771775837  0.52133434232244069
  0.53021539357785541  0.53896025536394065  0.54763829934198505  0.55610013758895160
  0.56454744267384904  0.57275424481975268  0.58093519156545181  0.58898144039353761
  0.59694924280780037  0.60483116598458864  0.61248618028342072  0.62013092521781954
  0.62760163395945734  0.63502899373171373  0.64243563316695440  0.64966024933622224
  0.65665051317148448  0.66351928682631822  0.67024458962761935  0.67697052740962282
  0.68363482204186854  0.69021269939526553  0.69671373225380584  0.70313501421870050
  0.70948555098673471  0.71571890181651965  0.72183844096551697  0.72788745757765405
  0.73382896612354920  0.73968893261288526  0.74551327546012480  0.75128652969190546
  0.75702261025007400  0.76265440366480031  0.76823418875558003  0.77365124923301154
  0.77898369899647668  0.78440927807979721  0.78983874710482793  0.79524364275351900
  0.80056961836764917  0.80580004240842418  0.81092028417834838  0.81609155321400528
  0.82127479109261481  0.82648311240621508  0.83175215513279865  0.83711218315021452
  0.84254588647512596  0.84794297584570000  0.85339745522241794  0.85897548877232344
  0.86467066438569851  0.87046510693900825  0.87645776132281406  0.88271538888403867
  0.88918465185086981  0.89611354934672627  0.90382151764663954  0.91243813228856430
  0.92258637237936170  0.93563701908843344  0.95567021624999271  1.00000000000000000
  0.43321966529157796       -1.0000000000000000     
 F T T F F F F F F F F F F T T F F F F F F F F F F F F F F F F F
  <DiscreteSampler_grid>
  grouped_processes
  1 # 1 for a reference and 2 for a running grid.
  10 # Attribute 'min_bin_probing_points' of the grid.
  1 # Attribute 'grid_mode' of the grid. 1=='default',2=='initialization'
  0.0000000000000000 # Attribute 'small_contrib_threshold' of the grid.
  0.5000000000000000 # Attribute 'damping_power' of the grid.
 # binID   n_entries weight   weight_sqr   abs_weight
    10   10   4.194260523677098E+009   7.248010610163548E+019   4.194260523677098E+009
    16   10   4.207389052285161E+009   7.295255722526718E+019   4.207389052285161E+009
  </DiscreteSampler_grid>
