  0.00000237138137773  0.00000240969116119  0.00000244087614742  0.00000246567809266
  0.00000248094148180  0.00000250052949230  0.00000252273331014  0.00000254509086747
  0.00000256886236282  0.00000259380703611  0.00000261977465987  0.00000264702210818
  0.00000267559956687  0.00000270508286338  0.00000273498231145  0.00000276806883088
  0.00000280405143119  0.00000284208348916  0.00000288128196879  0.00000292141504161
  0.00000296226734323  0.00000300403899743  0.00000304710387764  0.00000309097710190
  0.00000313516177933  0.00000317997548828  0.00000323329135134  0.00000328914165558
  0.00000334670707835  0.00000340598958420  0.00000346735736588  0.00000353092399023
  0.00000359573491714  0.00000366190221583  0.00000373851161438  0.00000381985928512
  0.00000390647338382  0.00000399793962896  0.00000409185049697  0.00000418962757483
  0.00000429275579580  0.00000440061846837  0.00000451831259556  0.00000464208535873
  0.00000477051979659  0.00000490665757860  0.00000504863943257  0.00000520502181317
  0.00000537115876001  0.00000554054757924  0.00000571942621512  0.00000591199550187
  0.00000612313677086  0.00000635053766998  0.00000658396476309  0.00000683388129582
  0.00000711825083794  0.00000741657567066  0.00000772932129274  0.00000806349675367
  0.00000842095371420  0.00000880461104144  0.00000922475785984  0.00000969094029296
  0.00001019691960546  0.00001074530964024  0.00001136104157545  0.00001203862363189
  0.00001278346709023  0.00001361147439445  0.00001450117337825  0.00001549840882163
  0.00001659617729738  0.00001780646797178  0.00001915020691119  0.00002067782452308
  0.00002243916364402  0.00002442871045829  0.00002668104160472  0.00002930919194910
  0.00003252490839463  0.00003636392529737  0.00004103287487994  0.00004672459351628
  0.00005391075158131  0.00006300119089165  0.00007487071559783  0.00009056685894641
  0.00011319697849540  0.00014633893676611  0.00019953072800620  0.00029560368834321
  0.00051497079443025  0.00137962577845384  0.01166455692925401  1.00000000000000000
 -0.00240515671231000  0.00978416134315593  0.01940308086664100  0.03010544416775767
  0.04035269084603176  0.05098300391602863  0.06149085751147990  0.07261471316493824
  0.08348706872651217  0.09418765080031806  0.10517597421111394  0.11672229916117544
  0.12771785842793559  0.13817850340303101  0.14833651621903393  0.15867862672968264
  0.16925442546424760  0.18002394696189070  0.19053385782712662  0.20079214067815634
  0.21116829609157620  0.22160129687733199  0.23236764306511667  0.24301865953285556
  0.25394521465197389  0.26483584860848947  0.27542177965625925  0.28586910046871772
  0.29618716543170914  0.30660708352537330  0.31718015051346049  0.32751045928294353
  0.33758977241434218  0.34756882758110236  0.35800993704952427  0.36880827589444826
  0.37961544886654736  0.39040389082588434  0.40139695731557873  0.41245695191150433
  0.42308423535662798  0.43339281939864049  0.44381425717021722  0.45431691619102160
  0.46474820612649409  0.47525532156356226  0.48625280032143858  0.49759299677694707
  0.50879374551640777  0.51972252240452532  0.53053731999595877  0.54143260560833428
  0.55233813489121475  0.56316315220815416  0.57375536747099254  0.58367761509499705
  0.59274840707067378  0.60158363604294018  0.61067733149239889  0.62001290243065255
  0.62929751011194257  0.63815411745365869  0.64708361548843496  0.65741408966744475
  0.66813049792815538  0.67821969323493714  0.68817952395856596  0.69837383399048880
  0.70925387106154869  0.72033870176832659  0.73147912599077947  0.74211036231403849
  0.75257737960918702  0.76291818303341763  0.77343209639323918  0.78399140921977717
  0.79444846662305457  0.80510243452669483  0.81603359083666782  0.82730385500293557
  0.83865712404866821  0.84964919450292609  0.86049760233272310  0.87110975299419580
  0.88181312793658340  0.89233318156809682  0.90268938195644843  0.91291927339430168
  0.92354569651120610  0.93448306727340391  0.94549506501154601  0.95662533910774306
  0.96764992070115519  0.97854754463829630  0.98925283709670031  1.00000000000000000
 -0.00373116710529587  0.02594019124499035  0.05064976839224748  0.07518454545616277
  0.09927109327840825  0.12270587077564864  0.14575303425379796  0.16863711997230568
  0.19109595855245470  0.21303939564966393  0.23425850584845526  0.25508537768402895
  0.27572279398964233  0.29612769821896429  0.31596776684551853  0.33519905142858375
  0.35408720886789480  0.37246966147521982  0.39047870560100245  0.40820506275153856
  0.42564010844637507  0.44270543481071922  0.45932875685534463  0.47559619872358588
  0.49139081864018902  0.50696829545952482  0.52239309248673271  0.53731962498463370
  0.55195818775181671  0.56627493645193905  0.58034285964321819  0.59409038995160890
  0.60742742604267763  0.62035355668583170  0.63301148433640686  0.64546565518455146
  0.65775589102107967  0.66980124645591221  0.68159894466628923  0.69314699744880681
  0.70451892949342831  0.71567046373719756  0.72663396494433663  0.73743602122882823
  0.74792667914363065  0.75813762653295291  0.76809385210138947  0.77789175570937985
  0.78750625691394405  0.79678682400872147  0.80577613058982211  0.81463779576018025
  0.82330327297200012  0.83177836503365399  0.83974661889994151  0.84742690115779151
  0.85490878571945927  0.86211811748659972  0.86919905376344775  0.87601482265019903
  0.88260182883995375  0.88904275599947991  0.89534182921049477  0.90142851292783732
  0.90735053650052400  0.91303388885972125  0.91856807521816397  0.92392000760110327
  0.92911564366277200  0.93410541590077001  0.93886169981239020  0.94340620202960856
  0.94778037319008990  0.95205334601931479  0.95619279337323404  0.95981138789871123
  0.96321352189655363  0.96647742037409912  0.96956658779066296  0.97255070938565746
  0.97541094867503253  0.97810842644673457  0.98063231281580665  0.98298374584612547
  0.98518563033418716  0.98727751082241699  0.98924798995830998  0.99105149749151666
  0.99257917345842273  0.99399355821477631  0.99529046555053635  0.99645009520944239
  0.99746280210497695  0.99834003316137998  0.99918324888221488  1.00000000000000000
 -0.01557802733953211  0.09144419869830298  0.12128782878286881  0.14012897851293984
  0.15528291262463620  0.16851064461433790  0.18060785404041341  0.19199006291255352
  0.20288756135318889  0.21354201442614040  0.22399113241229474  0.23418123678571764
  0.24412953090564712  0.25390880384147130  0.26366271375621075  0.27345300633606917
  0.28313733155103621  0.29278955364103160  0.30257536679049751  0.31251132331832165
  0.32248035636755157  0.33187876394723481  0.34103345458668821  0.35017340457064022
  0.35954022537984726  0.36933942980274664  0.37930106216396797  0.38915524270429380
  0.39888840919268503  0.40855091549328415  0.41815903578253494  0.42770015773538772
  0.43730308998344086  0.44695566388516256  0.45651462056883751  0.46594311028042379
  0.47528845994313440  0.48459227807394828  0.49362322139719772  0.50243459211438435
  0.51133171571386826  0.52032484962028747  0.52940160086284849  0.53831275073138851
  0.54693993057241697  0.55545375383470730  0.56386151948349972  0.57207436103592235
  0.58011788193335834  0.58800161675454443  0.59577571178449062  0.60367712223660297
  0.61177513542807127  0.61994989374244980  0.62788297549636085  0.63547743841859583
  0.64284288566627057  0.65009958108194987  0.65729831515529824  0.66450919707045730
  0.67124710290588230  0.67762574261495512  0.68423416777349111  0.69086556108837238
  0.69738344379688944  0.70376114807502710  0.71016857943441514  0.71657741116030382
  0.72266909880183772  0.72876060547217758  0.73538168629389922  0.74244315837294794
  0.74950620075421381  0.75641353310813297  0.76318762145170826  0.76991162778058198
  0.77657176675608275  0.78310574412006662  0.78965602170158533  0.79620775961420109
  0.80272081150265961  0.80920962467316904  0.81577518220178702  0.82245509986224230
  0.82935269881649198  0.83650654931931190  0.84388703788490993  0.85140978859764982
  0.85921059244609232  0.86746317948133733  0.87624518895341408  0.88613402787932849
  0.89748168816024831  0.91228606551261637  0.93735301701628915  1.00000000000000000
   2.7412843023333382       -1.0000000000000000     
 F F F T F F T F F T F F T F F F F F F F F F F F F F F F F F F F
  <DiscreteSampler_grid>
  grouped_processes
  1 # 1 for a reference and 2 for a running grid.
  10 # Attribute 'min_bin_probing_points' of the grid.
  1 # Attribute 'grid_mode' of the grid. 1=='default',2=='initialization'
  0.0000000000000000 # Attribute 'small_contrib_threshold' of the grid.
  0.5000000000000000 # Attribute 'damping_power' of the grid.
 # binID   n_entries weight   weight_sqr   abs_weight
    10   10   2.698127292027087E+010   3.705635810932186E+021   2.698127292027087E+010
  </DiscreteSampler_grid>
