  0.00000236149053811  0.00000240856879579  0.00000244237165035  0.00000246803448080
  0.00000248624536320  0.00000250955573240  0.00000253351220034  0.00000255823586845
  0.00000258445009399  0.00000261149154092  0.00000263966914261  0.00000266831861014
  0.00000269742348803  0.00000272767534984  0.00000275976672439  0.00000279379803371
  0.00000282926457320  0.00000286579974740  0.00000290343660935  0.00000294206215384
  0.00000298132748058  0.00000302146928926  0.00000306254663789  0.00000310434278860
  0.00000314654708496  0.00000319262026544  0.00000324291458858  0.00000329545024421
  0.00000334957006047  0.00000340521549297  0.00000346223638623  0.00000352130781142
  0.00000358221272824  0.00000364294850133  0.00000371045471221  0.00000378250216003
  0.00000385778681478  0.00000393618831187  0.00000401732959031  0.00000410041940894
  0.00000418578496157  0.00000427499734270  0.00000436934336257  0.00000447235432939
  0.00000458017359402  0.00000469096824575  0.00000480469592433  0.00000492029226450
  0.00000504758401043  0.00000518330963134  0.00000532595841410  0.00000547518125685
  0.00000563128873340  0.00000579582892946  0.00000597058960104  0.00000615726509784
  0.00000635470531190  0.00000655914883398  0.00000677529313346  0.00000701322606253
  0.00000727344213249  0.00000754094972430  0.00000781740418323  0.00000813277782807
  0.00000846497082493  0.00000881087772836  0.00000918372762212  0.00000960345348001
  0.00001005753737128  0.00001054248816978  0.00001108515175185  0.00001167022606118
  0.00001230044610980  0.00001301142037549  0.00001380336749626  0.00001467973039758
  0.00001567910043283  0.00001677285551381  0.00001802378515954  0.00001942203936177
  0.00002105907741676  0.00002296375343543  0.00002523682905592  0.00002807061310474
  0.00003151321492214  0.00003577258055283  0.00004103690194663  0.00004767340101630
  0.00005681257766365  0.00007001569852464  0.00008937800897560  0.00012221686100404
  0.00019175065731943  0.00036507817957000  0.02195846235354016  1.00000000000000000
 -0.00224098228257034  0.00915819457354309  0.01923282684548823  0.02973322618286578
  0.04038894839652001  0.05098593172663568  0.06152919813653855  0.07215798409242337
  0.08302520303133346  0.09389321213280208  0.10462581004337289  0.11554582414636695
  0.12631247364849868  0.13698608261665510  0.14743855257360874  0.15741686100121488
  0.16738524568937788  0.17746721526333920  0.18784211695038661  0.19822015071793356
  0.20838482435817018  0.21849998990659703  0.22853013023529245  0.23902233544535714
  0.24969704051393660  0.26026287434148315  0.27073514879927102  0.28138074632190269
  0.29206342057892482  0.30239494032066072  0.31269041295668853  0.32316819465006902
  0.33353336293066232  0.34380801500169988  0.35399893132245430  0.36446724502430888
  0.37491038360731310  0.38555269468577746  0.39615785515991064  0.40726626575707159
  0.41813005962029537  0.42908670795704401  0.43991391215534287  0.45109936715068494
  0.46207310919561007  0.47290904552822216  0.48331072122226781  0.49373930333913529
  0.50409521951533232  0.51436796286762554  0.52451052450175550  0.53459081489925842
  0.54479366153067388  0.55512780693151420  0.56561292005826380  0.57621318829200552
  0.58673216912163750  0.59696743713025824  0.60726688216932090  0.61758202528150163
  0.62793384736420821  0.63819447818258324  0.64852936792337490  0.65907298135558701
  0.66949853585316255  0.68011285520529952  0.69061040181972466  0.70133100944736415
  0.71213775511705590  0.72292792667742622  0.73368244344450684  0.74416924217052749
  0.75475361393174867  0.76532761638587332  0.77596319416909332  0.78668336679716089
  0.79755748672749871  0.80814295739042163  0.81855219869057050  0.82899041524011685
  0.83952658649291012  0.85013825225055173  0.86065624892294901  0.87122784954565913
  0.88169351634555226  0.89216174823955319  0.90271866695132286  0.91353655702904657
  0.92405145514641551  0.93492172285234965  0.94591155783190972  0.95745414848839649
  0.96804428276184418  0.97891741231334661  0.98937210876085335  1.00000000000000000
 -0.00096093454712327  0.01560801217736335  0.03120421526710391  0.04708173123233041
  0.06299767825195179  0.07895216949575502  0.09470298254415832  0.11025973446285883
  0.12556123667826213  0.14066410718842909  0.15562218088242577  0.17060009606630278
  0.18556513642495306  0.20055088684429132  0.21523698074595504  0.22967068684876343
  0.24389586829489224  0.25814995280399416  0.27251442105078533  0.28675448362794181
  0.30093954617585911  0.31500827796508185  0.32886610101982566  0.34253992779477060
  0.35615373043774767  0.36973908498519420  0.38313630905859192  0.39644887581396426
  0.40950642246654556  0.42250458273475205  0.43534902706932693  0.44822048223408478
  0.46099409501931449  0.47355374536347583  0.48604860399188138  0.49838689391975460
  0.51049076105740110  0.52241894853832349  0.53435755210631131  0.54623298228767503
  0.55787977480213202  0.56935123778409147  0.58065361879805311  0.59169939464472809
  0.60258661202492370  0.61352609314150353  0.62437027236945430  0.63492244994768887
  0.64528917501795247  0.65560821418679904  0.66580075822536988  0.67574082172235317
  0.68555459597096946  0.69536011358262195  0.70507913829923130  0.71462893796344218
  0.72397097784011299  0.73325301297069501  0.74249386280045060  0.75167314568051469
  0.76073219021691207  0.76962550355585402  0.77845626416324243  0.78722545186489623
  0.79582788615015299  0.80429033537989181  0.81267112783855255  0.82084815978584491
  0.82885544088222862  0.83671550348629664  0.84442571910741804  0.85213715805757562
  0.85963758517616495  0.86697417824835021  0.87420003049553452  0.88129767661289038
  0.88833532614191013  0.89528882359660145  0.90216187354287825  0.90894350658382639
  0.91561043112254914  0.92204766772057378  0.92830777055912883  0.93442247256732824
  0.94046197022804934  0.94645927651487360  0.95239471909304407  0.95820848598149055
  0.96380336612260564  0.96924073175276448  0.97458613566836161  0.97979656585297492
  0.98486389441183630  0.98986504538874909  0.99492355540018640  1.00000000000000000
 -0.02064608770395045  0.11438650932280439  0.15299897522859190  0.17682777612642747
  0.19540706457564902  0.21100742617274265  0.22458371965678775  0.23668602692978169
  0.24772795142489479  0.25812699760478086  0.26792527272514172  0.27704808347442295
  0.28566149256336326  0.29397604436505387  0.30182617037076837  0.30944124860692623
  0.31683672653613126  0.32403766984116011  0.33113271682135614  0.33798634730400257
  0.34474190021173706  0.35137073668774982  0.35789601002131205  0.36435423821622043
  0.37074923672637944  0.37700778537099205  0.38311570391222227  0.38913306566802097
  0.39506728786630857  0.40086413279337946  0.40660393540935247  0.41226705788781498
  0.41784760078347671  0.42338794877380587  0.42888653668204146  0.43438017500681625
  0.43986972875002384  0.44528847815706946  0.45061431126913581  0.45587354590887075
  0.46116090426596751  0.46647666895200512  0.47182179231473659  0.47716395358464259
  0.48242823037292570  0.48762859184060631  0.49283287746449239  0.49797714173644608
  0.50307359350932035  0.50812484388319068  0.51317185022056433  0.51828813326061962
  0.52349131987461073  0.52879617352371844  0.53408783189139175  0.53938172566259557
  0.54478135817687212  0.55029956876413666  0.55590794027410850  0.56154044920079083
  0.56718497052995864  0.57289498420735963  0.57871015153985927  0.58461080786949449
  0.59045313613553407  0.59626605378910114  0.60211491222023972  0.60793273874286635
  0.61376008126209813  0.61964837730232536  0.62566697694690354  0.63176193590201779
  0.63794856570020331  0.64423012841660943  0.65057703014151180  0.65702254126475135
  0.66355027176946912  0.67016605960325693  0.67696549158013808  0.68386076651478167
  0.69105827091336158  0.69850960266166939  0.70621698230045216  0.71438174792873543
  0.72298869835434709  0.73207101995776203  0.74176900162570558  0.75220796585969363
  0.76344760733885153  0.77571226699748297  0.78936009007823027  0.80489642870105138
  0.82330966930028282  0.84745978712340375  0.88727790455574951  1.00000000000000000
   1131.0200047376031       -1.0000000000000000     
 T F F F F T T F F T T F F F F T F F F F F F F F F F F F F F F F
  <DiscreteSampler_grid>
  grouped_processes
  1 # 1 for a reference and 2 for a running grid.
  10 # Attribute 'min_bin_probing_points' of the grid.
  1 # Attribute 'grid_mode' of the grid. 1=='default',2=='initialization'
  0.0000000000000000 # Attribute 'small_contrib_threshold' of the grid.
  0.5000000000000000 # Attribute 'damping_power' of the grid.
 # binID   n_entries weight   weight_sqr   abs_weight
    10   10   6.722513294884237E+010   1.060630866621803E+022   6.722513294884237E+010
    16   10   6.725096065620227E+010   1.060728398905340E+022   6.725096065620227E+010
  </DiscreteSampler_grid>
