  0.00000237583614658  0.00000239748396596  0.00000241580444733  0.00000243278642742
  0.00000244779536058  0.00000246371537782  0.00000247921356873  0.00000250427861679
  0.00000253021444847  0.00000255660946353  0.00000258391008294  0.00000261173324071
  0.00000264026651194  0.00000267026552266  0.00000270207221050  0.00000273586553174
  0.00000277209772313  0.00000281288311694  0.00000285588899854  0.00000289889194197
  0.00000294362298732  0.00000298968917497  0.00000303694557707  0.00000308473215809
  0.00000313276593236  0.00000318423795648  0.00000324094708877  0.00000330277051810
  0.00000336738462131  0.00000343308479566  0.00000350190916514  0.00000357364865229
  0.00000364694929758  0.00000372977094396  0.00000382323044717  0.00000391950235273
  0.00000401784188980  0.00000411862920498  0.00000422227161626  0.00000433197930254
  0.00000445712925859  0.00000459123456167  0.00000472701172643  0.00000486441345902
  0.00000500981316599  0.00000516906216508  0.00000534094144822  0.00000551791040040
  0.00000570199281619  0.00000589499683274  0.00000610243217912  0.00000632510553857
  0.00000655652901948  0.00000681407801878  0.00000709845282380  0.00000739943798202
  0.00000771387828435  0.00000805062101269  0.00000841600558924  0.00000879955661810
  0.00000919475775418  0.00000966970468537  0.00001016056554912  0.00001070885467325
  0.00001132917784342  0.00001198113757437  0.00001269337602793  0.00001346753187265
  0.00001432357988718  0.00001529967513176  0.00001637845419129  0.00001757209406150
  0.00001889575106526  0.00002040881323521  0.00002206310252225  0.00002392853417610
  0.00002597049972488  0.00002846169773823  0.00003130286054633  0.00003472553988537
  0.00003846547832403  0.00004282515853441  0.00004795181109603  0.00005446944114931
  0.00006242316457425  0.00007254740686432  0.00008484649230711  0.00010133309209100
  0.00012350379847838  0.00016104194224471  0.00021853526225164  0.00030730264537302
  0.00044362348340072  0.00077883401261955  0.04107793293959257  1.00000000000000000
 -0.00258653929549281  0.00934873773312972  0.02010603849372776  0.03154992789506075
  0.04277391932199583  0.05343188600579529  0.06387387115068173  0.07463357527104239
  0.08560220352909727  0.09666081578585431  0.10732072426269640  0.11729898839704431
  0.12716725433703191  0.13685994587257666  0.14652936854679871  0.15625899259590167
  0.16659824866903070  0.17803733761120574  0.18957011321964939  0.20089520055365595
  0.21193594603723409  0.22250536058114462  0.23265704167093390  0.24302484366364754
  0.25327739701206375  0.26347831633833996  0.27377101685944660  0.28479246240823414
  0.29548308961067077  0.30598596974237308  0.31666336088856900  0.32792267637480305
  0.33907997246866839  0.34980677276676864  0.36026927969681855  0.37050300521806895
  0.38092711604509960  0.39102983837279165  0.40135948039789532  0.41171110749758277
  0.42215721005812346  0.43272023493073086  0.44341212506814370  0.45395595559741186
  0.46401808337483175  0.47436935923300932  0.48450080890149427  0.49469251685876803
  0.50460834844906877  0.51427699644923386  0.52393632082088903  0.53377638462410659
  0.54379558509304560  0.55469731050809368  0.56536432549895577  0.57602637469566054
  0.58662783913669658  0.59719005481358656  0.60799778265419491  0.61874048443613694
  0.62942982934695846  0.63998578390216776  0.65063123773028375  0.66091652703854853
  0.67136600436220040  0.68133056844456430  0.69111418578475226  0.70104412610454925
  0.71108023994113789  0.72188671612885680  0.73241773288566825  0.74335243452917932
  0.75424776306520214  0.76506624559495173  0.77601252560777711  0.78671992246940847
  0.79734439212281638  0.80813312902416889  0.81914184491479614  0.83060865383160620
  0.84180563697466027  0.85301024213493848  0.86340353299315065  0.87346453272065872
  0.88367242893134068  0.89406296085501413  0.90461565567703861  0.91538725375147911
  0.92660704665406912  0.93742636429001891  0.94774780332791597  0.95808798744029577
  0.96885639160496440  0.97975867918369963  0.99003744706616814  1.00000000000000000
 -0.00163404357555384  0.01949686994334409  0.03926066828495085  0.05943296556827534
  0.07984592135249988  0.09995143126399193  0.11953449359784352  0.13855398152702206
  0.15716090288060786  0.17583262775841932  0.19481850472311221  0.21368264603098025
  0.23202766669595884  0.24981059742794404  0.26720909628952683  0.28434449080240265
  0.30122281448737409  0.31776444152783023  0.33408773895642813  0.35020320299318125
  0.36597113669934367  0.38159111163834414  0.39695895022196198  0.41166417566512531
  0.42632127958038185  0.44096195999949339  0.45541731234331734  0.46957670528472245
  0.48344966901277459  0.49719605976525866  0.51085037385505505  0.52433903905238610
  0.53744205927369626  0.55044131066392432  0.56333336917243182  0.57601251819826238
  0.58834057603327128  0.60055230279869964  0.61252325452700240  0.62466270254472445
  0.63674815393572892  0.64859175668589597  0.65988627775775877  0.67076169825030896
  0.68146676359305358  0.69226399775470582  0.70288294956887143  0.71321647722705628
  0.72329891571909921  0.73314394598380450  0.74293662104782532  0.75227659301182093
  0.76144537517180955  0.77029775490220143  0.77881504944064139  0.78704544533670850
  0.79529239064013690  0.80357414201952315  0.81174737689326348  0.81965607466108248
  0.82716079728427505  0.83468726700290463  0.84245946797202542  0.85020035237697389
  0.85765311275375300  0.86488262933873028  0.87181004810236273  0.87850136970787251
  0.88504958199010164  0.89159760065350324  0.89808495981788705  0.90433190341113145
  0.91039051101142698  0.91625033195303096  0.92170984220498142  0.92704461944930183
  0.93243542700438253  0.93754714090232216  0.94237321422421094  0.94707823857775586
  0.95165417424002763  0.95606012394674633  0.96026946770466826  0.96420237664168951
  0.96796447682211262  0.97163637839319195  0.97516652493567502  0.97856224824407445
  0.98175468097614527  0.98474262952200120  0.98756085105739544  0.99020552550515284
  0.99277594447062922  0.99525078692352109  0.99765198274434641  1.00000000000000000
 -0.02228906854705402  0.13642841756776614  0.18617284474186171  0.21887853933198964
  0.24532953431104013  0.26771859687325733  0.28736176670090696  0.30523070163418398
  0.32186660192153188  0.33757198379957415  0.35269098365525936  0.36719182506123133
  0.38083588661762052  0.39382584497326517  0.40603249216469162  0.41767569277023903
  0.42873989054277473  0.43963901827587115  0.45046911304795517  0.46133910901390285
  0.47224117556381207  0.48302136907209742  0.49326486376554973  0.50297200524146179
  0.51220492005540341  0.52136576057167505  0.53044985218452823  0.53923039301296649
  0.54778045887030447  0.55617706664356081  0.56452438506788349  0.57276737142819445
  0.58084534025119694  0.58886986472053804  0.59667748727010783  0.60429600274543604
  0.61167274487669299  0.61898688080954178  0.62616613090268580  0.63345320244540393
  0.64070579988961296  0.64744838921683490  0.65378982709231892  0.66005870258834765
  0.66623647132173347  0.67220762481037233  0.67797387892142214  0.68374935052644803
  0.68933702134310382  0.69457980610449355  0.69983435890151990  0.70500418706769952
  0.71012303813943722  0.71521040377058298  0.72023034233719185  0.72532866560493559
  0.73032591440495553  0.73545328930219245  0.74051353832156874  0.74550508607493771
  0.75039733097670414  0.75518823410735381  0.75992840331243394  0.76463236857397276
  0.76927074345238700  0.77385819629573349  0.77839799732394910  0.78286480674750558
  0.78739481799157884  0.79192429487099747  0.79620995081122636  0.80058618013581528
  0.80489610004620460  0.80923453751659846  0.81356316794049055  0.81785207884777578
  0.82212392609965856  0.82638952470019533  0.83067283910968737  0.83506837177718374
  0.83960712525697900  0.84420200480822472  0.84885373925587038  0.85366233568777439
  0.85893650963334567  0.86445419686324243  0.87008228984779967  0.87622344476242098
  0.88295913094525669  0.89012343753930834  0.89791562024630112  0.90680426940737868
  0.91732446202222373  0.93143054405203152  0.95396540777228822  1.00000000000000000
   171.33483003053894       -1.0000000000000000     
 F F T F F F F T T F F F F T F F F F F F F F F F F F F F F F F F
  <DiscreteSampler_grid>
  grouped_processes
  1 # 1 for a reference and 2 for a running grid.
  10 # Attribute 'min_bin_probing_points' of the grid.
  1 # Attribute 'grid_mode' of the grid. 1=='default',2=='initialization'
  0.0000000000000000 # Attribute 'small_contrib_threshold' of the grid.
  0.5000000000000000 # Attribute 'damping_power' of the grid.
 # binID   n_entries weight   weight_sqr   abs_weight
    10   10   2.519254138219158E+010   1.392628271796923E+021   2.519254138219158E+010
  </DiscreteSampler_grid>
