  0.00000237178008933  0.00000238572712755  0.00000240010201611  0.00000241493313448
  0.00000243071346399  0.00000245001217154  0.00000246906337937  0.00000248908980973
  0.00000251228738430  0.00000253800398850  0.00000256353486212  0.00000259186924892
  0.00000262042380998  0.00000265004759309  0.00000268139293250  0.00000271458491198
  0.00000275182763833  0.00000279379240547  0.00000283887275499  0.00000288612665765
  0.00000293517989708  0.00000298613692249  0.00000303864602991  0.00000309149942705
  0.00000314610101400  0.00000320453946575  0.00000326884524403  0.00000334494693053
  0.00000342081375064  0.00000349848321742  0.00000357876969973  0.00000366170901871
  0.00000374661984291  0.00000385014311884  0.00000395414030997  0.00000405878423005
  0.00000416580948604  0.00000427949082438  0.00000440538783308  0.00000454481716761
  0.00000469209602127  0.00000483977351972  0.00000500036293638  0.00000517814147117
  0.00000537080885500  0.00000557725930442  0.00000579340039557  0.00000602852488616
  0.00000627520589128  0.00000652969888114  0.00000680948354596  0.00000712068373187
  0.00000744651782034  0.00000778230377056  0.00000814016684793  0.00000853596409790
  0.00000893884097511  0.00000939660648292  0.00000992611875118  0.00001046753243426
  0.00001106791709515  0.00001171948734708  0.00001243375917271  0.00001323513771236
  0.00001410266604324  0.00001504694220602  0.00001607020914214  0.00001717415703500
  0.00001838353706954  0.00001960585881963  0.00002108424298011  0.00002260872437706
  0.00002450008414750  0.00002660386343061  0.00002913415603478  0.00003208508735527
  0.00003548553555052  0.00003933828129110  0.00004372291348109  0.00004877042551421
  0.00005446341576427  0.00006084721819828  0.00006869304054436  0.00007904840354241
  0.00009149758244468  0.00010754121391105  0.00012976109645716  0.00016024867924043
  0.00019717801127045  0.00025060753651913  0.00033066861330538  0.00043927496699351
  0.00062267527735122  0.00094881307098462  0.00252460753483511  1.00000000000000000
 -0.00259981942042612  0.01042416152652151  0.02173704423957629  0.03253683794846514
  0.04349658909244573  0.05443785691294173  0.06539440114504363  0.07620200765479984
  0.08712700554723378  0.09833590948255384  0.10978246680444355  0.12103712566227769
  0.13186139313138875  0.14241960838587681  0.15304889000129959  0.16371483355468633
  0.17428440047951013  0.18466979030852337  0.19489802584786406  0.20507759708318593
  0.21544147849734741  0.22605859211747378  0.23673939112917389  0.24723306625659616
  0.25741866316669232  0.26756364887830647  0.27790698023964777  0.28877080146984502
  0.29976925866535625  0.31065453267706206  0.32152986472146372  0.33255639015970351
  0.34359540072299405  0.35457941578066432  0.36555339331674919  0.37671488750334126
  0.38824621166220685  0.39949609737310765  0.41009750252722366  0.42060827497503045
  0.43107032444164822  0.44152005231916691  0.45200628970518442  0.46211223979045774
  0.47159022439383602  0.48100477856296170  0.49066119832952532  0.50048587834448621
  0.51019595371812176  0.52021702755929100  0.53139122117738413  0.54241793345038303
  0.55262438462745689  0.56262530112858122  0.57273128413679952  0.58246897686443522
  0.59185565744514979  0.60117409608971639  0.61143622272970288  0.62199588705373798
  0.63284408320519137  0.64354925165917520  0.65444755265195520  0.66474211259245286
  0.67503483972411915  0.68528243655632359  0.69583369072708356  0.70687012376824288
  0.71799519634480791  0.72938290065935341  0.74079205491565081  0.75166855363192020
  0.76191629527182303  0.77268388373732266  0.78328481220807433  0.79381290363321233
  0.80421100122953726  0.81474490316675729  0.82518868689620051  0.83532059670026204
  0.84536083724919042  0.85554425608763796  0.86577296746247578  0.87615497898719530
  0.88668568496646194  0.89681837010499821  0.90650600011424276  0.91602524488497661
  0.92567788019236852  0.93512126214830205  0.94485731169969833  0.95451674059394920
  0.96547484951365414  0.97668157038149039  0.98842819828921813  1.00000000000000000
 -0.00074788753090673  0.02198307795993488  0.04305478846508019  0.06386168620827082
  0.08417523807133374  0.10462428979958410  0.12510538745177491  0.14517173578091977
  0.16493820782697236  0.18449588859948615  0.20384491026708995  0.22319091937039290
  0.24183372249362078  0.25986628077033508  0.27749180216540337  0.29485638005631287
  0.31221983715608115  0.32955810149036607  0.34657176688623170  0.36328287171288431
  0.37973348252683503  0.39583483751175269  0.41151847449818546  0.42697164566191287
  0.44224370397875790  0.45732800698853548  0.47242669809291060  0.48720566917009961
  0.50179376652622842  0.51584274935885754  0.52978096121258889  0.54345037933934803
  0.55689732154668992  0.57009747264105093  0.58308824662832526  0.59585478628919286
  0.60845156164248171  0.62091267364430625  0.63309382495776556  0.64499240154715420
  0.65650723094639973  0.66781079053173764  0.67900435521938385  0.69004743082648090
  0.70105679210057004  0.71197529486391420  0.72280620868993273  0.73332586221481377
  0.74352510550969231  0.75351444387962518  0.76309337213227812  0.77245514006403637
  0.78160123497643985  0.79076547713349898  0.79983212804378756  0.80870154164906105
  0.81732288185060942  0.82567295506111471  0.83387107103571179  0.84167452241910623
  0.84946358453045279  0.85710202921946443  0.86453457275662748  0.87172866904197255
  0.87867989320149897  0.88546200152279697  0.89220557089746078  0.89867049795930620
  0.90492113774015071  0.91110388911640117  0.91713677289146778  0.92295156914235787
  0.92856140368953488  0.93396936213656601  0.93921764039117750  0.94390918090773879
  0.94846241258571107  0.95290973475884166  0.95721641848214767  0.96107596924947614
  0.96454049863252922  0.96797867401804549  0.97127134979140217  0.97444152745700585
  0.97751844352022699  0.98033276033432049  0.98301806204178721  0.98559336766108518
  0.98801374538132591  0.99022203996321956  0.99219853560837035  0.99403928288632437
  0.99574712815960331  0.99721632032891616  0.99862516293406578  1.00000000000000000
 -0.00057152054055215  0.08663433480723085  0.11635724419100485  0.13553740727053712
  0.15091204430691155  0.16408770189590630  0.17651739641585740  0.18826832095676821
  0.19960827058351466  0.21038068563417550  0.22070652135351876  0.23073487619804889
  0.24027584366243490  0.24965985689247666  0.25890121219605866  0.26842057096199495
  0.27806070544222600  0.28777300752623863  0.29723225615847826  0.30683951800602555
  0.31649366158201742  0.32629904924768943  0.33586873974083425  0.34420536413214747
  0.35288127541678127  0.36186584262783084  0.37080221782587797  0.37900827800863574
  0.38711877306231346  0.39537653289141439  0.40510496933106871  0.41484589918419745
  0.42445253796178251  0.43403035690797404  0.44377489527013225  0.45342398490251629
  0.46308793882323701  0.47292996856357955  0.48292973614066076  0.49270908468177310
  0.50182077937239544  0.51002785712346999  0.51811167171464123  0.52605384384200515
  0.53435279443610517  0.54319340472751565  0.55203966244358782  0.56090327680841323
  0.56919421349102439  0.57751618237121471  0.58597641222404506  0.59424729285604561
  0.60229567333699008  0.61019009424764958  0.61808941398602169  0.62591623382945172
  0.63355486766815772  0.64111541854155774  0.64849002034553715  0.65583972686520697
  0.66315229966387679  0.67031043094275611  0.67741690990415893  0.68449444960102612
  0.69157020286939941  0.69852582791571871  0.70523654916398681  0.71195799460983011
  0.71863465482371347  0.72527618907130897  0.73183161666761931  0.73837534640188318
  0.74476937688816447  0.75146530635200515  0.75832352981956297  0.76550942488869900
  0.77272105539209301  0.77982212941528195  0.78683363337771739  0.79375143333737030
  0.80071200271406773  0.80779488852307879  0.81484697310667853  0.82175293291494189
  0.82866407672519837  0.83579957485421963  0.84323534541308331  0.85106277928667229
  0.85927979794280895  0.86814846423098913  0.87763087078443569  0.88864979411284095
  0.90138273693626392  0.91809073697703603  0.94370098937622060  1.00000000000000000
   5.4160917949907832       -1.0000000000000000     
 F F F T F F T F F T F F T F F F F F F F F F F F F F F F F F F F
  <DiscreteSampler_grid>
  grouped_processes
  1 # 1 for a reference and 2 for a running grid.
  10 # Attribute 'min_bin_probing_points' of the grid.
  1 # Attribute 'grid_mode' of the grid. 1=='default',2=='initialization'
  0.0000000000000000 # Attribute 'small_contrib_threshold' of the grid.
  0.5000000000000000 # Attribute 'damping_power' of the grid.
 # binID   n_entries weight   weight_sqr   abs_weight
    10   10   4.870420488165624E+011   1.524036584279408E+024   4.870420488165624E+011
  </DiscreteSampler_grid>
