  0.00000236342817715  0.00000240260968918  0.00000246265135950  0.00000252271796532
  0.00000258024349572  0.00000264207440220  0.00000270686482872  0.00000277375428427
  0.00000284610140817  0.00000292038029604  0.00000299596178427  0.00000307275140871
  0.00000315144770696  0.00000323947845149  0.00000333434503717  0.00000343208804262
  0.00000353154839053  0.00000363484668864  0.00000374492245522  0.00000386179834440
  0.00000398900518065  0.00000411772887409  0.00000425330163492  0.00000439732649592
  0.00000455047430456  0.00000471135793758  0.00000487619603816  0.00000505434026619
  0.00000524647268629  0.00000544896422034  0.00000565326119824  0.00000587459193362
  0.00000611515339124  0.00000636533943857  0.00000662348173412  0.00000689631211806
  0.00000720546059699  0.00000751382035189  0.00000784540367294  0.00000820990035803
  0.00000859803332198  0.00000899822560229  0.00000943895031446  0.00000991245397634
  0.00001040924660584  0.00001093975694192  0.00001150518151127  0.00001209576715567
  0.00001272941951217  0.00001341893967950  0.00001413946720107  0.00001491523456055
  0.00001573948336570  0.00001659946326244  0.00001754852874178  0.00001857010290700
  0.00001965210294271  0.00002087097409634  0.00002215149906792  0.00002358717295523
  0.00002517477155203  0.00002688931383209  0.00002874478433880  0.00003064090115906
  0.00003279708805372  0.00003503767534860  0.00003766636216378  0.00004036090117138
  0.00004346364973804  0.00004684466153224  0.00005079800567654  0.00005525650541394
  0.00006020969952454  0.00006572640330765  0.00007183626775378  0.00007891459908446
  0.00008698327378007  0.00009571184611683  0.00010558623210480  0.00011724438137504
  0.00013084294455465  0.00014561477036922  0.00016235803706812  0.00018154982139754
  0.00020342812855604  0.00022874610471622  0.00025846508280984  0.00029842507261841
  0.00035233651499100  0.00040759509399732  0.00047564257721859  0.00056607450711872
  0.00070620628139218  0.00098516311259203  0.00630985209666962  1.00000000000000000
 -0.00242653824790881  0.00952459140634465  0.01973413621692411  0.03009375069059176
  0.04054562091399749  0.05100607727810309  0.06138875923050846  0.07175238536422629
  0.08221020002136969  0.09280571540166238  0.10343799248061676  0.11403793390507053
  0.12470396719802707  0.13524060557566991  0.14563679903267981  0.15608171640815374
  0.16633722563324507  0.17654252778416438  0.18681581060338873  0.19714414357132262
  0.20759619103139471  0.21787236170234284  0.22836694825227707  0.23881302642197963
  0.24955445482427946  0.26055361459884202  0.27157404885269776  0.28215285687089359
  0.29262745458648615  0.30318869921542657  0.31359410278462513  0.32397528389852925
  0.33447605824078458  0.34509885970526794  0.35578807289621522  0.36625739948456570
  0.37681285654255781  0.38734790014793596  0.39760800136390290  0.40824753115701468
  0.41890264761632157  0.42965550921377388  0.44029608077130639  0.45054886649311560
  0.46105473331983554  0.47128014538399127  0.48143486764014165  0.49148153828485813
  0.50177158160848356  0.51238336749542368  0.52302933665677764  0.53348611189009731
  0.54410440851268127  0.55478347414454854  0.56542195781405247  0.57589737650085515
  0.58631550863952830  0.59671755748072319  0.60705152177269961  0.61742021075797304
  0.62791171677980973  0.63863321221689173  0.64938108760071200  0.66027605901060082
  0.67111228014679647  0.68177378866933747  0.69228276478975326  0.70261266750346374
  0.71307754269939094  0.72360864277929682  0.73423282985343974  0.74498463056864006
  0.75591925457407938  0.76681069725335849  0.77754691769520112  0.78809195108547236
  0.79882626855430483  0.80951993665782851  0.81997354770373754  0.83029534955067086
  0.84061791678825371  0.85119394147286143  0.86174175683431276  0.87239410850204469
  0.88301408660259839  0.89358780330481635  0.90410656616861318  0.91473639643692539
  0.92547093252811419  0.93612068926013969  0.94668637921656040  0.95739590286251031
  0.96815759368882826  0.97879186765595461  0.98935423223645436  1.00000000000000000
 -0.00188627143281979  0.01463641536869825  0.02920658026359842  0.04373304736601987
  0.05796438670016350  0.07224500660691197  0.08656802287447972  0.10049403374219582
  0.11393259582501679  0.12708951589275333  0.14023043227975590  0.15329256504171099
  0.16633329473206179  0.17945078330246939  0.19242489260110632  0.20508544727457059
  0.21768367060432448  0.23013604372755089  0.24257804841182345  0.25489477309013436
  0.26721386335191610  0.27939593911318567  0.29155138885295157  0.30344352321547474
  0.31511580824034480  0.32665730089298861  0.33814006931133939  0.34959170113504434
  0.36094981694357453  0.37214146357015288  0.38313402421438608  0.39400091452197039
  0.40488723691268491  0.41585070726314760  0.42679007591648299  0.43763962057355443
  0.44833127375669540  0.45899372531601895  0.46962000242097013  0.48017384094293275
  0.49055004861193124  0.50075252971404216  0.51084880840311020  0.52099660203827658
  0.53118238620639091  0.54137346615556126  0.55154897161865879  0.56163948822563903
  0.57157489787543514  0.58135118553662124  0.59107242939365512  0.60082571887867886
  0.61056404049932278  0.62024474106641481  0.62989754753847393  0.63951557196112674
  0.64904416874241222  0.65842807122020053  0.66767436542595704  0.67685047410076282
  0.68605032668894006  0.69533710343361832  0.70464163553873926  0.71379234139462233
  0.72270826569859992  0.73155180298969658  0.74046459624495264  0.74935759959729120
  0.75824365296880492  0.76711714196318659  0.77612613351362825  0.78521090191699405
  0.79410488432340365  0.80279882382468148  0.81145531359048773  0.82016278045513658
  0.82878617837891100  0.83726785636805046  0.84554724604801967  0.85389747370444680
  0.86241554509574447  0.87104106649211555  0.87967671382296597  0.88825428604496470
  0.89679130405395524  0.90527095396334623  0.91375049260965535  0.92225231577905953
  0.93078583971217466  0.93952271325046877  0.94826355772742266  0.95707184314763583
  0.96673893068945216  0.97663438897777288  0.98796814059873794  1.00000000000000000
 -0.00947634035727722  0.09639271918343462  0.14953218899202747  0.18098078515604410
  0.20528306298363125  0.22555930609589761  0.24335388456216409  0.25967872374309842
  0.27473022590625046  0.28875976178842844  0.30205441454755011  0.31470763632438931
  0.32687610981079745  0.33871122675243093  0.35034468565160676  0.36162839222241766
  0.37280462495199906  0.38373240407518705  0.39456222908432464  0.40493615380606651
  0.41520478216698059  0.42528666921742797  0.43526231969640750  0.44525063266912501
  0.45505519946660067  0.46472633986519296  0.47424178242837950  0.48361506464039095
  0.49283626379624851  0.50199155335106449  0.51107320147196700  0.52006700466693867
  0.52887378958826581  0.53758975861791669  0.54617525694001201  0.55459127724447388
  0.56285046208614808  0.57104448579547584  0.57923825958245212  0.58745693265770882
  0.59552329344895183  0.60338428233054275  0.61108903744261878  0.61865295947236476
  0.62606401271655776  0.63333433805204942  0.64064381102056756  0.64783644744628865
  0.65485500821572484  0.66169481206826730  0.66849805692622866  0.67525057747483030
  0.68192174319829635  0.68844375064242558  0.69477693136870255  0.70106113130787862
  0.70734503930387227  0.71358954983628653  0.71978765215719864  0.72592314225015653
  0.73194604763243942  0.73782235436974086  0.74356005994386720  0.74922422021690471
  0.75485026779255748  0.76049800732967787  0.76608789582082293  0.77155366722770613
  0.77690098002436025  0.78221816447709436  0.78758857771850121  0.79300554855115768
  0.79840609539439300  0.80375103208265886  0.80901165678655529  0.81423341860507314
  0.81942977598180677  0.82459058450439748  0.82975955807507940  0.83497512629220527
  0.84025923178054673  0.84559555519810248  0.85095274389586906  0.85635335060096907
  0.86190823141450035  0.86753142305642916  0.87337272271013033  0.87955257279405996
  0.88604177111864357  0.89291832245659986  0.90050970770567573  0.90895248276888585
  0.91872039977168241  0.93109098354138831  0.94870516057672161  1.00000000000000000
  0.43189935098226029       -1.0000000000000000     
 F T T F F F F F F F F F F T T F F F F F F F F F F F F F F F F F
  <DiscreteSampler_grid>
  grouped_processes
  1 # 1 for a reference and 2 for a running grid.
  10 # Attribute 'min_bin_probing_points' of the grid.
  1 # Attribute 'grid_mode' of the grid. 1=='default',2=='initialization'
  0.0000000000000000 # Attribute 'small_contrib_threshold' of the grid.
  0.5000000000000000 # Attribute 'damping_power' of the grid.
 # binID   n_entries weight   weight_sqr   abs_weight
    10   10   3.727659533070010E+009   3.499638917452473E+019   3.727659533070010E+009
    16   10   3.759390136195072E+009   3.521561997717292E+019   3.759390136195072E+009
  </DiscreteSampler_grid>
