  0.00000238911611092  0.00000240818853924  0.00000245817945554  0.00000251053210619
  0.00000256396566083  0.00000262023868138  0.00000267712639650  0.00000273553863934
  0.00000279846151982  0.00000286438974707  0.00000293182239548  0.00000300098459656
  0.00000307098227753  0.00000314333603518  0.00000321959714150  0.00000330031874459
  0.00000338678511730  0.00000347514743081  0.00000356456856908  0.00000365738298706
  0.00000375600277915  0.00000386254671495  0.00000397543461798  0.00000409062368003
  0.00000420808641398  0.00000433130210867  0.00000447644670174  0.00000462413799374
  0.00000477416746509  0.00000493018020740  0.00000509762356947  0.00000527882144078
  0.00000546926409998  0.00000566316288259  0.00000586756464691  0.00000608725493459
  0.00000632460657256  0.00000656242910645  0.00000681986109125  0.00000709854076210
  0.00000739077402366  0.00000769440930620  0.00000801748701472  0.00000836379422846
  0.00000872519691657  0.00000910148423987  0.00000950424064016  0.00000992707196103
  0.00001036420469662  0.00001083824365633  0.00001137111613758  0.00001191551176771
  0.00001249302215663  0.00001314232183069  0.00001380414023550  0.00001450782681560
  0.00001527670754921  0.00001610140847899  0.00001695124685191  0.00001793828745967
  0.00001891286450638  0.00002000181130823  0.00002120724856648  0.00002249049526593
  0.00002395212153486  0.00002544785551725  0.00002703650961249  0.00002875777534459
  0.00003060568623338  0.00003264940434984  0.00003494565222356  0.00003745514390222
  0.00004020744637431  0.00004311318031332  0.00004630800393207  0.00004988757368954
  0.00005382657608554  0.00005820507538046  0.00006280026346355  0.00006788311367940
  0.00007397276655980  0.00008113254902714  0.00008914727596823  0.00009821904719206
  0.00010888583513510  0.00012143520413577  0.00013545476521529  0.00015082628808138
  0.00016892989375486  0.00018999521974540  0.00021569325145729  0.00025355574645597
  0.00029512595635046  0.00034513662529990  0.00093757819574607  1.00000000000000000
 -0.00242411924861557  0.00985384558181552  0.02040779865254407  0.03059549556898237
  0.04100872683479517  0.05133291834508327  0.06171007292624275  0.07179100618346966
  0.08187910291789866  0.09215035284365006  0.10269761349941613  0.11320401642862193
  0.12393148260921620  0.13467997224621833  0.14530541024569663  0.15585086415602983
  0.16647573832335022  0.17721482096872571  0.18777164804482457  0.19849175217305354
  0.20889992883377850  0.21944311457581978  0.22969747761069756  0.24013608708966080
  0.25045041328662232  0.26055733493605021  0.27078858073698336  0.28133029499819817
  0.29187966415385830  0.30230207872786796  0.31267295712660037  0.32351700249451915
  0.33432823491975111  0.34520028184284840  0.35609234890487801  0.36699847163221239
  0.37755569154337965  0.38797294419940742  0.39854420794435352  0.40934924018841790
  0.42011275669814319  0.43081480634419478  0.44124394431571046  0.45142153528424489
  0.46161337424538657  0.47190094844888342  0.48227505895747935  0.49252106139599949
  0.50284087297792290  0.51354245163588763  0.52461524231979195  0.53577076717003247
  0.54667273434544617  0.55728436641781476  0.56779548714083639  0.57839701894985451
  0.58882833861045447  0.59923258524718992  0.60969446662155824  0.62032842955178702
  0.63111404725575404  0.64189077987624465  0.65241835412384885  0.66300745809170358
  0.67353945833279250  0.68442575931613159  0.69517727992934519  0.70593671788206647
  0.71658188021874147  0.72732615513008447  0.73807914099621397  0.74882662988530946
  0.75927791571657677  0.76974014021755133  0.78018084016336331  0.79067443610097821
  0.80127342822115966  0.81200441846913207  0.82247496351798977  0.83301937542119542
  0.84332520831451607  0.85358968625669662  0.86363234115115717  0.87372962853321845
  0.88408248693059155  0.89442475193470450  0.90462673968868135  0.91503016920564151
  0.92578253048399428  0.93669735097611440  0.94742293436160818  0.95813650354740154
  0.96879413333215825  0.97935222333160155  0.98963074593957656  1.00000000000000000
  0.00653106775285708  0.01793563355968259  0.03136512158859134  0.04506970113699337
  0.05807843344591113  0.07098322995184785  0.08390270068345422  0.09687410825363228
  0.10996959327512007  0.12313392581117233  0.13641119715563002  0.14948512421479707
  0.16221737689834173  0.17485291397134678  0.18742478474067611  0.19968159743155184
  0.21189580761689228  0.22429752033850642  0.23666103231183711  0.24904599711312891
  0.26119048508671772  0.27297353760058868  0.28439277509236482  0.29584673196121841
  0.30730769649978290  0.31856514621610016  0.32965918304550879  0.34080954627563487
  0.35212125253026388  0.36335505284701547  0.37459373396946000  0.38593420537779638
  0.39711754777156089  0.40781027499275863  0.41840023220511052  0.42901897734969058
  0.43959957097396801  0.45012315179384760  0.46070551902312307  0.47124236330138841
  0.48160570535624919  0.49180855771577353  0.50195959089999953  0.51208021644318580
  0.52205520806885075  0.53213036004231917  0.54219140523001075  0.55222699565388889
  0.56225598220949613  0.57211570899456943  0.58189126383951506  0.59136854689823803
  0.60080009083553121  0.61030431415480990  0.61978574573090961  0.62924980626641458
  0.63849195104020939  0.64779257790828704  0.65706085356349364  0.66637736781343437
  0.67569403420765128  0.68489791086239604  0.69399571149679529  0.70300702345612776
  0.71210242435309368  0.72129942937117053  0.73039226916095989  0.73927741578332051
  0.74811122563691501  0.75689722346294219  0.76570172502881084  0.77443775335536635
  0.78318047577440175  0.79189144494159214  0.80070608848283709  0.80961320354002175
  0.81854842274210671  0.82748587056003009  0.83628893544644423  0.84507672468764294
  0.85385722868326297  0.86264569568174487  0.87142422321838253  0.88008601220649973
  0.88860235769265739  0.89710187852778522  0.90570218739051678  0.91431416881617467
  0.92333616024111331  0.93235812183751376  0.94174232958348236  0.95153484572191460
  0.96176836713400704  0.97278473514506913  0.98560977208628608  1.00000000000000000
 -0.01251525802162197  0.08800868283808112  0.13630481065566064  0.16472484298542930
  0.18661484758087818  0.20548336202262013  0.22251987012094182  0.23751635822951564
  0.25128745164909100  0.26379222181018930  0.27587316101803733  0.28715094164850891
  0.29807552259610531  0.30858016060052312  0.31877537758836383  0.32866616140999100
  0.33842180363588398  0.34798234480250045  0.35731832065721481  0.36645334170838645
  0.37543454313569730  0.38429230055492486  0.39301006471345479  0.40162439056620219
  0.41018823940473276  0.41861943111304961  0.42693501450328941  0.43518152731436782
  0.44331116742473803  0.45136973388732404  0.45935957392745597  0.46732259750801053
  0.47518191643518176  0.48295863370705927  0.49065180765822830  0.49837183662847778
  0.50607346188408042  0.51370295252076348  0.52130135552783341  0.52871919703382242
  0.53626839625452949  0.54375088190650456  0.55127558500302531  0.55863789611205783
  0.56606072652239292  0.57350669746375360  0.58093963919842473  0.58836005171647510
  0.59576764316946440  0.60318299531076403  0.61055428131872092  0.61795621424138680
  0.62539319943915173  0.63273929166078069  0.63992040774638737  0.64694317065310936
  0.65382611901225185  0.66064633984581578  0.66753983778753212  0.67450673328499744
  0.68150273157800623  0.68855482856264538  0.69546216655347259  0.70245775670419885
  0.70940649266734157  0.71621347169737759  0.72299079877149641  0.72968085992124898
  0.73625352837410296  0.74277802642121449  0.74930878915302113  0.75582988681984886
  0.76229760406574032  0.76868555235193825  0.77502499072917175  0.78148419877633379
  0.78800470310906745  0.79449987948332013  0.80085417804919190  0.80723918394027461
  0.81370731604111701  0.82035688216362390  0.82709335946363483  0.83388994774027314
  0.84076443583922011  0.84765853586010564  0.85470779641424122  0.86213823318657534
  0.86993514417108964  0.87828661812034148  0.88723698482622670  0.89707143689102964
  0.90862635947010195  0.92342824539509805  0.94685968992832292  1.00000000000000000
   3.4474387617355831       -1.0000000000000000     
 F T T F F F F F F F F F F T T F F T T F F F F F F F F F F T T F
  <DiscreteSampler_grid>
  grouped_processes
  1 # 1 for a reference and 2 for a running grid.
  10 # Attribute 'min_bin_probing_points' of the grid.
  1 # Attribute 'grid_mode' of the grid. 1=='default',2=='initialization'
  0.0000000000000000 # Attribute 'small_contrib_threshold' of the grid.
  0.5000000000000000 # Attribute 'damping_power' of the grid.
 # binID   n_entries weight   weight_sqr   abs_weight
    10   10   1.675596465225615E+009   1.109183598252448E+019   1.675596465225615E+009
    11   10   1.675596465225615E+009   1.109183598252448E+019   1.675596465225615E+009
  </DiscreteSampler_grid>
