  0.00000236927852452  0.00000237516315300  0.00000238291136443  0.00000239474477322
  0.00000240778457372  0.00000242247353453  0.00000243734253236  0.00000245419575182
  0.00000247178565619  0.00000248921177268  0.00000250871292840  0.00000253214907082
  0.00000255823054201  0.00000258561655124  0.00000261389981767  0.00000264334985043
  0.00000267433562087  0.00000270701666913  0.00000274226884897  0.00000277907833208
  0.00000281813625892  0.00000285963696372  0.00000290255535057  0.00000294616260202
  0.00000299110100937  0.00000303930766486  0.00000308808297197  0.00000313710449907
  0.00000318877244373  0.00000324569714514  0.00000330801327754  0.00000337092332043
  0.00000343707423632  0.00000350819779266  0.00000358304555425  0.00000366106085052
  0.00000374227387479  0.00000382766378329  0.00000392004602413  0.00000401228211042
  0.00000410848729384  0.00000420939691761  0.00000431562308138  0.00000442766457243
  0.00000454674219878  0.00000467216127832  0.00000480159065332  0.00000493843075455
  0.00000508328540657  0.00000524238349162  0.00000540632330972  0.00000557667098163
  0.00000576181466900  0.00000596734682370  0.00000618850355748  0.00000641674140756
  0.00000665125144185  0.00000690458056284  0.00000719024052257  0.00000749730802924
  0.00000783007513578  0.00000819969922137  0.00000859399305342  0.00000900972255894
  0.00000947321273930  0.00000997672642906  0.00001051552473748  0.00001112337865575
  0.00001179682085807  0.00001254677872265  0.00001339995646100  0.00001432873181165
  0.00001535713295787  0.00001651652619130  0.00001784550472747  0.00001935175786166
  0.00002105949382651  0.00002298008403628  0.00002518235765410  0.00002770617879028
  0.00003072201647457  0.00003434272121602  0.00003857669259514  0.00004377131668356
  0.00005085700648297  0.00005954660794739  0.00007052554956723  0.00008577261138447
  0.00010819632494573  0.00013929400470475  0.00018833379399075  0.00027266396800764
  0.00045794850433290  0.00091537546659084  0.00464975959729393  1.00000000000000000
 -0.00261289195616168  0.01028604989516597  0.02086051722932845  0.03126739087468210
  0.04158148085427762  0.05209876365300513  0.06294886367211262  0.07385035272006771
  0.08503489440814273  0.09639314627983490  0.10732403486834609  0.11772888311498855
  0.12769185095479785  0.13778540847998758  0.14804257288047726  0.15866175644677580
  0.16894386599411021  0.17953646561867001  0.19017685008595520  0.20130919252722684
  0.21182704920124762  0.22187760830721481  0.23203650000464840  0.24239613187808326
  0.25279888576535869  0.26317695800895607  0.27355552324932736  0.28400660700125030
  0.29451196400648755  0.30519241222689208  0.31613371252414035  0.32698735628767450
  0.33793569430969078  0.34865425102006797  0.35916634828482474  0.36959751699473214
  0.37967397786614959  0.38938024228525858  0.39921327833117187  0.40944464188093116
  0.42053380893711023  0.43138832701193763  0.44232317938533888  0.45379185136306965
  0.46494287509898174  0.47561277720482115  0.48589354807093982  0.49636404270230339
  0.50676703671141787  0.51751885035364831  0.52838044563589825  0.53915983587271255
  0.54907868283911210  0.55878705966018649  0.56869861432250512  0.57924450551985751
  0.58921923038372415  0.59868066480832594  0.60834844234443619  0.61801395135420401
  0.62779381999583916  0.63774932467794021  0.64803081779123439  0.65874881157716925
  0.66950586534384493  0.68000026933973134  0.69045664510863292  0.70087486862542614
  0.71132914232978939  0.72206136024364098  0.73284300406298775  0.74342757319030439
  0.75405927351587998  0.76500125471763825  0.77603077739419979  0.78688032851599299
  0.79739547929393095  0.80747095319298967  0.81783281884085435  0.82846210417588428
  0.83921507087443126  0.84986453481283730  0.86067559627573420  0.87162078100753659
  0.88259388419780660  0.89366522165694151  0.90490485078952065  0.91585644033550506
  0.92608800906891098  0.93604246008593039  0.94633235884078970  0.95669296503581314
  0.96747663367875203  0.97789398180622711  0.98902969595597467  1.00000000000000000
 -0.00465956839306161  0.02514507300121295  0.05041226473003502  0.07519287343478280
  0.09925068876724163  0.12311921860573787  0.14660305620932104  0.16916389789142589
  0.19117605148567024  0.21276801858493341  0.23391804739564245  0.25441624750654201
  0.27450302302301166  0.29427177410821664  0.31373310534004012  0.33287944616039922
  0.35145555087586972  0.36981979483978972  0.38780518672495673  0.40544441506727535
  0.42279746300037641  0.43979924445577778  0.45630399339014521  0.47232545514439567
  0.48802425964707719  0.50350759107064758  0.51869857663893448  0.53347781415562490
  0.54782547382829228  0.56178878856335257  0.57564711197740703  0.58927342342320554
  0.60263913241964717  0.61578107965470286  0.62866981015379686  0.64122078800495608
  0.65352124192479444  0.66549446028304327  0.67706919893196293  0.68841973641459631
  0.69965593807857407  0.71062979841895924  0.72123403264989649  0.73157939884817313
  0.74172558324599291  0.75167595451897673  0.76143823531365329  0.77109411823529239
  0.78048513528093000  0.78961744004839529  0.79842892973146917  0.80704302512553716
  0.81552156283894839  0.82385729293605947  0.83198206471565006  0.83987066691711554
  0.84749055664688400  0.85492912872803650  0.86214623872356588  0.86924454310282229
  0.87612230905713084  0.88281545043266618  0.88927460868422781  0.89557802028541822
  0.90173539207164921  0.90772080513418574  0.91354035412823698  0.91909787468135196
  0.92436695131606272  0.92944396384773953  0.93436862126466369  0.93911592524871912
  0.94366943779971035  0.94804663975890902  0.95235889668692930  0.95640169818298371
  0.96021325058434759  0.96367695690980815  0.96691782421587424  0.97005004713291965
  0.97304587631351702  0.97593198221256561  0.97867219343924061  0.98124617079841359
  0.98365647402954592  0.98591493425469945  0.98803767125605224  0.99000116968580498
  0.99173240522014838  0.99333613156362000  0.99479486499004133  0.99608976722633336
  0.99721574101661981  0.99817759839588716  0.99910360462196979  1.00000000000000000
 -0.02008516403156477  0.09216413291617913  0.12194241240111431  0.14091751953466952
  0.15610116228987708  0.16934644402351393  0.18153406830275004  0.19296889156858693
  0.20387790539838149  0.21417903526168300  0.22395781875871687  0.23362219354291400
  0.24335286494810118  0.25296589146594622  0.26222968500849686  0.27136777979179560
  0.28090197757212565  0.29059303057209251  0.30015970472612241  0.30970234014318576
  0.31940070699481776  0.32912099035785319  0.33850434994238715  0.34772282589102976
  0.35701439454103878  0.36656905505830256  0.37617067361305984  0.38554379750104822
  0.39472858449430148  0.40355042441387201  0.41233598172009206  0.42119084900450698
  0.42995769482195201  0.43891719726203793  0.44813094946572724  0.45770638473199815
  0.46768064507007756  0.47780272040211830  0.48799642038400187  0.49801001973644299
  0.50738185832399796  0.51608070102293890  0.52428066685580166  0.53255095925981843
  0.54082919559181897  0.54934463396388866  0.55791159208658359  0.56631060977540837
  0.57452062172465612  0.58280114908404657  0.59097397372435656  0.59905705109007790
  0.60687804837451309  0.61463204804143057  0.62239136893148705  0.63051649435984969
  0.63890577221653277  0.64675782907663848  0.65415470028870371  0.66139153426787067
  0.66857762191243264  0.67567053682529599  0.68261044303568175  0.68949069581747202
  0.69632954343716025  0.70321464318831239  0.71021243175732762  0.71734777625507073
  0.72455305515897339  0.73169282681148906  0.73869634851364951  0.74555046055710161
  0.75225586957458390  0.75884995142761624  0.76538610205586854  0.77179600334123566
  0.77815517130433887  0.78454140724108545  0.79101053636568086  0.79748022514440220
  0.80387870872458578  0.81029319811526224  0.81674314398213144  0.82320919584033647
  0.82980834682930504  0.83660365624064492  0.84361235535048407  0.85079969813675616
  0.85840232455902410  0.86653109764330094  0.87541156352570870  0.88544266045456133
  0.89732738250630273  0.91272815601797541  0.93808353864090988  1.00000000000000000
   2.7283912431199848       -1.0000000000000000     
 F F F T F F T F F T F F T F F F F F F F F F F F F F F F F F F F
  <DiscreteSampler_grid>
  grouped_processes
  1 # 1 for a reference and 2 for a running grid.
  10 # Attribute 'min_bin_probing_points' of the grid.
  1 # Attribute 'grid_mode' of the grid. 1=='default',2=='initialization'
  0.0000000000000000 # Attribute 'small_contrib_threshold' of the grid.
  0.5000000000000000 # Attribute 'damping_power' of the grid.
 # binID   n_entries weight   weight_sqr   abs_weight
    10   10   3.291605192179482E+010   2.249618208850527E+021   3.291605192179482E+010
  </DiscreteSampler_grid>
