 -0.00075405079715744  0.00979221235580055  0.01380391040722720  0.01767456773312937
  0.02225177283188507  0.02682218767040405  0.03158858379237804  0.03676406359749800
  0.04202845431382408  0.04736727802600595  0.05295504584401116  0.05870979815017303
  0.06450893920972221  0.07040334965541939  0.07666057414454019  0.08314169747656942
  0.08961851413208598  0.09627406001659719  0.10290575720554947  0.10986679027978523
  0.11694923436051725  0.12397074272457170  0.13147275608702280  0.13900036927197718
  0.14654984806400650  0.15449017936527187  0.16255905216040886  0.17060990963600051
  0.17917912693458099  0.18789262307783797  0.19663536706976564  0.20550511887719983
  0.21490417256711086  0.22459085520731406  0.23414955196769544  0.24363992692948419
  0.25323907617856334  0.26320832431434388  0.27311131081783629  0.28322734106818825
  0.29363184601274261  0.30463754815198241  0.31581888237254951  0.32694652176145128
  0.33806475786773998  0.34929278324082091  0.36133284823427936  0.37347485789777418
  0.38551160698270059  0.39758929577971125  0.40971942008159029  0.42205841202426814
  0.43520944949463708  0.44835230489931965  0.46148924007511616  0.47472153524507554
  0.48798095403804570  0.50131848343022845  0.51496929936965308  0.52878591783947970
  0.54267435785085560  0.55668974166566310  0.57073441859696927  0.58462989538347754
  0.59853164204460763  0.61272103716882176  0.62675501751714913  0.64071698400079058
  0.65450904019998646  0.66808340231833618  0.68153605640398318  0.69483694065739443
  0.70804626819815009  0.72144675142767278  0.73493332667249944  0.74821885314850167
  0.76147873513491882  0.77443874794062384  0.78716179328705460  0.79974869471184562
  0.81226579481873840  0.82469158500275286  0.83714770524763382  0.85024038783740918
  0.86303305310140821  0.87573524960223459  0.88817391376384647  0.90048440545370390
  0.91291325738851326  0.92548380316278778  0.93844541441271878  0.95110600626799435
  0.96345723482045897  0.97558828271043041  0.98766806252523787  1.00000000000000000
 -0.00266371130410751  0.00993758306371673  0.02080269934429268  0.03170489130601263
  0.04255786429438063  0.05336893266534200  0.06400431732607267  0.07463523419559230
  0.08516963326724562  0.09555385353097753  0.10607056579356409  0.11672748805642193
  0.12744422580120748  0.13813525267620072  0.14910871644116383  0.16030554551666207
  0.17140698886671593  0.18238983902080103  0.19329067030157859  0.20410440335288643
  0.21473755498905822  0.22527015678670334  0.23568303375554830  0.24593376837306505
  0.25608669768687481  0.26624848474003099  0.27648693034560295  0.28666270979851055
  0.29693931905055954  0.30743317141474363  0.31829348269744406  0.32940093697903272
  0.34057637050719836  0.35163479340839088  0.36246890622698053  0.37313822961081716
  0.38363499380696825  0.39399244144548712  0.40423997349419466  0.41446283074925788
  0.42470855872398977  0.43501493885670528  0.44558062219485867  0.45628955997522286
  0.46703163517068041  0.47770689053893778  0.48831447793351929  0.49881714249924508
  0.50911002190107402  0.51931764179585049  0.52952980651918236  0.53982005948756129
  0.55011240519085536  0.56036613028385795  0.57067315536346008  0.58102393563331933
  0.59156111799428057  0.60201789619514001  0.61263474935415618  0.62323684537514601
  0.63407928525817581  0.64496678078181957  0.65586638033513289  0.66672298624226178
  0.67765097137291253  0.68847460607860866  0.69906003352889123  0.70939575503381347
  0.71955165775165175  0.72979858773686224  0.74006896151210799  0.75020891383650068
  0.76030133789407950  0.77040213909279998  0.78037663843289529  0.79013199258630595
  0.80007194878996291  0.80997162121464261  0.82054229399747591  0.83103873035778553
  0.84201900333847912  0.85293155512656349  0.86334562382199542  0.87373665289889757
  0.88390865420139053  0.89421693891416654  0.90450422825213350  0.91496386021784026
  0.92555803143320325  0.93633335639431603  0.94690105742045927  0.95750724865040715
  0.96782615866387045  0.97846048564297605  0.98909636062747763  1.00000000000000000
  0.00292241223686558  0.01132984659990368  0.01823354930655503  0.02564112955211156
  0.03355415997551693  0.04153322042607138  0.04964804247023398  0.05750537446238493
  0.06531465165060517  0.07297164214086781  0.08066726673169806  0.08884686274522846
  0.09721039095712519  0.10569253273030667  0.11426708485851751  0.12282911116847528
  0.13138220500162304  0.13984719091528261  0.14819244016590111  0.15636127324702581
  0.16451382350356203  0.17279941073215196  0.18116548573559021  0.18951676473793727
  0.19778260902605835  0.20610256675046917  0.21466946272322221  0.22346060312720492
  0.23217086427960537  0.24057918687336236  0.24903253963450969  0.25741590502143835
  0.26585911790060973  0.27437152493307376  0.28287367811729081  0.29134619695199759
  0.29989842423137880  0.30859713528808386  0.31750297227697333  0.32658979010594325
  0.33570618247572748  0.34469094206168344  0.35362806845153671  0.36265975498219116
  0.37191613871857926  0.38132573215578675  0.39077219633993227  0.40032829305823536
  0.40978726390515369  0.41903957919222978  0.42810688449257167  0.43708170018614911
  0.44625410980363267  0.45556677189630534  0.46505819980798024  0.47459106640792115
  0.48417976253913225  0.49384930993077669  0.50368470137056220  0.51361931700607300
  0.52368735816170708  0.53387169427970582  0.54417354020538256  0.55448554767283098
  0.56476504082143919  0.57489573456529863  0.58510661285918419  0.59557110487440512
  0.60629910155567568  0.61704432864805159  0.62774585936738125  0.63847955423661906
  0.64941905057666371  0.66055627551361129  0.67189423326739517  0.68341458926359788
  0.69509089383030520  0.70692932331393055  0.71891845346297933  0.73116355050563941
  0.74362507999201266  0.75603642436443830  0.76855145332185337  0.78150095583103363
  0.79485235281175803  0.80843549248945934  0.82228292029466499  0.83643469371631562
  0.85115356287409749  0.86681134041850538  0.88348498565206823  0.90116300310043085
  0.91965744408293959  0.93988054407783672  0.96525401480454320  1.00000000000000000
 -0.01083174568803950  0.09499436318932138  0.14656923152037171  0.17695543110801198
  0.20158915811499792  0.22268806759553056  0.24078071857271538  0.25707285656086343
  0.27195668145367646  0.28596627602122782  0.29937956137400090  0.31243019379110332
  0.32526167041736542  0.33762767425946510  0.34930541392016601  0.36047564899143697
  0.37143128514361945  0.38225465184572754  0.39283031454977069  0.40330373571901273
  0.41356497840695955  0.42371354562843344  0.43364240976839796  0.44346647799621863
  0.45313104314735264  0.46262611414530536  0.47196451238867909  0.48128565583442212
  0.49077997036223397  0.50032467960244242  0.50987334498569115  0.51915230971428294
  0.52823438534442724  0.53706617809673940  0.54589626393670576  0.55456786007873160
  0.56321698597808068  0.57133353693542033  0.57942993341590054  0.58747905499164454
  0.59546092112649796  0.60352970087603730  0.61149012401134717  0.61927600636242164
  0.62700533110606116  0.63477699912370855  0.64248485648335107  0.65000212969257876
  0.65732189248576223  0.66455921302833676  0.67153147091130017  0.67831695161046413
  0.68502135967934918  0.69160387663762968  0.69806908730850570  0.70447114429631175
  0.71086019004248435  0.71727191085376474  0.72373055147707421  0.73010724612263056
  0.73645459440461691  0.74266531081206355  0.74883098705858742  0.75490569692099796
  0.76091991920110824  0.76691357366813628  0.77282229588814277  0.77859478621493561
  0.78424779306708581  0.78973636953586290  0.79502483254997280  0.80022488956849080
  0.80545126263817124  0.81079111219076172  0.81607839298271523  0.82134327904781090
  0.82658913913929910  0.83186023069321968  0.83720909238486141  0.84258096123142789
  0.84793188657728358  0.85328828555209646  0.85871274382841922  0.86421872512396436
  0.86973387895373822  0.87530787856405112  0.88103365789820298  0.88690370944372654
  0.89302717260850561  0.89965188255449213  0.90685933781669215  0.91476145946886478
  0.92411728714821095  0.93637604417592124  0.95641024259655105  1.00000000000000000
  0.14219206724836808       -1.0000000000000000     
 T F F T F F F F F F F F T F F T F F F F F F F F F F F F F F F F
  <DiscreteSampler_grid>
  grouped_processes
  1 # 1 for a reference and 2 for a running grid.
  10 # Attribute 'min_bin_probing_points' of the grid.
  1 # Attribute 'grid_mode' of the grid. 1=='default',2=='initialization'
  0.0000000000000000 # Attribute 'small_contrib_threshold' of the grid.
  0.5000000000000000 # Attribute 'damping_power' of the grid.
 # binID   n_entries weight   weight_sqr   abs_weight
    10   10   4.089923171647446E+008   1.735225109957060E+017   4.089923171647446E+008
  </DiscreteSampler_grid>
