  0.00000237108738684  0.00000238442749423  0.00000239739898310  0.00000241154536952
  0.00000242646766116  0.00000244217195147  0.00000245806088856  0.00000247354908449
  0.00000249378635201  0.00000251884299983  0.00000254547345928  0.00000257341679159
  0.00000260202720057  0.00000263260627556  0.00000266528651827  0.00000269911078816
  0.00000273652947897  0.00000277838990130  0.00000282240953996  0.00000286765512170
  0.00000291383516506  0.00000296107804305  0.00000300928957051  0.00000305732219492
  0.00000310479276147  0.00000315359212202  0.00000320808116764  0.00000327412552982
  0.00000334747320507  0.00000342313719523  0.00000350001013458  0.00000357800672975
  0.00000365840754052  0.00000374419832319  0.00000384732708269  0.00000395329198314
  0.00000405898941001  0.00000416273553223  0.00000427006124054  0.00000439178828201
  0.00000452261914531  0.00000465924427724  0.00000480509280000  0.00000496116132115
  0.00000513325301645  0.00000532478301861  0.00000552877581385  0.00000573930925085
  0.00000596867806425  0.00000621814210611  0.00000648034925246  0.00000676692552656
  0.00000710132344424  0.00000745606213662  0.00000783160472066  0.00000823992492783
  0.00000868632701251  0.00000916415214568  0.00000968799709529  0.00001026502998230
  0.00001086181198310  0.00001149050060393  0.00001214261174797  0.00001284281837664
  0.00001361285356134  0.00001445971618490  0.00001542671888499  0.00001650583084066
  0.00001775839187182  0.00001915650299575  0.00002070443950539  0.00002246293580663
  0.00002450781413289  0.00002674987362476  0.00002932874529807  0.00003210383764819
  0.00003523038120552  0.00003870944386921  0.00004255644947651  0.00004690159747737
  0.00005145004066650  0.00005670203011381  0.00006376379768277  0.00007229750483570
  0.00008361220409520  0.00009923029688077  0.00011842639288827  0.00014525810831611
  0.00017920148848794  0.00023233823663800  0.00033585367343194  0.00044735194863287
  0.00065097690939739  0.00102079369498311  0.01402634481789995  1.00000000000000000
 -0.00267939827671448  0.00962242596982463  0.01967071540285039  0.02950881105008521
  0.03988734235905636  0.05016193753170400  0.06057569077974537  0.07040845489917176
  0.08039293786359721  0.09043531935337557  0.10056199723955761  0.11054340797587468
  0.12050660127340235  0.13017593453401086  0.13994453329216625  0.14936678945858714
  0.15887846410247189  0.16956504006251186  0.18090826676058833  0.19266046041765036
  0.20450511139746394  0.21636481422262313  0.22774686000554525  0.23888895673421973
  0.24982529105753473  0.25999139582076408  0.27025699357613275  0.28060091522901215
  0.29044035933220869  0.29967854392722426  0.30904360570898953  0.31938910943172188
  0.33071313998764207  0.34122370973072685  0.35169306034492431  0.36204612331057140
  0.37268118711723752  0.38372065812433898  0.39522140172662323  0.40717324693593748
  0.41863592589550119  0.42903140973149839  0.43961734213806042  0.45016700720968544
  0.46064535373033089  0.47068435703097500  0.48109943565508018  0.49216447478195557
  0.50294841330722351  0.51331053180232045  0.52338755663641257  0.53365530323240040
  0.54367144460360051  0.55402511691727463  0.56473178152374681  0.57532148603910127
  0.58558211136373006  0.59567156295199197  0.60553538484613445  0.61570836299798437
  0.62628879282889682  0.63742881778687277  0.64908970407249988  0.66074250923977695
  0.67267479832376753  0.68461340281524552  0.69635149271444741  0.70728748554732601
  0.71833394899184178  0.72889771870475306  0.73973461608584046  0.75024416840015684
  0.76070848221439102  0.77053424753478428  0.77992798128685203  0.78940043619842293
  0.79934515596553080  0.80968297062213290  0.81997726923378811  0.83018364535927081
  0.84058305137646849  0.85131930603037820  0.86206510003817849  0.87274255945800927
  0.88343328405109844  0.89355458837548485  0.90344880715937870  0.91404044216245417
  0.92535503143496856  0.93747403922266948  0.94915611951755663  0.96059602007826195
  0.97095188702083068  0.98106263695333196  0.99050592942373406  1.00000000000000000
  0.00752404051581873  0.02627298146763130  0.04759964025481665  0.06912812717307933
  0.09043726544761932  0.11138017288703209  0.13222207706490713  0.15260859242030103
  0.17243756114895484  0.19208707810909637  0.21161209399464770  0.23088702989576040
  0.24956739989320145  0.26769629425210500  0.28536768910288990  0.30276856427545262
  0.31986381377011153  0.33697930203548804  0.35419489946067906  0.37119654329562790
  0.38793781712456848  0.40399411737260410  0.41930980396189838  0.43467159759102980
  0.45018829591216414  0.46573454252582880  0.48105007479588874  0.49616949222402390
  0.51091854974819872  0.52533706901463673  0.53939403764681926  0.55289322703755750
  0.56596064204945606  0.57885652739208782  0.59163987499017945  0.60431772216268675
  0.61695146281928581  0.62946582104357107  0.64177743751368310  0.65386329572214341
  0.66571900421708252  0.67727204379154893  0.68878074450641635  0.69992662448913323
  0.71114802417895406  0.72212261375541753  0.73284419456347949  0.74305104385951959
  0.75296692195133774  0.76280651169841085  0.77260848380885783  0.78220016583171392
  0.79163231885760377  0.80067081189550449  0.80944560476672911  0.81819542745746976
  0.82700379171435479  0.83539995448446658  0.84338836430954733  0.85100636548178221
  0.85831108479185203  0.86546169532302120  0.87254742757091963  0.87943782203928944
  0.88605493303821692  0.89248721131828124  0.89857855526881325  0.90463413109683133
  0.91074450452450140  0.91674863280173224  0.92256482265404682  0.92811920530041503
  0.93360532989662548  0.93879095117094913  0.94314922922596856  0.94742327016104677
  0.95175545235196868  0.95591694982854458  0.95980008873500389  0.96346373973968991
  0.96698750282246038  0.97030035607766818  0.97336698600165328  0.97627712259727217
  0.97908462511521210  0.98162575942469021  0.98416767746315315  0.98665758125865310
  0.98897931212073142  0.99107021982764931  0.99290810859035594  0.99457595406169419
  0.99610392929841240  0.99744520584708596  0.99873324120900975  1.00000000000000000
 -0.00287758649279104  0.08893598437506231  0.11744035539945945  0.13652468439635448
  0.15236779071150439  0.16627901759348565  0.17904311506382523  0.19084671485639634
  0.20200167297447938  0.21289796606844577  0.22350788621888620  0.23398700009053425
  0.24393218514277856  0.25365161764154526  0.26321479945365489  0.27297926177557907
  0.28287877953785012  0.29295692747486868  0.30271233199188374  0.31233790539114509
  0.32164632300104090  0.33116924714595380  0.34049789481815124  0.34954975831616392
  0.35846884851349575  0.36734844653628268  0.37662209240370353  0.38582670329070223
  0.39473120158906638  0.40330718386366626  0.41200661284631557  0.42062996812472286
  0.42923340686819256  0.43788290261288937  0.44730861488815798  0.45661231788209944
  0.46512659120792504  0.47359192377212384  0.48258135213346987  0.49208064694244336
  0.50152136549234883  0.51064282519392012  0.51965353775002343  0.52879711587717926
  0.53801547271281791  0.54705116123824182  0.55585698182055032  0.56452490588578663
  0.57319060917794817  0.58212621678271426  0.59118902468405754  0.60019013165758717
  0.60888832722206754  0.61738348940220622  0.62608303796593123  0.63447609122620763
  0.64282095274776019  0.65111936749856647  0.65935549106401736  0.66797151305633073
  0.67570867409451463  0.68310178109935493  0.69015701543758001  0.69715366606843288
  0.70397945239906923  0.71076451862125434  0.71773366166715058  0.72498887025807046
  0.73169004741493493  0.73781410909416567  0.74384200830609537  0.74986402095284554
  0.75606357287785808  0.76242841614307377  0.76882366587945039  0.77499369118335537
  0.78076362535638566  0.78656890983952887  0.79236559490315928  0.79833529107761547
  0.80445957308477356  0.81074911503284686  0.81714542752188191  0.82341681741686623
  0.82956519709189391  0.83594644862030587  0.84278992869555525  0.85018252754703794
  0.85832137329548430  0.86738056956007759  0.87695690441924334  0.88737344438113186
  0.89950275685892533  0.91544450237450459  0.93972739655998039  1.00000000000000000
   22.356409539414759       -1.0000000000000000     
 F F F T F F T F F T F F T F F F F F F F F F F F F F F F F F F F
  <DiscreteSampler_grid>
  grouped_processes
  1 # 1 for a reference and 2 for a running grid.
  10 # Attribute 'min_bin_probing_points' of the grid.
  1 # Attribute 'grid_mode' of the grid. 1=='default',2=='initialization'
  0.0000000000000000 # Attribute 'small_contrib_threshold' of the grid.
  0.5000000000000000 # Attribute 'damping_power' of the grid.
 # binID   n_entries weight   weight_sqr   abs_weight
    10   10   1.325585526708196E+010   3.402349026998045E+020   1.325585526708196E+010
  </DiscreteSampler_grid>
