  0.00000238868882477  0.00000240706811243  0.00000245776110304  0.00000250805638715
  0.00000256077071363  0.00000262043190009  0.00000267998330300  0.00000274138974527
  0.00000280769721493  0.00000287751463378  0.00000294994719330  0.00000302376926290
  0.00000309785695346  0.00000317444908438  0.00000325792200027  0.00000335000594682
  0.00000344309758484  0.00000353842003096  0.00000363723317657  0.00000374199699324
  0.00000385639246471  0.00000397930566446  0.00000410445202288  0.00000423435522052
  0.00000437098767456  0.00000452228238421  0.00000467810909091  0.00000483742537157
  0.00000500444077844  0.00000518402945456  0.00000538238848529  0.00000558545679249
  0.00000580003194922  0.00000603049530603  0.00000627409258123  0.00000652323292361
  0.00000678385065592  0.00000706665723443  0.00000736711026719  0.00000767445395729
  0.00000800428249106  0.00000836652992885  0.00000873645317782  0.00000912722916253
  0.00000956288269029  0.00001002073048788  0.00001049856393776  0.00001101252172241
  0.00001156570878648  0.00001215086428713  0.00001278170084265  0.00001347594319616
  0.00001418840784557  0.00001497769043709  0.00001582069524018  0.00001672268966699
  0.00001770429924588  0.00001875663895119  0.00001985205451788  0.00002110256528214
  0.00002237886726799  0.00002386434771900  0.00002539058814489  0.00002706765293756
  0.00002886531099833  0.00003082516824223  0.00003300087050242  0.00003541963437844
  0.00003804226450685  0.00004085078880349  0.00004392870950759  0.00004731072831628
  0.00005112091300402  0.00005538998015410  0.00006007160749733  0.00006525619156818
  0.00007095729189119  0.00007751220165987  0.00008487098233033  0.00009328123164299
  0.00010283144403841  0.00011385801961464  0.00012694983630820  0.00014314722630465
  0.00016454286934073  0.00018892327371768  0.00022004733992010  0.00025392540084019
  0.00029594191769877  0.00035331222630946  0.00046000150636396  0.00059005974183660
  0.00074284958926156  0.00095391002953130  0.01273537868003537  1.00000000000000000
 -0.00253401343453390  0.00974624806093949  0.02014823959142954  0.03109466925285952
  0.04181249928892324  0.05231091125349414  0.06264314562375872  0.07319959692800612
  0.08388622883469726  0.09458700536240201  0.10508179515787955  0.11563774579945972
  0.12600522208584977  0.13643364649962986  0.14676814661772913  0.15708775409052217
  0.16749417866842339  0.17800675795779838  0.18861728369451855  0.19931574198778454
  0.21007260192542127  0.22080837039240114  0.23144434617664281  0.24220374325484487
  0.25304758899625335  0.26378892708162976  0.27457024097206240  0.28549046663587407
  0.29633022759998029  0.30712654207865675  0.31783015673703280  0.32852144358695540
  0.33917461884102917  0.34991020438778669  0.36053593088241070  0.37130415096438013
  0.38192397283967167  0.39243104400346945  0.40267047628685093  0.41294056401623552
  0.42317982207583449  0.43346886304981225  0.44364284248464914  0.45379116807758835
  0.46377616253173010  0.47386967553927667  0.48401257394801916  0.49457034206837858
  0.50520329701137867  0.51604671550525916  0.52698463537425977  0.53789005171170456
  0.54876996837104020  0.55945069182251062  0.57023767342194687  0.58093925776023336
  0.59160910509732445  0.60217266105097667  0.61273496426494312  0.62320195255899502
  0.63335796338089467  0.64343395293745709  0.65362607069168910  0.66390574717779993
  0.67446448522930458  0.68496013483880258  0.69542911801796514  0.70585553882332353
  0.71631659673964654  0.72698439091314970  0.73756190539775723  0.74810549588197461
  0.75885050332054982  0.76954409543116076  0.78018524714678517  0.79056163971085591
  0.80096100794205383  0.81139341297974765  0.82157603363072484  0.83183288631018171
  0.84238168307981209  0.85287070714700863  0.86340974841642604  0.87368968828325688
  0.88422986260072733  0.89464478211231735  0.90497350978333657  0.91541839147346882
  0.92597375996401776  0.93637912765075504  0.94679160731475576  0.95713960717848867
  0.96766950502247984  0.97830875832479858  0.98912022316577908  1.00000000000000000
 -0.00054954225929372  0.01375362879436795  0.02746228871983916  0.04136816492130384
  0.05531634500948101  0.06921271705581830  0.08290959204223164  0.09650688890496872
  0.11010258129719318  0.12372836400549923  0.13707306251836135  0.15025317011825265
  0.16333780871147380  0.17650714659634509  0.18957535156292118  0.20266748412703808
  0.21556783110647518  0.22835923496846397  0.24093404078504135  0.25323485097147891
  0.26547054637441969  0.27752242633435154  0.28949070193631876  0.30130952995558036
  0.31311044245353403  0.32477236908459367  0.33630513084538893  0.34773600239086500
  0.35901409470660017  0.37034219963005144  0.38182761751166500  0.39329694821410993
  0.40442990984565363  0.41537650848919372  0.42637888515738798  0.43741801628659838
  0.44835518758631177  0.45910912631403172  0.46973390926286729  0.48023528653531533
  0.49065527165484141  0.50104114457082327  0.51135930056406953  0.52153204023031197
  0.53152020871997741  0.54143482593846948  0.55139568549754836  0.56127385634549454
  0.57106568816244285  0.58087064007750622  0.59076374515687136  0.60079502766951809
  0.61084348349079209  0.62080736269516956  0.63069030857209585  0.64043581754188827
  0.65002410868892790  0.65952721961149119  0.66892338275002672  0.67826726617580346
  0.68752890162813374  0.69679571504406057  0.70608338336835552  0.71538696553606596
  0.72470619727744190  0.73388090505486336  0.74290277814043859  0.75182500222556448
  0.76053906364234125  0.76941130959313375  0.77802751279919324  0.78664769850690663
  0.79522483421661627  0.80365663868456028  0.81194858720082363  0.82021812322208276
  0.82856192719399602  0.83715031273815155  0.84583028784126446  0.85445198484866813
  0.86304084596461350  0.87163085815376362  0.88025098427708082  0.88894214780346337
  0.89767694272929466  0.90635081145789109  0.91486533339821430  0.92325656272033119
  0.93158315886596377  0.94006186545918102  0.94872366116986773  0.95735598752347684
  0.96676641309369304  0.97646318305516644  0.98766409272437417  1.00000000000000000
 -0.01207765480687598  0.09224264856351991  0.14826776003983352  0.17998409142272412
  0.20451319850148386  0.22518752654294988  0.24317203640576168  0.25958742848094518
  0.27485994138807657  0.28938851884597638  0.30328781354307355  0.31647005252836513
  0.32905098006037231  0.34113079236297378  0.35295605543891706  0.36443268019444097
  0.37559367680474154  0.38641156420349049  0.39705559203957580  0.40743766634759360
  0.41782652782633406  0.42803906849446560  0.43818585385226971  0.44821700588860003
  0.45797066197373892  0.46768881922653699  0.47731833803979884  0.48696541276610461
  0.49656428718387513  0.50598739316400199  0.51522499760718199  0.52437527074804891
  0.53320642687142994  0.54207975996337210  0.55073296345035283  0.55930885061472713
  0.56758028958856344  0.57561791938514173  0.58361877718096078  0.59150652355120870
  0.59937203749852808  0.60713823700539349  0.61482177039473540  0.62245591410806655
  0.63008200815574522  0.63768109193082101  0.64512723002890737  0.65237083471401336
  0.65950578981029384  0.66651527589690329  0.67332413996817608  0.68000515366153547
  0.68658102301248825  0.69303106495867317  0.69943727241217191  0.70582480876209197
  0.71210035340984623  0.71817623429763722  0.72415515147993892  0.73005602374825374
  0.73585090456662416  0.74158196086502715  0.74727884133428157  0.75290688039898901
  0.75850998430266725  0.76406904527497299  0.76955951701444392  0.77497680689418647
  0.78036266265258725  0.78575209542393609  0.79111764981559785  0.79640536628410796
  0.80157589033100829  0.80673980164941328  0.81183098900037742  0.81686497879912867
  0.82185430781084401  0.82684779586770418  0.83188476823282198  0.83703041320805460
  0.84226710798522553  0.84752595451536639  0.85284901922576883  0.85834663223642371
  0.86401049730986168  0.86971438374782273  0.87555764884751930  0.88188316881234585
  0.88847786864028044  0.89555837263851656  0.90331683704927246  0.91191358023606184
  0.92205181340139175  0.93519593389267019  0.95591636653029999  1.00000000000000000
  0.43269162853448384       -1.0000000000000000     
 F T T F F F F F F F F F F T T F F F F F F F F F F F F F F F F F
  <DiscreteSampler_grid>
  grouped_processes
  1 # 1 for a reference and 2 for a running grid.
  10 # Attribute 'min_bin_probing_points' of the grid.
  1 # Attribute 'grid_mode' of the grid. 1=='default',2=='initialization'
  0.0000000000000000 # Attribute 'small_contrib_threshold' of the grid.
  0.5000000000000000 # Attribute 'damping_power' of the grid.
 # binID   n_entries weight   weight_sqr   abs_weight
    10   10   8.772910328806461E+008   1.303865605519230E+018   8.772910328806461E+008
    16   10   9.012717123238703E+008   1.341400239239938E+018   9.012717123238703E+008
  </DiscreteSampler_grid>
