  0.00000237867497693  0.00000240921381633  0.00000247318217774  0.00000253111481881
  0.00000259064504400  0.00000265339842257  0.00000271748106419  0.00000278338141773
  0.00000285451812712  0.00000292766262886  0.00000300179380044  0.00000307787919277
  0.00000315814419664  0.00000324390092211  0.00000333412166784  0.00000342823599564
  0.00000352359275200  0.00000362208771792  0.00000372515886868  0.00000383782252369
  0.00000396070152438  0.00000408497625457  0.00000421167825967  0.00000434560675102
  0.00000449678286292  0.00000465163368385  0.00000480806928448  0.00000497166698511
  0.00000514936141602  0.00000534414762720  0.00000554465688999  0.00000574841881614
  0.00000597483734692  0.00000621471924733  0.00000646245351627  0.00000671868175400
  0.00000699756898751  0.00000730117265032  0.00000760902005360  0.00000793311961921
  0.00000828456360344  0.00000865899472453  0.00000904131222855  0.00000947270775774
  0.00000993474311620  0.00001041077835513  0.00001092629126533  0.00001148015264210
  0.00001205982034905  0.00001268254340689  0.00001335920439307  0.00001407927185555
  0.00001486686299614  0.00001571804711719  0.00001659442786983  0.00001754004004807
  0.00001854955082835  0.00001964264091666  0.00002085444564249  0.00002217050392275
  0.00002359147920149  0.00002513259280993  0.00002678372573532  0.00002859203461343
  0.00003050813955403  0.00003258956556357  0.00003485971330435  0.00003740227702406
  0.00004026709383487  0.00004347661083919  0.00004698570594181  0.00005097305896876
  0.00005547729805112  0.00006068974998991  0.00006621714576296  0.00007235593039104
  0.00007941721585538  0.00008749532155608  0.00009619734705878  0.00010596487831407
  0.00011733934782985  0.00013005120072322  0.00014454212671734  0.00016398988076093
  0.00018788463028950  0.00021149634880623  0.00023589608536001  0.00026426002447756
  0.00029978541840040  0.00035379884974292  0.00043709962678071  0.00054161134070226
  0.00067236270532427  0.00087960569104954  0.16430726222333045  1.00000000000000000
 -0.00247552136288612  0.01000869437877054  0.02044978236172490  0.03108894642587826
  0.04167760406940157  0.05224652868037450  0.06299745597427139  0.07356775174711304
  0.08439795751986855  0.09519117210935923  0.10589826879572189  0.11634931425281969
  0.12670410556233400  0.13742691597081280  0.14830219246950158  0.15928027666288710
  0.17021729937176402  0.18090368953076955  0.19157071660845196  0.20180271993578888
  0.21183830667315831  0.22186007932624374  0.23217492238591358  0.24278877168029275
  0.25311551648799407  0.26352325245757224  0.27386621295507579  0.28449501501569269
  0.29495638395580343  0.30557736121415496  0.31621328735894610  0.32686299739893032
  0.33745106863150037  0.34792546667516910  0.35835965983614715  0.36875746238788554
  0.37926648981604816  0.38992580955134681  0.40060081165199440  0.41132304398105407
  0.42191378325074008  0.43253196397285526  0.44305413507009328  0.45369611388961495
  0.46426879934862281  0.47467167865391818  0.48506288742852388  0.49543213774173234
  0.50598801357139622  0.51643762609062593  0.52690663401146276  0.53735468940764275
  0.54804603355443227  0.55888143460246642  0.56984519618815310  0.58078470214565014
  0.59152124749245916  0.60206190445803631  0.61230841784428092  0.62253061605147042
  0.63280582310620770  0.64313172735656088  0.65356936665277487  0.66389061835226870
  0.67413854493275027  0.68434047437830903  0.69490163196247601  0.70550251891907878
  0.71605758134357422  0.72645693454207827  0.73690476015390916  0.74742975899127617
  0.75787681907235038  0.76824118920688389  0.77874569687992390  0.78934239586686905
  0.79993345961445017  0.81046649742208154  0.82114017464918498  0.83197086327702263
  0.84263373159508781  0.85317028448717913  0.86365722421919167  0.87413801773512168
  0.88458119597041418  0.89518638041827081  0.90590798040934617  0.91667588807708389
  0.92715416293323460  0.93772512787617790  0.94829014804429357  0.95888845314979521
  0.96915635218871976  0.97938452764221229  0.98968566271575054  1.00000000000000000
  0.00407475785785493  0.01720362134605346  0.03121978822136804  0.04539216828328249
  0.05917952233157822  0.07285521637274546  0.08670373919315028  0.10058965594426479
  0.11423659224530172  0.12772108142766089  0.14123001421509496  0.15472152921660709
  0.16802602058151450  0.18097409309823345  0.19378603093639943  0.20649493132128724
  0.21903017879762371  0.23159071313548604  0.24401034520905773  0.25615095751226308
  0.26804465491482321  0.27989966787152365  0.29171918791066648  0.30347833463954160
  0.31516439274429309  0.32675330199343516  0.33832880838480878  0.34989636624767934
  0.36136986740350208  0.37270705583591002  0.38398664646205416  0.39520576169458849
  0.40629092279215762  0.41719506948724178  0.42796315408141439  0.43863636249921112
  0.44928866898495207  0.46001525091906015  0.47079698961427963  0.48148203768009434
  0.49198402804845354  0.50239203443586478  0.51273234794001810  0.52291117030581935
  0.53297052767666275  0.54300335115183740  0.55296259935759051  0.56277895929225430
  0.57244549225604824  0.58203612008376637  0.59161587248961722  0.60121611182773438
  0.61080410841187371  0.62029216849532887  0.62966989804671170  0.63900907495157755
  0.64843117820340768  0.65797055887304134  0.66745108364988881  0.67678022717382103
  0.68601926670400348  0.69520463346123140  0.70438383589250630  0.71358339543276239
  0.72268563713756462  0.73167477474064280  0.74057402572602482  0.74935905081834719
  0.75826654063365495  0.76722722884945671  0.77623635913471434  0.78532537282316583
  0.79418916717816113  0.80291319943280060  0.81146135069138958  0.81996756146452143
  0.82847019045275239  0.83692802998310745  0.84539234542503283  0.85387591272733232
  0.86235001886645934  0.87082690867582924  0.87927152435726919  0.88764870158780884
  0.89600438369146729  0.90439234366338350  0.91288126492256960  0.92155568608133764
  0.93024268628304607  0.93899666165752560  0.94792179857904535  0.95705620074519748
  0.96652805525743068  0.97637516537498292  0.98756718872972626  1.00000000000000000
 -0.00795512558212736  0.09730284518853471  0.15101098857945225  0.18236805988012894
  0.20653733450267842  0.22703768177448758  0.24453820304885762  0.26095377617713417
  0.27614307804468630  0.29034277942145154  0.30384410040061244  0.31679152632033730
  0.32926566827713755  0.34120679855484704  0.35292701143641786  0.36431482132984611
  0.37548713355019858  0.38639079977879875  0.39714409367783504  0.40736070671661745
  0.41741928626813579  0.42731572638979520  0.43709793576066075  0.44675776385676119
  0.45627260146350612  0.46582159239306614  0.47526920604819384  0.48467957282437135
  0.49393394474678781  0.50308235757051256  0.51208096449565887  0.52103878281406502
  0.52993643387906919  0.53880455009004824  0.54762430069163714  0.55642084387497071
  0.56505723266159014  0.57341239231534658  0.58169522456459843  0.58975310285238647
  0.59775848137420706  0.60561093322242032  0.61327753364238657  0.62089409525021200
  0.62838501903257071  0.63577246096505813  0.64299333000902237  0.65012719866983004
  0.65719377026923143  0.66426591865059670  0.67122365846364962  0.67805877743902665
  0.68481769118273239  0.69145140685126549  0.69800618207652465  0.70451573484752528
  0.71088782822154695  0.71710335016422466  0.72318180074943172  0.72915198003984916
  0.73494298717328310  0.74071931224346566  0.74643673374264574  0.75208372353114705
  0.75766365667993396  0.76318676816862929  0.76865777935604129  0.77400784127767164
  0.77927671017196509  0.78454626796562643  0.78982385308114034  0.79515880426386132
  0.80047546179034157  0.80573436743183002  0.81094098982145391  0.81608671629245833
  0.82117406206448651  0.82624931344501140  0.83136559057076886  0.83656304463869757
  0.84184290452946964  0.84715874592857010  0.85248735709312862  0.85791745117342655
  0.86346309897511031  0.86910381048156582  0.87507094102845928  0.88151007365038536
  0.88823631874685471  0.89528996034146102  0.90300868182118454  0.91164638284479560
  0.92182422674387654  0.93500632670609729  0.95535877111074008  1.00000000000000000
  0.43399678421945209       -1.0000000000000000     
 F T T F F F F F F F F F F T T F F F F F F F F F F F F F F F F F
  <DiscreteSampler_grid>
  grouped_processes
  1 # 1 for a reference and 2 for a running grid.
  10 # Attribute 'min_bin_probing_points' of the grid.
  1 # Attribute 'grid_mode' of the grid. 1=='default',2=='initialization'
  0.0000000000000000 # Attribute 'small_contrib_threshold' of the grid.
  0.5000000000000000 # Attribute 'damping_power' of the grid.
 # binID   n_entries weight   weight_sqr   abs_weight
    10   10   2.061124039526812E+009   1.091161482925232E+019   2.061124039526812E+009
    16   10   2.091724629412591E+009   1.113950606902328E+019   2.091724629412591E+009
  </DiscreteSampler_grid>
