 -0.00267239108727377  0.02115648537071260  0.02650562301515334  0.03186854812677677
  0.03749338543128679  0.04329840502055547  0.04926594584273714  0.05530875668571679
  0.06138127331797832  0.06761866223412628  0.07406962598434261  0.08078597559281438
  0.08759690686485946  0.09486708512192357  0.10211774231893367  0.10946734368095240
  0.11689862070629278  0.12439334855194524  0.13212617585964848  0.13999982292556978
  0.14804457374106264  0.15637224066752164  0.16473738644851912  0.17314020384027010
  0.18180160896289901  0.19061603279982206  0.19949660594287155  0.20856188461502159
  0.21791411254212650  0.22741573339410223  0.23690768938296067  0.24660892016674582
  0.25660697773479990  0.26677318942550060  0.27708049977094851  0.28741204294857203
  0.29804725115965164  0.30899394226519911  0.32007602492813503  0.33124494053858433
  0.34251450599766209  0.35399430858045977  0.36579107862460852  0.37772489307466045
  0.38969935882916462  0.40175746835847331  0.41388711376424270  0.42631566940856053
  0.43913359425827631  0.45180976601915085  0.46443997984875585  0.47704911410255535
  0.48967183354191574  0.50257172611264955  0.51594621715940059  0.52929299935080920
  0.54255208962187562  0.55567412506733571  0.56867159866163186  0.58158876751660937
  0.59456701269311751  0.60762703858690925  0.62063147269900165  0.63353242238598728
  0.64634313379868913  0.65904090756781708  0.67161625364367106  0.68407127360978648
  0.69640988591134256  0.70874474846185120  0.72115880320403891  0.73349819103752512
  0.74568265209532536  0.75765012815469479  0.76943018569271893  0.78101996372725557
  0.79243071486601746  0.80362674319420391  0.81481384048905525  0.82588692779233419
  0.83717292580772706  0.84863568557766811  0.86001720602008291  0.87127267429074440
  0.88250127511381327  0.89341116608180815  0.90406619669562793  0.91463094261953082
  0.92521242956854510  0.93584615309782249  0.94642664805260579  0.95678365732666837
  0.96698707642000736  0.97713756548889885  0.98810533667967881  1.00000000000000000
 -0.00234171511974754  0.00945858141682811  0.01965112847892566  0.03025074059927244
  0.04075895981200296  0.05119142453017918  0.06168836745088868  0.07212560655839577
  0.08258966600832411  0.09296378397238161  0.10345257606243313  0.11384160598116766
  0.12424182984941998  0.13516654445299889  0.14594341744372100  0.15679863947753925
  0.16740604325647224  0.17855912975930352  0.18959669800061285  0.20027341237955307
  0.21085292981231732  0.22147886424777782  0.23227587992515877  0.24299323181236029
  0.25354607867792700  0.26422476010740964  0.27483225769911634  0.28547690739762516
  0.29582748198373876  0.30602130341604022  0.31629590678866282  0.32673685006296305
  0.33726408066206187  0.34787747460585855  0.35837990123389607  0.36892951622876502
  0.37936234909917232  0.38981504699698089  0.40023675527656494  0.41055271493901468
  0.42082974169907666  0.43132005221283348  0.44178407013565019  0.45226686377254072
  0.46258907848578018  0.47299517071338548  0.48338724919461890  0.49370282683949285
  0.50413480454178972  0.51466103088199733  0.52501147068899001  0.53525680001720044
  0.54566810415604150  0.55640202133620009  0.56706721891433043  0.57761779496249788
  0.58809699484516487  0.59855801870950331  0.60906133268533602  0.61961490514438133
  0.63033574838796735  0.64109867041665525  0.65173974478525787  0.66255800982098834
  0.67311975421106351  0.68377935842577975  0.69415062136937800  0.70471631752577868
  0.71532050271070224  0.72596068482892195  0.73641063998843737  0.74695560658610483
  0.75761574888523520  0.76834315034786882  0.77878919680018532  0.78908556296684540
  0.79955543918188854  0.81023376825976923  0.82062078858174825  0.83108809788166793
  0.84149266400491285  0.85197263371276744  0.86216211171855306  0.87253285298916483
  0.88315087371298728  0.89371610309085725  0.90414195681341802  0.91454347123839952
  0.92514218360789680  0.93564307783432299  0.94606895130794932  0.95640357094918760
  0.96700110883501267  0.97790449574062888  0.98893155439979530  1.00000000000000000
 -0.00097919138530265  0.00671759084930105  0.01448295508616898  0.02229196354811727
  0.03032362960061230  0.03833780950482794  0.04642155260386795  0.05453647643657945
  0.06269672395892469  0.07087148330092952  0.07899503728925324  0.08712712218506254
  0.09526487188654852  0.10346629995247623  0.11182547833704660  0.12027389382527429
  0.12860075360384721  0.13688830337556510  0.14522193378839224  0.15355016186493090
  0.16180685441514833  0.16994797596498365  0.17801857138018712  0.18620510778663624
  0.19455839490232968  0.20296369428408884  0.21135192139152115  0.21976113041609555
  0.22824481421688450  0.23674974482298977  0.24527739955217712  0.25382552985993911
  0.26239354934908504  0.27101198364961893  0.27965472991070894  0.28821167124468272
  0.29680899188906468  0.30547850155110068  0.31432963057338420  0.32317622045799083
  0.33195989470280740  0.34072350249413652  0.34948480977454233  0.35836933432906903
  0.36737959761085043  0.37651809230957917  0.38572131949139205  0.39494864515788752
  0.40425653525151189  0.41366391043299539  0.42313219887935399  0.43259627383667437
  0.44197805047960198  0.45135257933875911  0.46075225314857032  0.47019499752718102
  0.47959047381678083  0.48904770359282340  0.49856926793564005  0.50829521757672769
  0.51809071978287968  0.52781338197318428  0.53752102079573305  0.54735479994880665
  0.55740065392090732  0.56758179742329073  0.57777933204581311  0.58806458060431210
  0.59852437032535966  0.60914251947811104  0.61988969234077274  0.63067471145806486
  0.64155208617415715  0.65255725667581577  0.66368482562984932  0.67496927081134217
  0.68650131237408096  0.69822725077388115  0.71001868958060133  0.72198421382479117
  0.73418779720586536  0.74667123519607392  0.75926870373753119  0.77217829579066233
  0.78534174704072879  0.79893403752483372  0.81300208530100981  0.82765610724269101
  0.84291049637757298  0.85895398577565318  0.87588950938739651  0.89375527192573356
  0.91298018780107437  0.93441000531873919  0.96165908831997149  1.00000000000000000
 -0.01378053949677487  0.11546747110652873  0.16930762812867545  0.19995042602800514
  0.22350341702459614  0.24286887087830583  0.26040048009645411  0.27630443085145923
  0.29102379936824979  0.30491556944574455  0.31821579428530811  0.33102099544785807
  0.34345525470059091  0.35552443512345205  0.36723071721330852  0.37857325245390672
  0.38970056625965255  0.40066968659710483  0.41149916402938203  0.42219068879678112
  0.43273336684062552  0.44308940606107727  0.45323119668625261  0.46309609067094709
  0.47274716236269787  0.48234057246021961  0.49180243565788584  0.50119697242211447
  0.51036411054801689  0.51934670131745420  0.52826637823092282  0.53723581102498852
  0.54603118452546684  0.55467823766405155  0.56316273294663088  0.57154650055876466
  0.57990761557392867  0.58824340809290976  0.59640463228342888  0.60437030230832478
  0.61215764181231103  0.61986324344214283  0.62746675069173075  0.63495500527519966
  0.64231732588492318  0.64952174720815092  0.65661178812241883  0.66360906129677932
  0.67050818476462226  0.67731737399395153  0.68404562095391253  0.69068268906068719
  0.69724959252773433  0.70374053861086328  0.71005671796772596  0.71619798713533955
  0.72229312859788253  0.72828921749482656  0.73413707755676583  0.73992770238538408
  0.74567904305813115  0.75137565952902108  0.75693905845550491  0.76239090659668773
  0.76776311778382134  0.77305859634963892  0.77830923638177563  0.78351859464705753
  0.78870336761299331  0.79384753444102252  0.79889058538116586  0.80390102636781746
  0.80889581347902773  0.81385943226079249  0.81881209270864186  0.82373324322657926
  0.82861480647262908  0.83350253789704443  0.83841666534805981  0.84336270369592958
  0.84833198411085253  0.85331977813065119  0.85835272669186591  0.86345325333737910
  0.86866546329438110  0.87397723355707524  0.87947515157730871  0.88515819873266721
  0.89108580477937782  0.89738010287502079  0.90416533334464877  0.91160300397454375
  0.92021238012905437  0.93097554004142213  0.94695374291504220  1.00000000000000000
   7.0105149830713517E-002  -1.0000000000000000     
 T F F T F F F F F F F F T F F T F F F F F F F F F F F F F F F F
  <DiscreteSampler_grid>
  grouped_processes
  1 # 1 for a reference and 2 for a running grid.
  10 # Attribute 'min_bin_probing_points' of the grid.
  1 # Attribute 'grid_mode' of the grid. 1=='default',2=='initialization'
  0.0000000000000000 # Attribute 'small_contrib_threshold' of the grid.
  0.5000000000000000 # Attribute 'damping_power' of the grid.
 # binID   n_entries weight   weight_sqr   abs_weight
    10   10   3.252501889457579E+008   1.167438528564408E+017   3.252501889457579E+008
  </DiscreteSampler_grid>
