  0.00000238610328612  0.00000248306300423  0.00000254573745344  0.00000259812888222
  0.00000265244802789  0.00000270672685140  0.00000276239490145  0.00000282172360452
  0.00000288328120659  0.00000294505779015  0.00000300839587761  0.00000307265221796
  0.00000313750086929  0.00000320571845567  0.00000327939727043  0.00000335618012728
  0.00000343512397849  0.00000351533221661  0.00000359694710409  0.00000368295402216
  0.00000377442640906  0.00000387282162249  0.00000397571972523  0.00000408002154872
  0.00000418682120149  0.00000429869562638  0.00000441805934838  0.00000455038691080
  0.00000468427511864  0.00000481926141106  0.00000495789752894  0.00000510866431736
  0.00000527093348252  0.00000543796995973  0.00000560939878315  0.00000578800073070
  0.00000597726682362  0.00000618716654225  0.00000640178334037  0.00000661801489134
  0.00000684856045187  0.00000710478409729  0.00000737062288162  0.00000764141941405
  0.00000793447843325  0.00000825439755644  0.00000858948432268  0.00000893429385056
  0.00000930279994961  0.00000971274069923  0.00001013410446353  0.00001056771736034
  0.00001105114296360  0.00001156042984034  0.00001208472661493  0.00001264511740280
  0.00001329385115065  0.00001395335680429  0.00001465789413321  0.00001544479393035
  0.00001626082019208  0.00001716221594965  0.00001815053434638  0.00001918677288325
  0.00002034164185708  0.00002161353996902  0.00002297637500685  0.00002447722281322
  0.00002611434894917  0.00002793485008791  0.00002991969531866  0.00003205678007346
  0.00003443084348280  0.00003715162036902  0.00004024392116732  0.00004373479472863
  0.00004762732635751  0.00005207043335404  0.00005723207603281  0.00006305616031873
  0.00006947474593860  0.00007658247955944  0.00008490444177621  0.00009472462090362
  0.00010646644795644  0.00012049132549981  0.00013742957831332  0.00016040288817048
  0.00019019244402298  0.00022524962590057  0.00026695524380922  0.00032870731916624
  0.00042806644100383  0.00058743976120170  0.01669539832036475  1.00000000000000000
 -0.00250119629897916  0.00954401550047127  0.01974482060431612  0.03024924331258873
  0.04092811857873673  0.05165303272335728  0.06236148854236720  0.07302790272584210
  0.08374023312989022  0.09449047854245872  0.10511366591575304  0.11559046941998630
  0.12601937602400717  0.13642567723986326  0.14682139475060163  0.15725801133493006
  0.16777029698749854  0.17848197587332543  0.18944359858674711  0.20066012325639260
  0.21172692050290839  0.22244507968500205  0.23291540001661185  0.24319658910719338
  0.25345534395882180  0.26371644433840163  0.27422965261576882  0.28489283210839572
  0.29577945803841305  0.30664390100324429  0.31753719859627649  0.32826709421150668
  0.33891051747243761  0.34922162094928116  0.35955427529608419  0.36989462936932416
  0.38034039880409937  0.39076314709428445  0.40114042597518734  0.41174687820554856
  0.42242997660482112  0.43304353625298092  0.44338890791332874  0.45358761449024365
  0.46376123464439140  0.47385153573124095  0.48399167386525865  0.49437227370221482
  0.50505452880330304  0.51580085617358074  0.52632316769727316  0.53671552494806374
  0.54706666476619681  0.55740580223706571  0.56793652800238736  0.57855346573193123
  0.58898506086251001  0.59922285793018393  0.60961021681057326  0.62006508429421647
  0.63057524912031582  0.64123820794508002  0.65178376212289690  0.66236618114335122
  0.67279961689787737  0.68332967660265143  0.69377292487577880  0.70395158993745399
  0.71414781707849317  0.72437313320962138  0.73475445871626333  0.74520885437015683
  0.75587442916799874  0.76656080903216328  0.77710389677432834  0.78772580909085144
  0.79847031152588366  0.80937351248958400  0.81986522944615858  0.83025604779960227
  0.84089867167840893  0.85164023992753213  0.86212575639536082  0.87256059282971798
  0.88309361307525980  0.89381066523996400  0.90437030189910261  0.91501267674682152
  0.92572403940414971  0.93657650309944585  0.94715238681972880  0.95798069132532138
  0.96845706097685647  0.97914186575831563  0.98950120263170604  1.00000000000000000
  0.00172206811987659  0.01454636292087036  0.02633862830298544  0.03876836845566452
  0.05097167982190186  0.06327058578080989  0.07571032154647690  0.08810303677152702
  0.10034415791776861  0.11254197744850419  0.12465475008165661  0.13657546179845229
  0.14820225212955912  0.15962424742321105  0.17113226464119341  0.18263404567054436
  0.19390246628121899  0.20499948510117411  0.21631182694107035  0.22779020912842193
  0.23920943696817493  0.25058924567476132  0.26205065411661349  0.27354573180077102
  0.28496433829133810  0.29622252162643120  0.30723260855767665  0.31803194657602346
  0.32861377970574929  0.33913459909690746  0.34962344389935845  0.36005394516316730
  0.37053137246190465  0.38112344253105762  0.39187433442811553  0.40249294331044561
  0.41305236275975166  0.42335959572885856  0.43357709103054498  0.44355252235365361
  0.45335299033842530  0.46305686485282777  0.47264605036319712  0.48231617946080912
  0.49197927151407073  0.50169241516965779  0.51133339971338776  0.52087412468912864
  0.53040806821638431  0.53986005501129786  0.54925525318805224  0.55863111080814976
  0.56807155681340427  0.57747950870361087  0.58672448470666250  0.59586589631088627
  0.60505596942006656  0.61431032052523260  0.62356586463654928  0.63283275267089023
  0.64214013507408840  0.65144829400124371  0.66072049097975605  0.66993818376051595
  0.67906551897738621  0.68808959233328437  0.69700611852761818  0.70590838939079248
  0.71491414949817522  0.72397418146334080  0.73309702897400586  0.74233512772085153
  0.75164540227862975  0.76090421745456771  0.77016003314872328  0.77921306396984269
  0.78820608225839872  0.79730023705881692  0.80640908759438790  0.81567157451856398
  0.82505239768055749  0.83462387183504072  0.84428926161626916  0.85389062562523910
  0.86337569772492195  0.87293097701059674  0.88276693519589344  0.89287374058256774
  0.90323771867633518  0.91390719471723381  0.92493670899798608  0.93654356833651198
  0.94878582482499907  0.96253481515650463  0.97932113087721517  1.00000000000000000
 -0.01716263159212329  0.09850204227784254  0.13622269832832548  0.16002368379471377
  0.17878568564100367  0.19455385966408645  0.20846647953148473  0.22110044084472069
  0.23265034464891973  0.24335868645494765  0.25335848031882668  0.26284098074375589
  0.27187867041152636  0.28055538275674002  0.28893906124466551  0.29696009862549400
  0.30468703831815697  0.31227330821816174  0.31966200195910210  0.32690658116846827
  0.33400216625627449  0.34101206646006404  0.34796249163694731  0.35477002615192849
  0.36145538846642866  0.36807519043191661  0.37462719957043489  0.38109195645667193
  0.38749696312659282  0.39386743198900181  0.40008953627956612  0.40617016270947415
  0.41214698893990209  0.41805549604927694  0.42389066639038064  0.42971770044475632
  0.43552407340211652  0.44125624954153220  0.44696046596124950  0.45264367430619812
  0.45832156751657371  0.46399325992213625  0.46964779748213453  0.47529609914883386
  0.48090459568446731  0.48648179833852223  0.49201203788899034  0.49759837651682093
  0.50311429620810943  0.50867290079969985  0.51423199698999222  0.51983670332475129
  0.52548834666318189  0.53113274362094998  0.53675723247315399  0.54238156358553091
  0.54803712851344155  0.55374053836410730  0.55947340829086334  0.56525792568797628
  0.57111879135912880  0.57703274004646665  0.58300637592737548  0.58897577270025858
  0.59491753570933537  0.60086944625680516  0.60689768584470272  0.61298773909631754
  0.61913238731869580  0.62538730394074182  0.63177880372460160  0.63822416501574764
  0.64469308610837750  0.65124602200421178  0.65791380790866960  0.66477564978337278
  0.67185578298220550  0.67914816778036791  0.68654706096666129  0.69422619139728969
  0.70204454542360395  0.71006015864715155  0.71834535363229923  0.72694785132726769
  0.73600717649516278  0.74553630642258184  0.75561205499157591  0.76635525878224431
  0.77789519836477017  0.79054369098261323  0.80466756037951981  0.82082116730633425
  0.83993170623997360  0.86371088718968159  0.90141727571099628  1.00000000000000000
   13.238534911840743       -1.0000000000000000     
 F F F F T F F T T F F T F F F F F F F F F F F F F F F F F F F F
  <DiscreteSampler_grid>
  grouped_processes
  1 # 1 for a reference and 2 for a running grid.
  10 # Attribute 'min_bin_probing_points' of the grid.
  1 # Attribute 'grid_mode' of the grid. 1=='default',2=='initialization'
  0.0000000000000000 # Attribute 'small_contrib_threshold' of the grid.
  0.5000000000000000 # Attribute 'damping_power' of the grid.
 # binID   n_entries weight   weight_sqr   abs_weight
    10   10   1.489360934284454E+008   3.691888257959624E+016   1.489360934284454E+008
    16   10   1.517300624032230E+008   3.748665107765813E+016   1.517300624032230E+008
  </DiscreteSampler_grid>
