  0.00000238049181364  0.00000243338471725  0.00000247141998892  0.00000249312186411
  0.00000251821186698  0.00000254512272821  0.00000257232570512  0.00000259971782744
  0.00000262741301689  0.00000265586680040  0.00000268547699867  0.00000271646599301
  0.00000274875130458  0.00000279195613625  0.00000283570963529  0.00000288035680132
  0.00000292644669183  0.00000297424046409  0.00000302272568611  0.00000307269761309
  0.00000312292700599  0.00000317759305520  0.00000323672629824  0.00000329939619104
  0.00000336649583737  0.00000343472042385  0.00000350479039127  0.00000357801012905
  0.00000365435112321  0.00000373497372704  0.00000382223587315  0.00000391839692409
  0.00000401695451547  0.00000411764891810  0.00000422303911388  0.00000433605199066
  0.00000445904504787  0.00000459184038706  0.00000472608929678  0.00000486641816900
  0.00000501474835568  0.00000517546227165  0.00000534278627927  0.00000551537862395
  0.00000569087102920  0.00000588063828663  0.00000610765107980  0.00000633578845115
  0.00000657079464961  0.00000681477450625  0.00000709294200942  0.00000738838376781
  0.00000769069505575  0.00000802116352568  0.00000838535029793  0.00000876956640609
  0.00000917809826567  0.00000962959567080  0.00001010984660254  0.00001061765350170
  0.00001120101556444  0.00001184009314979  0.00001252995703458  0.00001327404728968
  0.00001406163137017  0.00001491513837011  0.00001586916066243  0.00001693346508829
  0.00001814836415169  0.00001947434599442  0.00002095634542428  0.00002255589456147
  0.00002449936435364  0.00002652380696141  0.00002884834706240  0.00003139797319306
  0.00003437241993537  0.00003784674548532  0.00004179362292608  0.00004647531540247
  0.00005206208575187  0.00005903575309231  0.00006726761364186  0.00007783139167847
  0.00009020540511137  0.00010497970295146  0.00012361136292317  0.00014858986817365
  0.00018431658357429  0.00023151106527035  0.00030177985859413  0.00041844878500397
  0.00062516454795251  0.00087987202270368  0.01668672022506168  1.00000000000000000
 -0.00255823457341349  0.00993885464034001  0.02061002784767318  0.03138732535017183
  0.04248722486958600  0.05388886021895008  0.06521327972912312  0.07565018171992099
  0.08593837920983236  0.09650469449816380  0.10700568259299782  0.11752239482182938
  0.12845440479597400  0.13995729740111518  0.15106495432416880  0.16185761421509032
  0.17259815773178472  0.18347448054330615  0.19418417142498939  0.20487386970818583
  0.21537383161130491  0.22608375550999654  0.23686847925896601  0.24740471799965730
  0.25771364177763617  0.26809990230235220  0.27874516026969137  0.28930407446977768
  0.29981107415353714  0.31033069870151342  0.32090756319449371  0.33137489440961987
  0.34211003374146753  0.35272200280789290  0.36316090754415276  0.37302914068638682
  0.38327350886525180  0.39357130394958212  0.40407555247433874  0.41447173192998110
  0.42539528591288678  0.43626624922474694  0.44684112986425312  0.45736003453235025
  0.46822093613803806  0.47918815137690868  0.48987861253340659  0.50036169761425819
  0.51027410753972624  0.52025435700511058  0.53036386468218344  0.54079694855139337
  0.55075770488858844  0.56048047710215443  0.57097543810352791  0.58191780067394860
  0.59228549478911163  0.60248900032039310  0.61261794572968753  0.62248359100515149
  0.63243192861197717  0.64251304360261263  0.65316789122074181  0.66387085399279966
  0.67509885116759039  0.68640358435810034  0.69686624992906188  0.70677244793435701
  0.71650787955331874  0.72605467595469908  0.73562134227261466  0.74533896592905768
  0.75547880054369698  0.76588629563296751  0.77608960720765385  0.78606994654389106
  0.79635750603189848  0.80691235059217314  0.81774434634704474  0.82842845094767203
  0.83882897241815457  0.84924251476263624  0.86000765702009241  0.87131165632831553
  0.88252506553721233  0.89346980321088809  0.90432667531683131  0.91518624562891460
  0.92596247454441571  0.93662037905399464  0.94759734539524298  0.95844755329977205
  0.96920646349127704  0.97963082674551860  0.98985286155130137  1.00000000000000000
  0.00300647416790658  0.02231167687135258  0.04289743543512674  0.06284311656858042
  0.08233874530764609  0.10190971561598955  0.12155483733666161  0.14109316349138779
  0.16025736639763563  0.17938473439066754  0.19821013658784120  0.21651681241704390
  0.23442562878034576  0.25183414318661740  0.26913281383782917  0.28628110901795945
  0.30288275812532650  0.31904938143016570  0.33516565142369514  0.35121237899528518
  0.36714909743445612  0.38278035138260624  0.39808962487241289  0.41323006874594986
  0.42796146484068920  0.44234140407343980  0.45652596147242075  0.47045736705483931
  0.48425513657163172  0.49790945399234848  0.51125671606541745  0.52430182351537113
  0.53721346056471009  0.55004589856740471  0.56281463887335292  0.57553015585524925
  0.58807099291368470  0.60047122277382836  0.61259433903597593  0.62453504091942469
  0.63640099715131382  0.64823415397801487  0.65992107320577509  0.67126370035095018
  0.68221211985932018  0.69289744915657214  0.70338272329929863  0.71375227728210722
  0.72407653131083838  0.73430111240659357  0.74426451848092567  0.75386208382331232
  0.76315767080937491  0.77226254595716803  0.78110028701350365  0.78985027205032932
  0.79848826802266148  0.80702944666281085  0.81543392065745479  0.82385013741783297
  0.83211723416522976  0.84005601649154471  0.84785182953047622  0.85549871284788614
  0.86286186988194069  0.87000624331646104  0.87690790534422536  0.88354157191517735
  0.88997587656458332  0.89626768641155496  0.90236982573906310  0.90823994627613536
  0.91400925481344586  0.91957913020997040  0.92494972146523868  0.93023838625709099
  0.93547232691204818  0.94055484418052082  0.94546638539304118  0.95030776541867534
  0.95494494418397757  0.95927849892111239  0.96308858295709154  0.96673802872373893
  0.97034568535297538  0.97386535192963131  0.97730813742270151  0.98059360294405040
  0.98353946842230888  0.98634382122313846  0.98902357712559830  0.99154117705571332
  0.99378326473764578  0.99591444642818172  0.99798303583645542  1.00000000000000000
 -0.01418773143945502  0.10497949606251201  0.16019212879285272  0.19186014978107671
  0.21645783043329467  0.23690433555803539  0.25463940925310036  0.27104969272101770
  0.28609683119863061  0.30028860725805506  0.31418303884050830  0.32749905667167933
  0.34062433282226856  0.35330347428617404  0.36568854236031018  0.37769866170101246
  0.38901849950562534  0.40007294306792895  0.41048269949696142  0.42092435785124976
  0.43088457951460457  0.44050450764332799  0.44997276632953226  0.45945011830856403
  0.46862049855958121  0.47781517242929511  0.48627807888911911  0.49474875462956985
  0.50295111403518933  0.51099320324700237  0.51819019688269696  0.52571366284998422
  0.53344891915520631  0.54182015084083524  0.55035363273636451  0.55854318669193415
  0.56649725045836741  0.57428161384024889  0.58204749601709582  0.58969336842191955
  0.59726302527970476  0.60460421781134555  0.61154412474196229  0.61823688739665061
  0.62484514251924483  0.63149132038917932  0.63811072595739182  0.64465585359458311
  0.65105743409151973  0.65731411867993461  0.66369721168020879  0.67004576751006317
  0.67630093016246973  0.68271422226811695  0.68887902058089279  0.69435290803666849
  0.69979001196888146  0.70524657786469358  0.71058875451785486  0.71585701613630859
  0.72104817466152771  0.72612163609642411  0.73108136235080756  0.73594430578115544
  0.74080989479775017  0.74573763175236285  0.75081658985464894  0.75602606821481999
  0.76118713737401877  0.76621651371578192  0.77135762371516070  0.77679945886935808
  0.78231495457707545  0.78772405120746958  0.79308593334772304  0.79838733621729430
  0.80368201002157080  0.80901270700055827  0.81446304339589981  0.82001188891537458
  0.82560343545479575  0.83126892245868411  0.83711860179588582  0.84308159353825951
  0.84885570446080150  0.85479252625732050  0.86103904225338601  0.86758397860200054
  0.87457287161834740  0.88218187393819891  0.89057379565822248  0.90016486428966458
  0.91170154008502724  0.92662784354816385  0.94977096246571435  1.00000000000000000
   4.5392296602203031       -1.0000000000000000     
 T F F T F F T F F T F F T F F T F F F F F F F F F F F F F F F F
  <DiscreteSampler_grid>
  grouped_processes
  1 # 1 for a reference and 2 for a running grid.
  10 # Attribute 'min_bin_probing_points' of the grid.
  1 # Attribute 'grid_mode' of the grid. 1=='default',2=='initialization'
  0.0000000000000000 # Attribute 'small_contrib_threshold' of the grid.
  0.5000000000000000 # Attribute 'damping_power' of the grid.
 # binID   n_entries weight   weight_sqr   abs_weight
    10   10   1.879386128534507E+011   1.967241660587348E+023   1.879386128534507E+011
  </DiscreteSampler_grid>
