 -0.00173078783251322  0.01001016966570856  0.01542699594057570  0.02074207341598062
  0.02642471019203881  0.03162877251938842  0.03704410327973522  0.04287814097366158
  0.04897081350706407  0.05529427814188677  0.06183844666348004  0.06841382194858225
  0.07495087382542098  0.08172754719908801  0.08855789887417535  0.09557563117592982
  0.10274882620463455  0.11034261650225127  0.11796196710375906  0.12565087705399577
  0.13349280112488479  0.14130120043462752  0.14938202911079002  0.15790056933363580
  0.16649707572357872  0.17514472772910963  0.18406072360879250  0.19301313328073014
  0.20193933068342332  0.21115392268661642  0.22072367566131626  0.23046730693437922
  0.24026497119831910  0.25027179436900909  0.26079231672203457  0.27140035038466548
  0.28203664546826068  0.29280410586610839  0.30413013364958358  0.31573199747068237
  0.32733795834541629  0.33894181106913412  0.35048255760718749  0.36262627698648942
  0.37470773644079625  0.38690509513433663  0.39925288157573774  0.41171491810269639
  0.42435291861571606  0.43744624369134738  0.45057295256855873  0.46375697895550372
  0.47693291230430279  0.49009334082647826  0.50341612666827418  0.51712518177202160
  0.53088093807571657  0.54456949591025716  0.55819078438135816  0.57161034899114482
  0.58482707537493295  0.59809270243029844  0.61159267917442084  0.62501490047074171
  0.63833041962411341  0.65154630703272642  0.66466916941236298  0.67762114954388641
  0.69045498156492990  0.70320501091557508  0.71587582524318161  0.72841229999090285
  0.74075923383958986  0.75294618033392646  0.76503710473651187  0.77703146360143849
  0.78890275758631179  0.80063562173586134  0.81216359708596275  0.82345087967066477
  0.83460528278895985  0.84580830884164571  0.85736678541742095  0.86858556467874259
  0.87969850643360370  0.89066654277551760  0.90154900361098866  0.91242825154466822
  0.92330811239940802  0.93429087490216833  0.94515000225437962  0.95572765992689990
  0.96639986557810820  0.97723852629937735  0.98836469274955696  1.00000000000000000
 -0.00239271499261673  0.00936594818106047  0.01951972083066832  0.03058355172203768
  0.04143818693225581  0.05222370749210799  0.06277960136689158  0.07324548290485633
  0.08367905945527090  0.09443369998327081  0.10536986923612010  0.11610364189643978
  0.12669153146743972  0.13729666191265344  0.14767037919390294  0.15782012102700965
  0.16804095170127062  0.17830813572793411  0.18867735125927648  0.19875021106314045
  0.20906337943439968  0.21901864355437145  0.22914054955002358  0.23930879919477394
  0.24958148521701773  0.26008946682017953  0.27074592316430468  0.28162232859637970
  0.29251560014206412  0.30311098660505376  0.31360106275545868  0.32417815410364365
  0.33478040195899644  0.34513729468885956  0.35558045428872131  0.36587525354141931
  0.37636838922271931  0.38704039367802057  0.39769908838463613  0.40829494371426839
  0.41899514477544952  0.42981801835294509  0.44053004269917384  0.45093823263728727
  0.46135879831721072  0.47216066032319259  0.48274586418986076  0.49353119389260641
  0.50418780109110106  0.51478074137391472  0.52550130538029538  0.53602465782580044
  0.54674743759202082  0.55715920374648675  0.56777907315164267  0.57833050811097375
  0.58898185329702024  0.59952200098644448  0.61013705048315114  0.62075696882891540
  0.63136897891835997  0.64213254036015666  0.65286519012428224  0.66359595401571470
  0.67414845649725574  0.68478046883312471  0.69532953819294274  0.70600721409903056
  0.71665328825029417  0.72725024926447390  0.73761874119551807  0.74803546259141196
  0.75853276182363771  0.76914328349266903  0.77974843874672428  0.79047254081987217
  0.80078583099625134  0.81126312808812973  0.82154348571966862  0.83162699877164015
  0.84155327503579713  0.85160480514760462  0.86201454863182769  0.87276392369068279
  0.88347395674803419  0.89432427771195444  0.90523731972781296  0.91608712204176013
  0.92668608750428372  0.93715929647843565  0.94735392012321806  0.95749900516796727
  0.96794968464934272  0.97841857990976833  0.98928395533061086  1.00000000000000000
  0.00669995238514120  0.01292696222722257  0.02045070111975329  0.02836040325539321
  0.03656603241037065  0.04461373805797220  0.05257426688514644  0.06041443550101876
  0.06840413473107784  0.07643116084686530  0.08446565185809442  0.09246145916573936
  0.10041325610208418  0.10843509159264035  0.11658501534859161  0.12482794851978622
  0.13303352664303519  0.14116908049468668  0.14926076675365574  0.15735968118337679
  0.16553707630907039  0.17374646597557833  0.18192572435058021  0.19000891582569329
  0.19802153855523916  0.20603910859255684  0.21414490692137328  0.22236823427920097
  0.23064697880883303  0.23896370690396357  0.24732213069962655  0.25569360619476783
  0.26407153613132212  0.27254363460153813  0.28114755266534180  0.28981388248524442
  0.29847870935174681  0.30714264172925343  0.31587475953064043  0.32467896871108060
  0.33345697896515336  0.34216373648515497  0.35087500243183684  0.35971046129764955
  0.36863327852774253  0.37754513921034977  0.38638100356115718  0.39513625882878933
  0.40396388113186582  0.41292021040824867  0.42202862340036823  0.43121982763472694
  0.44049941164330586  0.44987295828623158  0.45933671053089487  0.46901581720461555
  0.47870734192031322  0.48833851459481026  0.49791192906316062  0.50752398047216418
  0.51715785862862751  0.52689730264616075  0.53669592674829325  0.54660414851207639
  0.55665300843190868  0.56691480913713499  0.57730780236090329  0.58778249867490340
  0.59827558482507159  0.60883280564598774  0.61948581366076438  0.63028571075034712
  0.64119490187497585  0.65214870541350511  0.66320763964700258  0.67454992562915161
  0.68616011854416481  0.69794893404596636  0.70985017479552692  0.72196588538190820
  0.73422402395179365  0.74665610054927034  0.75947977514418474  0.77274549933065706
  0.78630991521212912  0.80018813149895462  0.81429972814786045  0.82845813202824192
  0.84306281368656177  0.85859817350572287  0.87526028743642981  0.89315094361576031
  0.91243531662861310  0.93414876467983932  0.96199070934312414  1.00000000000000000
 -0.01874657348893702  0.11714192303409890  0.17042410586930379  0.20084347847909284
  0.22395414730948515  0.24357189561882486  0.26108597926805788  0.27698450694985743
  0.29174543764537830  0.30564594006459717  0.31892847570673183  0.33170356646215565
  0.34401563368000765  0.35587372161170944  0.36728539327419835  0.37831847028105281
  0.38897045890856075  0.39959093143896601  0.41008488842718838  0.42044303395383714
  0.43073162136322657  0.44086664821740473  0.45092732966598742  0.46077439596915176
  0.47030157273757089  0.47990831716262333  0.48927513825409058  0.49858850366687646
  0.50772160870915217  0.51674752859066519  0.52580043866712411  0.53482044625716896
  0.54372409833573010  0.55246798530163699  0.56107577384302765  0.56958825977443051
  0.57799848359792072  0.58625471332741219  0.59439275831431282  0.60231173071740352
  0.61002696993600647  0.61767255984434932  0.62531323950598139  0.63298053530360554
  0.64053514564145286  0.64795966829916463  0.65523356259335996  0.66244242708609224
  0.66951028120315381  0.67643052680122762  0.68326130885986625  0.68999292383947619
  0.69661251514821931  0.70311787550869154  0.70946728207196408  0.71561290747163542
  0.72164277868354021  0.72762902292040077  0.73346145602875801  0.73917287710820667
  0.74482637851678501  0.75047766669190663  0.75613951084656628  0.76179461739166432
  0.76739568737483133  0.77288158153411890  0.77820790037741161  0.78346445367770456
  0.78864970422454705  0.79378920743023385  0.79892296229633053  0.80406948605138462
  0.80922006405976576  0.81432412389051578  0.81935878761246794  0.82435997512584325
  0.82935503629037954  0.83433508816092894  0.83930389807939343  0.84425460773309191
  0.84927670635380359  0.85432125927372826  0.85943387646342406  0.86458262105718164
  0.86979984003325228  0.87512043955604724  0.88059771259560460  0.88624716416001625
  0.89216318042895981  0.89852762889506466  0.90546924779438553  0.91311498112246980
  0.92217436025562216  0.93384269251151675  0.95295333799233739  1.00000000000000000
   7.0803595796281579E-002  -1.0000000000000000     
 T F F T F F F F F F F F T F F T F F F F F F F F F F F F F F F F
  <DiscreteSampler_grid>
  grouped_processes
  1 # 1 for a reference and 2 for a running grid.
  10 # Attribute 'min_bin_probing_points' of the grid.
  1 # Attribute 'grid_mode' of the grid. 1=='default',2=='initialization'
  0.0000000000000000 # Attribute 'small_contrib_threshold' of the grid.
  0.5000000000000000 # Attribute 'damping_power' of the grid.
 # binID   n_entries weight   weight_sqr   abs_weight
    10   10   3.474108279459456E+008   1.278946938315710E+017   3.474108279459456E+008
  </DiscreteSampler_grid>
