  0.00000237971095791  0.00000240806779174  0.00000243735140284  0.00000246180941679
  0.00000247939480924  0.00000250091976700  0.00000252421514573  0.00000254805498661
  0.00000257259027457  0.00000259813315809  0.00000262439546564  0.00000265161680734
  0.00000267986162478  0.00000270861385998  0.00000273685563978  0.00000276905491852
  0.00000280328150960  0.00000283792074092  0.00000287350066849  0.00000291030011429
  0.00000294836171267  0.00000298748731482  0.00000302743725955  0.00000306874660489
  0.00000311098766248  0.00000315331758812  0.00000320028008302  0.00000325254824588
  0.00000330621160758  0.00000336124935483  0.00000341788817792  0.00000347652812348
  0.00000353758510259  0.00000360038477203  0.00000366409259589  0.00000373153779617
  0.00000381004652213  0.00000388915292367  0.00000397032166442  0.00000405394280448
  0.00000413930710093  0.00000422683822630  0.00000431851355778  0.00000441729034429
  0.00000452294393329  0.00000463224755742  0.00000474539612243  0.00000486250033055
  0.00000498468044559  0.00000511780590626  0.00000526146546559  0.00000541042269975
  0.00000556398544170  0.00000572042847939  0.00000589617424485  0.00000608873257330
  0.00000628974386284  0.00000649795711203  0.00000671639427155  0.00000695483784652
  0.00000721321837295  0.00000748111650330  0.00000776209556594  0.00000806423791405
  0.00000840599909871  0.00000875962215015  0.00000913932131327  0.00000956654489494
  0.00001002634099538  0.00001051306986774  0.00001105278722364  0.00001165358150197
  0.00001229344671514  0.00001304028892837  0.00001386453249130  0.00001478512732745
  0.00001581325097262  0.00001696222755025  0.00001827619327369  0.00001978742725643
  0.00002156803314690  0.00002363520050109  0.00002604506445279  0.00002894210572465
  0.00003238822968952  0.00003660774470147  0.00004188863651944  0.00004866213194012
  0.00005830044779764  0.00007186661926721  0.00009359371262140  0.00012982607870241
  0.00018738920939744  0.00036148193156875  0.00306029211360288  1.00000000000000000
 -0.00214309982573241  0.00932071967572058  0.01895039350890160  0.02908664135081147
  0.03926747908840057  0.04977532096510464  0.06001671030231401  0.07058091022354812
  0.08106122364569263  0.09185503363662241  0.10276722263274488  0.11351954928272802
  0.12409463528110670  0.13462814782789909  0.14528204662499916  0.15605272222486796
  0.16675691899030243  0.17721899250213394  0.18776065319903129  0.19831324466547165
  0.20891118088923030  0.21951517176991184  0.23018533079758965  0.24113202740225914
  0.25201944522597114  0.26287307101712676  0.27330806911592898  0.28361626780260840
  0.29381877722054739  0.30402562066914213  0.31442072765396673  0.32504362139633541
  0.33575921360985389  0.34637012871745976  0.35668741779770552  0.36697830559048850
  0.37732701085136833  0.38789138321451677  0.39859915321683881  0.40945018527446786
  0.42016148337183673  0.43062415727259135  0.44110857920104835  0.45162878302051312
  0.46214265391728299  0.47239726325664050  0.48272220737554122  0.49321568395893400
  0.50368019798364183  0.51396647097198833  0.52429712205503232  0.53498631763995363
  0.54585364733107744  0.55666918136564647  0.56740255401183737  0.57826882406298497
  0.58920826608708121  0.59992545551844056  0.61069706215067743  0.62128569163081115
  0.63185990590114827  0.64236884931971949  0.65294531262227640  0.66365241214854387
  0.67454746563289147  0.68546850575275720  0.69635663365189360  0.70724286104110989
  0.71812403763170396  0.72886577810284203  0.73930470889442623  0.74964178596615583
  0.76003995184220219  0.77061269769214713  0.78131433404812989  0.79208701645137092
  0.80293323737980016  0.81375198878826405  0.82454550937368964  0.83499445190754162
  0.84514014859980191  0.85525971242850340  0.86548199450478902  0.87581931830056159
  0.88618955529048993  0.89650660083485456  0.90686882238353295  0.91714285538190754
  0.92746184312093971  0.93812370263653011  0.94878297614184004  0.95934458087678920
  0.96959748964023418  0.97985570964873492  0.98993135493951057  1.00000000000000000
 -0.00331711018860453  0.01565762756519581  0.03173045016955064  0.04814173282442794
  0.06414264326935273  0.07983126612413076  0.09523231709124194  0.11046209585105619
  0.12563601323499698  0.14068382520821979  0.15544607340486077  0.17015668602928424
  0.18485448406161448  0.19944146430609055  0.21382712064800660  0.22818931674516529
  0.24257281302195191  0.25687675962969214  0.27102108508422285  0.28499557136055786
  0.29886430466572955  0.31264548324129504  0.32641243867043301  0.33991642555192592
  0.35326329655050004  0.36658984878652850  0.37982047956495729  0.39289276068702417
  0.40604965665316833  0.41911677394348013  0.43189287565410672  0.44465828262476714
  0.45732705159416343  0.46976028648469553  0.48201824130637927  0.49418606062244808
  0.50622983783879527  0.51816699374473296  0.53003425564368511  0.54187885787014256
  0.55367175252963685  0.56526971040546092  0.57656547099340405  0.58759433050205856
  0.59842273513958877  0.60913096161401514  0.61982729454518748  0.63052407208682104
  0.64114539428018269  0.65159781806406047  0.66190782205908172  0.67211867825762051
  0.68221011469279780  0.69213661118408809  0.70191622989874436  0.71162238874599071
  0.72124492328799383  0.73075665138183787  0.74017444364686502  0.74950699197000048
  0.75869504993879244  0.76769141824799236  0.77647665706035063  0.78511067537711787
  0.79372295949818650  0.80234341898301009  0.81092294403897014  0.81937621885728018
  0.82768734105531450  0.83576913192031754  0.84383504818953803  0.85173927480855061
  0.85933525262923272  0.86667247805142955  0.87395270163268679  0.88109168904906165
  0.88806216313568587  0.89497672967067332  0.90183647219062257  0.90862418335512629
  0.91530190071471806  0.92178119980292705  0.92815081293810298  0.93437637610240598
  0.94046776011967148  0.94649723467992120  0.95247644324023051  0.95827713753828969
  0.96383289968282448  0.96921295446067768  0.97449128181853595  0.97966492764815616
  0.98472228936084072  0.98972906550620510  0.99482551954617504  1.00000000000000000
 -0.01879769735969833  0.11603445054015349  0.15490756367704478  0.17898894985162708
  0.19750987288077954  0.21270065692557391  0.22593261742225929  0.23781207348125435
  0.24880179388144016  0.25897612176307111  0.26860500559037170  0.27760231515548661
  0.28607519780322521  0.29416220444022928  0.30196552705944296  0.30961777989450523
  0.31702743079669965  0.32415014819966287  0.33116252649292949  0.33806052381568624
  0.34484956448061488  0.35142063336917612  0.35777698067177399  0.36396689420535849
  0.37003345648337660  0.37601499395004762  0.38193157296227082  0.38783763327502807
  0.39368337029954614  0.39952400277414019  0.40525586721249607  0.41091871290376503
  0.41652065619200779  0.42210365694200919  0.42765961059306740  0.43317561210455235
  0.43861267131027343  0.44398130593463547  0.44938325007976376  0.45479105948824761
  0.46015639180465417  0.46549434127388073  0.47080576767893212  0.47610738245897233
  0.48142664393249462  0.48660079737646605  0.49175056705053577  0.49685548627064774
  0.50208648154738533  0.50740931051169813  0.51277509095394536  0.51809774608935633
  0.52341953694007770  0.52875096523704923  0.53408695971506503  0.53943924660837550
  0.54481441079554249  0.55020484518236223  0.55561482483664448  0.56104981241573204
  0.56658941730486445  0.57224756077662164  0.57795149934982748  0.58371602941963185
  0.58950958631020234  0.59533404103027143  0.60116833703506156  0.60698582371658094
  0.61284333918737932  0.61875357819470000  0.62477562445747958  0.63100463101811666
  0.63729790455605317  0.64368541036842430  0.65012698062769314  0.65663230113761406
  0.66326356841759393  0.67002178158357573  0.67698555662901994  0.68404008715984577
  0.69149323962144804  0.69933316818604785  0.70733052162334964  0.71576307736142541
  0.72440850412030378  0.73360407028993191  0.74319387697810690  0.75346997909143387
  0.76436162192126267  0.77629877057758900  0.78952312058751528  0.80480374157409995
  0.82325431921068759  0.84707013939047970  0.88825927605566546  1.00000000000000000
   1137.0820101185830       -1.0000000000000000     
 T F F F F T T F F T T F F F F T F F F F F F F F F F F F F F F F
  <DiscreteSampler_grid>
  grouped_processes
  1 # 1 for a reference and 2 for a running grid.
  10 # Attribute 'min_bin_probing_points' of the grid.
  1 # Attribute 'grid_mode' of the grid. 1=='default',2=='initialization'
  0.0000000000000000 # Attribute 'small_contrib_threshold' of the grid.
  0.5000000000000000 # Attribute 'damping_power' of the grid.
 # binID   n_entries weight   weight_sqr   abs_weight
    10   10   1.370340908244965E+012   1.521403803226792E+025   1.370340908244965E+012
    16   10   1.370397475688279E+012   1.521408824100588E+025   1.370397475688279E+012
  </DiscreteSampler_grid>
