 -0.00020132330188136  0.01428516616611978  0.01969591565454914  0.02486983923228816
  0.02988719870228013  0.03530541576726283  0.04138203286738225  0.04792565290863270
  0.05446792822847150  0.06091283916654298  0.06744933585672318  0.07399985438080685
  0.08063043131176267  0.08749100022583010  0.09476071717843156  0.10202029603842622
  0.10965471051305381  0.11737822872265326  0.12509365035799661  0.13316298674269261
  0.14114158155259818  0.14934506144860799  0.15791406260029267  0.16647258193978445
  0.17513415464503956  0.18400322766603669  0.19297010558437125  0.20196769869831976
  0.21128750876347802  0.22094981235269440  0.23074410354812303  0.24055884461265756
  0.25058838690233493  0.26088609851523636  0.27130384727288692  0.28175816722356012
  0.29232766604730176  0.30336112897755335  0.31468260238018264  0.32600193002083638
  0.33739056920215565  0.34887015351252487  0.36060413341647368  0.37262682842204647
  0.38479909402501578  0.39715989588851147  0.40969221942642808  0.42253598363288830
  0.43554757781269804  0.44868024183964900  0.46177438736226456  0.47487055005640993
  0.48787877372076233  0.50093579826657841  0.51423026826702611  0.52760642262479462
  0.54098040834812144  0.55425751497975484  0.56749064580636333  0.58067508210863106
  0.59377747373874512  0.60719570171740933  0.62049613521204106  0.63365667820261251
  0.64685789817392114  0.65982049211705129  0.67268845243289321  0.68536302079083966
  0.69784072594541402  0.71030405174308575  0.72279729340518661  0.73521927254866104
  0.74755288383480956  0.75982575832002763  0.77195024427005332  0.78386005456188379
  0.79561427337800550  0.80719646812493639  0.81867059733331360  0.83006451854597307
  0.84144403395356038  0.85323866594557429  0.86488563078993685  0.87631277133022878
  0.88755584135148502  0.89868057505098187  0.90980077327759334  0.92093222401239339
  0.93166484562932161  0.94311961287856627  0.95427617031008050  0.96513117753496569
  0.97497170659257426  0.98350473248439041  0.99082086942262615  1.00000000000000000
 -0.00215758009232795  0.00967983536075040  0.01989349434706393  0.03039635525965337
  0.04074036970627266  0.05157741240987920  0.06236123521648975  0.07310878970372479
  0.08378382661519945  0.09483536082131627  0.10560884665485581  0.11598540166266261
  0.12628101914186277  0.13650658021823622  0.14683144311629842  0.15707955827815046
  0.16743269841624955  0.17807014653090447  0.18885828875850644  0.19978084845417679
  0.21048773595548156  0.22114533859980742  0.23161982508863718  0.24222003560142774
  0.25270406209799195  0.26329885033398848  0.27357414231742999  0.28388816387281873
  0.29420926381793500  0.30463968151683296  0.31499040664201911  0.32497608573086612
  0.33499878294606367  0.34519299124897135  0.35551219996495187  0.36611439810807322
  0.37672266634109891  0.38765538329885252  0.39824863802504834  0.40877383320712235
  0.41921893799853566  0.42958125994433788  0.44000186834617921  0.45038288285417455
  0.46091539903912793  0.47155913176686104  0.48234407847010685  0.49351680201513065
  0.50433093920549166  0.51501367897480965  0.52561676184308737  0.53632606665069293
  0.54672729762380090  0.55706516319013089  0.56775329224601689  0.57845404843864578
  0.58919471306596405  0.59992134270416630  0.61069101089009603  0.62130232386832984
  0.63183086291181179  0.64240719250109912  0.65282537460393664  0.66302106513502634
  0.67331538138830960  0.68346567833802430  0.69345675588221256  0.70352646007446862
  0.71375394979646734  0.72427517646890793  0.73478937550352530  0.74547850711227348
  0.75597896868940628  0.76673494139496323  0.77738840650807373  0.78821836038192095
  0.79865472307344387  0.80919979092826877  0.81947329222130250  0.82998233974774760
  0.84042152230896749  0.85105814623498510  0.86146181455309434  0.87196296857008493
  0.88268501120341580  0.89340023953246639  0.90402946810506857  0.91455255432410398
  0.92523010256521054  0.93602861429295903  0.94691108797825974  0.95773946505146967
  0.96841702435646204  0.97888860269052080  0.98944982535356618  1.00000000000000000
  0.00009457357645820  0.00822557583475812  0.01652062818619074  0.02449109179694443
  0.03273534368537285  0.04073999414896542  0.04876198264276892  0.05658375312350514
  0.06439479556766994  0.07227403567439107  0.08026714833773120  0.08841947380040656
  0.09666573149566626  0.10494219472284251  0.11319091678189874  0.12140996854235191
  0.12963287609628349  0.13783576561768957  0.14601767067274421  0.15420170989600968
  0.16240157781286932  0.17064576737682502  0.17889715723839325  0.18720549426361288
  0.19571044818716482  0.20432512337094744  0.21283712731850202  0.22115651223402971
  0.22943492283187508  0.23783038135989365  0.24629780857148006  0.25478187169200966
  0.26322924714341517  0.27164622294694424  0.28016001037061700  0.28878587611788925
  0.29749959308725599  0.30623378107328286  0.31497771503947458  0.32376731245569362
  0.33260586412866577  0.34153096587483311  0.35051044237169859  0.35939591493060591
  0.36822372921748397  0.37711117948690531  0.38601681495958379  0.39505931858710441
  0.40417561845853273  0.41330796017927640  0.42247081051140323  0.43168241733150514
  0.44100504955568331  0.45044388022038073  0.45991569527895337  0.46935539657454750
  0.47868080031109772  0.48807693636562910  0.49758436103123838  0.50711208769285721
  0.51656807292822826  0.52607808824039937  0.53566910619970487  0.54542295281882280
  0.55532311876199980  0.56544802621225687  0.57582378469310269  0.58634500020677405
  0.59698854033596715  0.60759150097972636  0.61819034619809510  0.62895685613417751
  0.63989471886102556  0.65086375281928799  0.66182156482894883  0.67309692218391104
  0.68471273221876072  0.69642470769577414  0.70815433073941503  0.71995186914759413
  0.73200179193831039  0.74419113420192562  0.75678581728284144  0.76985366462277716
  0.78359559320685912  0.79796554174434209  0.81281146677979399  0.82795784659468830
  0.84320254218913604  0.85894011284073291  0.87563013312754934  0.89348234522511938
  0.91276905143931775  0.93429995790308717  0.96148752167798146  1.00000000000000000
 -0.02150291371021389  0.11938217755509167  0.17060232032620123  0.20050153110321461
  0.22371024451315979  0.24320370031965785  0.26077966616244092  0.27679745789362509
  0.29182542729334959  0.30607024043872816  0.31965339594998993  0.33258707124522074
  0.34501209541977584  0.35696470473602931  0.36856236556707683  0.37975576303665720
  0.39067973138219647  0.40137266522008591  0.41199421952326964  0.42248147081211523
  0.43276309877271640  0.44299252224559310  0.45316213941085376  0.46303525203449847
  0.47268145706809117  0.48215607408597377  0.49168709059245280  0.50118833022711740
  0.51047519459421031  0.51958479044131889  0.52853081699790827  0.53747260498782634
  0.54607521792075431  0.55463660944502979  0.56309677074800246  0.57153419280655449
  0.57991390791696451  0.58805874886509335  0.59602326306666331  0.60393424309055932
  0.61178144585529348  0.61954846757730497  0.62716504469786882  0.63459930503221040
  0.64194762123268978  0.64916740993295075  0.65623884611660022  0.66316825131594548
  0.66999974360333792  0.67675595898521135  0.68340314840737360  0.68990121265822257
  0.69628864558647841  0.70263188814889477  0.70891428370144072  0.71507883420749552
  0.72114008076042246  0.72711664993127711  0.73297846801455691  0.73872247616862718
  0.74436194833298730  0.74991566469252069  0.75534388882893644  0.76072684687908765
  0.76605945093956307  0.77137697701812902  0.77674241131757216  0.78207459746444452
  0.78729793104823698  0.79243000714832834  0.79749328106127171  0.80254649137933942
  0.80761514098562981  0.81268369856808220  0.81779170808455159  0.82287376330334305
  0.82788045294143053  0.83287398349598141  0.83786437899750665  0.84288275893500186
  0.84793715393188485  0.85301631794227006  0.85807800848106297  0.86327598352163704
  0.86848647380853961  0.87388740099442008  0.87949023016907668  0.88528958113293632
  0.89132616902595674  0.89777736588968826  0.90474729233821127  0.91239863009788735
  0.92129581889909073  0.93256259798862229  0.95150285295050674  1.00000000000000000
   7.1537361370770727E-002  -1.0000000000000000     
 T F F T F F F F F F F F T F F T F F F F F F F F F F F F F F F F
  <DiscreteSampler_grid>
  grouped_processes
  1 # 1 for a reference and 2 for a running grid.
  10 # Attribute 'min_bin_probing_points' of the grid.
  1 # Attribute 'grid_mode' of the grid. 1=='default',2=='initialization'
  0.0000000000000000 # Attribute 'small_contrib_threshold' of the grid.
  0.5000000000000000 # Attribute 'damping_power' of the grid.
 # binID   n_entries weight   weight_sqr   abs_weight
    10   10   2.831878794531147E+008   8.159370644855626E+016   2.831878794531147E+008
  </DiscreteSampler_grid>
