  0.00000238303791077  0.00000240033202815  0.00000244994869966  0.00000249829531489
  0.00000254763704309  0.00000260194446339  0.00000265714365320  0.00000271201391136
  0.00000276918911778  0.00000282834895824  0.00000289058938142  0.00000295361736322
  0.00000301753590462  0.00000308199306573  0.00000314797337110  0.00000321804370335
  0.00000329122794082  0.00000336800698406  0.00000344708967928  0.00000352736529565
  0.00000360936512243  0.00000369468800156  0.00000378508397910  0.00000388496488053
  0.00000398696325232  0.00000409078474375  0.00000419567640062  0.00000430738507591
  0.00000442847993084  0.00000455464656327  0.00000468522262643  0.00000481925314736
  0.00000495407197274  0.00000510589552257  0.00000526884795512  0.00000543705962388
  0.00000560815600295  0.00000578582125516  0.00000598190416875  0.00000618647627929
  0.00000639938022636  0.00000661909605039  0.00000685325538595  0.00000710394361648
  0.00000736448747093  0.00000763462992112  0.00000792162535290  0.00000823325416331
  0.00000856594355837  0.00000890184138135  0.00000926000684794  0.00000965050933458
  0.00001006091078464  0.00001048741983340  0.00001094797147780  0.00001145117553289
  0.00001196345085566  0.00001253338778382  0.00001315605825702  0.00001381126983014
  0.00001450066372852  0.00001526332558459  0.00001606516129134  0.00001694527734196
  0.00001791137261266  0.00001893618501529  0.00002004773477322  0.00002123320403147
  0.00002251178006509  0.00002395597596285  0.00002554641319453  0.00002728791376753
  0.00002918660933005  0.00003125534432006  0.00003350776868560  0.00003593642554922
  0.00003871448195926  0.00004183245093829  0.00004523083560801  0.00004887175429010
  0.00005320235996969  0.00005838144401916  0.00006452617081031  0.00007170863248040
  0.00007983078935604  0.00008960493121025  0.00010175696595006  0.00011669073327820
  0.00013466577663688  0.00015683999799824  0.00018713696647934  0.00023023932661909
  0.00028887185052126  0.00042715835446596  0.01275080466306962  1.00000000000000000
 -0.00260801474004613  0.00981459409134266  0.02030801397288163  0.03096036164178397
  0.04154406066661946  0.05214828682175891  0.06262109890947100  0.07306906164914422
  0.08354691130478523  0.09423473569700720  0.10475602956085518  0.11521278892691132
  0.12552920132688811  0.13586664737921098  0.14618753766566558  0.15641900335762871
  0.16672364530499842  0.17696253524335565  0.18740168833675569  0.19821550597522794
  0.20921601528866074  0.22017612272078471  0.23094359165241099  0.24165978777850128
  0.25220497586573826  0.26271464655329996  0.27336444077304212  0.28416799779199686
  0.29489099262101615  0.30550546295140762  0.31601678995290988  0.32662089761811886
  0.33725241956626900  0.34788213064165430  0.35838408246438730  0.36880475550523573
  0.37913215700142583  0.38930568249406972  0.39939286938192764  0.40945169014025218
  0.41961175238477710  0.42990545557475862  0.44000664267003003  0.45041649758700841
  0.46079083073940630  0.47142647402948723  0.48195480573743410  0.49288752314756978
  0.50378531148423100  0.51464180040251251  0.52537731425258360  0.53617361900205873
  0.54676053975806593  0.55721062393904564  0.56772086674898603  0.57829927248818380
  0.58895656732791857  0.59953458505345036  0.61012296771501151  0.62048987037182546
  0.63081724018510132  0.64097473921925141  0.65127356510241563  0.66158690087446947
  0.67207375478249054  0.68266421986547832  0.69326918599766030  0.70388452176643879
  0.71438270489875355  0.72489934580002102  0.73531825752203928  0.74572064070180588
  0.75632079974199240  0.76694364591497322  0.77756690698433129  0.78800648889844493
  0.79846040145280883  0.80900068369391143  0.81958025866463147  0.83023009991659813
  0.84087895235445387  0.85159697678146240  0.86238561016622006  0.87298461744062661
  0.88344890578149626  0.89384472777686297  0.90433196169891039  0.91492836938440658
  0.92546394607200910  0.93597805856969785  0.94644657531241716  0.95703620990028460
  0.96777538434036081  0.97853344774392947  0.98933594529251578  1.00000000000000000
 -0.00051721655715360  0.01258160478044995  0.02522894495785108  0.03766063847055600
  0.05021213395112218  0.06266091013255513  0.07488087757301309  0.08681533562516522
  0.09863309858033334  0.11049817741019383  0.12243484100301860  0.13441335397126603
  0.14632128210919282  0.15817935527174862  0.17003202664100645  0.18184001908766609
  0.19353289767532111  0.20505961249092894  0.21643090852246075  0.22764843476120861
  0.23869080458303413  0.24967970222546745  0.26068139564175030  0.27165272810863772
  0.28254596163152512  0.29347473474996028  0.30443924662394800  0.31530921644828636
  0.32592678135397313  0.33638333096350781  0.34671901452312948  0.35696254131956295
  0.36711171610984322  0.37719663820855742  0.38725669313158856  0.39737068851099583
  0.40745380899801126  0.41752650572510297  0.42755027663629919  0.43755133778787020
  0.44757392557919812  0.45766340577562037  0.46786579881245766  0.47792872981387291
  0.48773275418034318  0.49737794118123685  0.50701364885859490  0.51665453925668758
  0.52613033184121250  0.53542646388140014  0.54470666817922075  0.55408704730433567
  0.56359222964935551  0.57329811046040635  0.58301984470804713  0.59270406847633605
  0.60221206526633941  0.61170932992727944  0.62126561162220517  0.63080500319960175
  0.64030939663077702  0.64979881277587692  0.65925546766858689  0.66859663311885997
  0.67780822911807792  0.68699190654166831  0.69620313138137657  0.70542824505353041
  0.71455595838252339  0.72361707993552027  0.73266859275826612  0.74173753161680245
  0.75089166247186545  0.76009992639116664  0.76926564322334834  0.77836972958159034
  0.78741001363875895  0.79649168354986088  0.80573533340095960  0.81500230993444911
  0.82426616997961333  0.83351467710962601  0.84313792527600906  0.85284087845231027
  0.86271811391324904  0.87278297449808984  0.88310244873083588  0.89353719178405111
  0.90398175603831998  0.91455474510467816  0.92545811514797482  0.93695665734454747
  0.94917602600169160  0.96286106504992064  0.97956833421624456  1.00000000000000000
 -0.01672571232900066  0.09755843438811526  0.13587642440533729  0.15941970850235676
  0.17824316199964935  0.19407744173973385  0.20804152741520709  0.22066167588106869
  0.23218178565653996  0.24281493341087945  0.25289957910855360  0.26260980810546991
  0.27190282471584620  0.28077099469339822  0.28932874150936982  0.29754623671144714
  0.30552374674222116  0.31322485028303876  0.32062294451172429  0.32787545634061910
  0.33494094810948855  0.34178300228558850  0.34854427248012754  0.35523873791339350
  0.36185908703458164  0.36840682419920073  0.37486877609597397  0.38124590159894861
  0.38754438270528507  0.39376771612033123  0.39990520169256322  0.40588719255523931
  0.41193508975117343  0.41789420002932520  0.42378720148541144  0.42960338593445740
  0.43536656781991673  0.44112766845679707  0.44685423712397498  0.45259069595805018
  0.45834955216391449  0.46412213124343438  0.46988840003198995  0.47562332133694801
  0.48134013131006820  0.48705384255218465  0.49277825439622597  0.49849908450375430
  0.50410797379685135  0.50967869086092832  0.51526109037931922  0.52084798894084883
  0.52644420899132083  0.53208154208887060  0.53775724561326044  0.54345654297814139
  0.54916448375508753  0.55485105195742046  0.56053131077442264  0.56623741349146006
  0.57194827679845206  0.57770877803559495  0.58349379754449049  0.58938843012581754
  0.59535995801761887  0.60136158288194519  0.60747259368169515  0.61364409642290452
  0.61983553072526498  0.62611383096738982  0.63253161536812963  0.63902248872965439
  0.64555698973013209  0.65220111087535448  0.65894975400733591  0.66580112052336471
  0.67287437347625290  0.68011638111212203  0.68749310638215189  0.69497910000912888
  0.70259565338426266  0.71046551654404078  0.71864565352927556  0.72712935535731738
  0.73609418054990050  0.74552293033370221  0.75553288952519637  0.76634188441371753
  0.77795036012631125  0.79064105184989419  0.80469884924858681  0.82053422500579154
  0.83907069839417503  0.86240327435397135  0.89997865477625871  1.00000000000000000
   13.166276866905781       -1.0000000000000000     
 F F F F T F F T T F F T F F F F F F F F F F F F F F F F F F F F
  <DiscreteSampler_grid>
  grouped_processes
  1 # 1 for a reference and 2 for a running grid.
  10 # Attribute 'min_bin_probing_points' of the grid.
  1 # Attribute 'grid_mode' of the grid. 1=='default',2=='initialization'
  0.0000000000000000 # Attribute 'small_contrib_threshold' of the grid.
  0.5000000000000000 # Attribute 'damping_power' of the grid.
 # binID   n_entries weight   weight_sqr   abs_weight
    10   10   2.467381029976818E+008   1.031378066865798E+017   2.467381029976818E+008
    16   10   2.534826690910886E+008   1.061068548617529E+017   2.534826690910886E+008
  </DiscreteSampler_grid>
