  0.00000237450370181  0.00000248175333589  0.00000254953796605  0.00000260130828574
  0.00000265636556455  0.00000271144479113  0.00000276886917363  0.00000282744510538
  0.00000288815543429  0.00000294921844618  0.00000301103640250  0.00000307385178155
  0.00000313856856630  0.00000320649817310  0.00000327895878611  0.00000335666375001
  0.00000343470395775  0.00000351496068662  0.00000359733315053  0.00000368114985460
  0.00000377382218971  0.00000387326697563  0.00000397525121362  0.00000407901731972
  0.00000418562865654  0.00000429707852191  0.00000441597911145  0.00000454713588744
  0.00000467967634334  0.00000481381521691  0.00000495320237970  0.00000510306008917
  0.00000526487074979  0.00000543404347669  0.00000560685859927  0.00000578647466711
  0.00000597737191645  0.00000618952975865  0.00000640539326472  0.00000662645089740
  0.00000685773274785  0.00000711864152470  0.00000738390937840  0.00000765447230948
  0.00000794666298337  0.00000826664841323  0.00000860438779758  0.00000894535070934
  0.00000931590769891  0.00000972462763926  0.00001014240517365  0.00001057923974977
  0.00001105834035501  0.00001157907487755  0.00001211764752596  0.00001269932132565
  0.00001333525566647  0.00001399231080902  0.00001469318057090  0.00001545442105465
  0.00001625363030728  0.00001711076889552  0.00001810243491951  0.00001912849276137
  0.00002027496757561  0.00002150971147263  0.00002283934940258  0.00002430880345132
  0.00002589442009599  0.00002764377757243  0.00002952833857427  0.00003161039839559
  0.00003388326778851  0.00003640966482633  0.00003921092871663  0.00004236634524566
  0.00004591320432079  0.00004984268244967  0.00005425063417632  0.00005929954907900
  0.00006537642954078  0.00007240525097012  0.00008050560574426  0.00008986994624196
  0.00010234127987129  0.00011671842769294  0.00013369221069086  0.00015393197419897
  0.00017921684786985  0.00021130873030782  0.00025857188015274  0.00033519607790005
  0.00053700710142828  0.00078420212680516  0.00296698194167865  1.00000000000000000
 -0.00209599715017122  0.00880042468869609  0.01829881967846572  0.02842805160608366
  0.03881203862129275  0.04963035294057943  0.06037925961985888  0.07115712138049060
  0.08190789540290100  0.09260143343610268  0.10325407742989548  0.11379903281629869
  0.12423460416666803  0.13465087234933557  0.14516551485845761  0.15581913214910298
  0.16657535713184224  0.17719059579729024  0.18772957900364742  0.19828866866063541
  0.20890341563554624  0.21955005558836543  0.23009843900198257  0.24074504034499780
  0.25149599139481560  0.26232099063029968  0.27297647163589728  0.28343721283747120
  0.29381045173521758  0.30414784496142588  0.31452314159137340  0.32497364029754544
  0.33546540679970960  0.34599140756050922  0.35638009914699487  0.36669869830409108
  0.37716899642493018  0.38780655301571443  0.39845723787574983  0.40913855528118481
  0.41978558676782840  0.43035255305427389  0.44091407381654235  0.45133379812772323
  0.46177202845712234  0.47198825880402479  0.48236330180536197  0.49286294574141892
  0.50335469119041787  0.51395629563439249  0.52450096410267222  0.53531147026943382
  0.54579187745032620  0.55629490598990294  0.56679423827243791  0.57737810220789076
  0.58805885480011733  0.59870646156502738  0.60938461797583843  0.61990613521256799
  0.63028781598077077  0.64054146527561462  0.65081598118743278  0.66115282794354846
  0.67170576833767726  0.68231068680204665  0.69292184568910598  0.70369426600545126
  0.71443951098218650  0.72522036276006963  0.73588351667681862  0.74665972324684959
  0.75725901216980218  0.76777391704679310  0.77817356009407490  0.78865469399972754
  0.79904969180432373  0.80951823451596172  0.82004560978606811  0.83072057015844081
  0.84127642455788010  0.85184574431907123  0.86234308275544191  0.87280626618580037
  0.88341509261606466  0.89382651903952670  0.90440089274796343  0.91482212614999303
  0.92566991352120254  0.93659103575683944  0.94737242944792566  0.95807035189112633
  0.96871332255638665  0.97937967428545925  0.98971505861057651  1.00000000000000000
  0.00081813531865000  0.01307969524215329  0.02587462289428019  0.03846077499951041
  0.05096848983222148  0.06341743427714361  0.07555696377062668  0.08748499762707392
  0.09937507118092731  0.11114173474009521  0.12282984567864830  0.13453416571656304
  0.14623073905176512  0.15772483460620415  0.16905947012947922  0.18034371231286725
  0.19168276319265104  0.20301088259189037  0.21432059537627296  0.22555398675930802
  0.23673952218806310  0.24769474435693681  0.25857033687806946  0.26941646302169214
  0.28041366696175618  0.29131908617835128  0.30205461397944117  0.31264294958615130
  0.32334301563341555  0.33408353900784282  0.34473627768786669  0.35529748452662135
  0.36600060103435256  0.37661076864707194  0.38707512497445939  0.39751264811212422
  0.40791299438833867  0.41807940742649213  0.42802750151542246  0.43803406795848288
  0.44810958787883987  0.45801569141311316  0.46771486285919633  0.47736577652398243
  0.48709242445682255  0.49684681447117979  0.50666399516699345  0.51638872391875623
  0.52621784448799558  0.53606405963278358  0.54595086621120015  0.55583537563992980
  0.56552583122501621  0.57518588981843977  0.58469507745919846  0.59411344214120176
  0.60352041508618659  0.61295489925613322  0.62230936569463513  0.63152883564272588
  0.64067235888737395  0.64983343664031967  0.65900735846762304  0.66813819793839457
  0.67725848826103363  0.68639485558409208  0.69554280148012237  0.70467260527757170
  0.71376176557355930  0.72286365621396453  0.73191448018369720  0.74104360409851033
  0.75028876301504421  0.75954717871510102  0.76890795709449633  0.77803806504105355
  0.78710414926442918  0.79621518274678627  0.80538955423470715  0.81461123623527010
  0.82392500036671923  0.83332262902213505  0.84295992493227356  0.85266524713919845
  0.86230662060299690  0.87202288248039950  0.88199299799117659  0.89226348925734211
  0.90275258131683478  0.91346307706558916  0.92453623267018425  0.93620251047378300
  0.94861295255040534  0.96238145540911302  0.97923086554458882  1.00000000000000000
 -0.01226168718849264  0.09968922431144661  0.13711196725442859  0.16112694895967430
  0.18008200049702652  0.19617825662499208  0.21018314195162613  0.22282807741797617
  0.23435832614054397  0.24512118584998147  0.25522886557227992  0.26484631223476868
  0.27393493771530070  0.28259536324299911  0.29099097482046327  0.29905903836652453
  0.30686593149638747  0.31437754250535938  0.32162910848880527  0.32877413630598024
  0.33581488069322218  0.34275475774746578  0.34960471818274369  0.35631067508284503
  0.36285916432721088  0.36929002475122180  0.37559085888483218  0.38172406594028907
  0.38776342292351373  0.39379377849012076  0.39978090047916276  0.40573772078939713
  0.41170311577801266  0.41765333543320493  0.42354030347454685  0.42938004712683553
  0.43513974163327007  0.44084885126716278  0.44655378035833715  0.45226183113719909
  0.45795845453898087  0.46364363482155718  0.46932238891986422  0.47497738317968252
  0.48060711115476201  0.48615545271862409  0.49173289989247443  0.49731747793791037
  0.50292715109109842  0.50849860994794482  0.51406525828637784  0.51965262132615331
  0.52528048959880691  0.53089415794468420  0.53648134022069072  0.54211592501674155
  0.54781647050998938  0.55354100245288040  0.55925925354444450  0.56498804278918369
  0.57084016431924822  0.57673841723303954  0.58265505128378559  0.58868626926266310
  0.59478677080387066  0.60094404648682664  0.60712570951936273  0.61332506074795701
  0.61956185641519623  0.62588950949963285  0.63235224078088115  0.63890445997284750
  0.64556524193729736  0.65240192238530792  0.65929823319247860  0.66623397572196630
  0.67331340441787024  0.68059949247831564  0.68801551150487550  0.69571959239941239
  0.70351842786914609  0.71156204154673175  0.71988127675733238  0.72835415863327480
  0.73741056537154537  0.74683241665108502  0.75695095604788221  0.76767145733986131
  0.77928487558554771  0.79199194140084628  0.80611376829908088  0.82208706048065650
  0.84096968690141838  0.86512398007941294  0.90474545012587382  1.00000000000000000
   13.135404904534639       -1.0000000000000000     
 F F F F T F F T T F F T F F F F F F F F F F F F F F F F F F F F
  <DiscreteSampler_grid>
  grouped_processes
  1 # 1 for a reference and 2 for a running grid.
  10 # Attribute 'min_bin_probing_points' of the grid.
  1 # Attribute 'grid_mode' of the grid. 1=='default',2=='initialization'
  0.0000000000000000 # Attribute 'small_contrib_threshold' of the grid.
  0.5000000000000000 # Attribute 'damping_power' of the grid.
 # binID   n_entries weight   weight_sqr   abs_weight
    10   10   2.109662055623238E+009   2.018477381697913E+019   2.109662055623238E+009
    16   10   2.114702870020356E+009   2.020509755090995E+019   2.114702870020356E+009
  </DiscreteSampler_grid>
