  0.00000236887027989  0.00000238135263254  0.00000239560221891  0.00000241226364472
  0.00000242919800076  0.00000244525880374  0.00000246110815108  0.00000247811364035
  0.00000249744233635  0.00000251951408256  0.00000254329416445  0.00000256752334914
  0.00000259253736015  0.00000261849263305  0.00000264544749280  0.00000267314897532
  0.00000270129839737  0.00000273249811886  0.00000276612012236  0.00000280171958866
  0.00000283928777286  0.00000287827836042  0.00000291800422580  0.00000295961171770
  0.00000300347633363  0.00000304928346100  0.00000309662498538  0.00000314491554206
  0.00000319317486257  0.00000324933768757  0.00000331372510803  0.00000337889717919
  0.00000344501664884  0.00000351360218350  0.00000358653264396  0.00000366247142858
  0.00000374314766015  0.00000382948662857  0.00000392066669210  0.00000401487786746
  0.00000411024338392  0.00000421007708053  0.00000431901663756  0.00000443788908914
  0.00000456716478636  0.00000470490324221  0.00000484634222971  0.00000498802233462
  0.00000514278666387  0.00000530757737863  0.00000547715585306  0.00000565276783702
  0.00000584514450430  0.00000605485456033  0.00000628017417103  0.00000652000277246
  0.00000677840636232  0.00000706620921265  0.00000737219440698  0.00000769272299101
  0.00000803544690015  0.00000840197795888  0.00000878731473896  0.00000919488615817
  0.00000966130694101  0.00001016894839937  0.00001072102100177  0.00001133416666054
  0.00001198210351559  0.00001271018208056  0.00001354491979441  0.00001446735766552
  0.00001554260905720  0.00001668785312451  0.00001791469786686  0.00001924998941642
  0.00002080326504692  0.00002254724254698  0.00002452585816903  0.00002682675734432
  0.00002964377578637  0.00003309713521189  0.00003727688687125  0.00004244411330717
  0.00004924009602739  0.00005772696759101  0.00006874764987970  0.00008423988558767
  0.00010678871469989  0.00013937191613370  0.00019275911644758  0.00028628612410938
  0.00046954926311445  0.00104280302249415  0.00665014554942304  1.00000000000000000
 -0.00235484308480141  0.00936117534601692  0.01979426069958479  0.03000971995348919
  0.04044526656052992  0.05075707398990496  0.06129314011745014  0.07195558101650580
  0.08236463660223281  0.09266051484346134  0.10278899646771322  0.11380358803384479
  0.12461428175846202  0.13535314955860533  0.14606566018383590  0.15726631417648904
  0.16826376144209465  0.17867995112038382  0.18881705420821207  0.19874316070344886
  0.20922374922877207  0.21977616491691282  0.23084709554965507  0.24193433727608332
  0.25280285369795080  0.26338737096077192  0.27384824213386522  0.28420569254323114
  0.29445453482137263  0.30484118715017827  0.31509746478393508  0.32532536380762717
  0.33524913661702938  0.34542058955941712  0.35568549800027666  0.36608429125806624
  0.37632309764888949  0.38714905246929204  0.39820517460653487  0.41010879515119752
  0.42159264055479267  0.43295976742744430  0.44379871478348193  0.45466388663104124
  0.46476668126547066  0.47480787090829524  0.48446257619091504  0.49424085432127390
  0.50461717722005106  0.51500595888846123  0.52528211341683251  0.53527563621805474
  0.54561651761051067  0.55642044032214111  0.56740373655764964  0.57814315945782035
  0.58867190016330950  0.59894489238428739  0.60937821443160134  0.62000563208390780
  0.63019644335014235  0.64059214436043310  0.65081374366870537  0.66157399175476017
  0.67253220606623898  0.68354925349272111  0.69380661521881482  0.70364231752857398
  0.71374082397373562  0.72398476743567231  0.73429758169588666  0.74471763474400721
  0.75527774865376551  0.76602809265965444  0.77625895585557647  0.78666325356969813
  0.79686994270197087  0.80731756810347688  0.81782863401754835  0.82858531908000699
  0.83986168557555207  0.85141173198856956  0.86214806988749926  0.87251664958775332
  0.88254271727301936  0.89254910782887464  0.90281085225234947  0.91296156047510613
  0.92390358431707764  0.93499105707936947  0.94618546499347500  0.95733207968409662
  0.96826806909498642  0.97924181501269769  0.98962134657522860  1.00000000000000000
  0.00182146604967960  0.02666646735137972  0.05072993230054727  0.07440402945982988
  0.09779364944318560  0.12103535481576221  0.14387940276784497  0.16603950522544722
  0.18777998104523072  0.20903863407331558  0.22996623363432681  0.25059078275790436
  0.27095499537293466  0.29084857234402556  0.31029566885959803  0.32926150543327171
  0.34821819127799547  0.36682392927822594  0.38518805146457985  0.40314643252707344
  0.42071726178577523  0.43774981479334552  0.45410191040249642  0.46995795862910622
  0.48554480997241783  0.50081642564431672  0.51585450683415079  0.53071882449510177
  0.54526766326894494  0.55957367873037844  0.57366010587228755  0.58751387090312002
  0.60117489470392016  0.61449740175309397  0.62746316662975643  0.64019811376480640
  0.65268734290950636  0.66489480251192334  0.67681775052610760  0.68850401969572206
  0.70004914640284133  0.71133294966897487  0.72223845844636103  0.73282708862580481
  0.74328626590463409  0.75362825972234859  0.76381571458390141  0.77373301774107583
  0.78334400162236228  0.79266739630954719  0.80174542143320826  0.81058392309280358
  0.81914889092147825  0.82745401625710191  0.83562423656585749  0.84366107816996461
  0.85164143195632813  0.85919540257542248  0.86640328377964604  0.87343681775955695
  0.88022221972898462  0.88684234884015223  0.89332867028374385  0.89960019400434676
  0.90566302429119172  0.91151721130034857  0.91711301170100568  0.92244522521358441
  0.92759668812178120  0.93268156428528448  0.93763592760508008  0.94219928724860236
  0.94660104048824389  0.95086330606460667  0.95507246044070016  0.95888087935792476
  0.96235677495034133  0.96566609605910980  0.96884214924698564  0.97190521980978350
  0.97485742731289871  0.97761944647984678  0.98017732262370261  0.98259855152592290
  0.98489235943380948  0.98705714535429512  0.98906770003094291  0.99095279210359399
  0.99253058795855786  0.99396166270655739  0.99529060146271575  0.99648351395597090
  0.99747239411283017  0.99835193435034320  0.99918975291310841  1.00000000000000000
 -0.01261188790985706  0.09291055406082331  0.12206306526817354  0.14107206647248288
  0.15659132949395846  0.17030437678002885  0.18294393641704279  0.19471654470025962
  0.20581911262725011  0.21640565331190015  0.22662009761662064  0.23662507061845703
  0.24647663450254309  0.25584969308459576  0.26494142270504240  0.27428421918170892
  0.28342656112156051  0.29226556129118259  0.30087723120055621  0.30967276176534037
  0.31896409904436462  0.32856010231367655  0.33804953867929394  0.34728456870050983
  0.35614008874920094  0.36494343991575989  0.37378651489015352  0.38287912050275619
  0.39214743657065049  0.40180520670014597  0.41152365526695217  0.42093293404983811
  0.43019627337323857  0.43950206527035773  0.44879918528556006  0.45794550349978191
  0.46666321625149743  0.47510280167272373  0.48344706655887032  0.49180674372016064
  0.50049918542205640  0.50926061124521238  0.51779458284392188  0.52615434638525960
  0.53447392936225901  0.54276631102761286  0.55115748682373800  0.55968391342722135
  0.56827133989849443  0.57688930959022211  0.58532515218332248  0.59331403178187792
  0.60104760024810067  0.60879342959103722  0.61657816330967052  0.62451660055431857
  0.63245480521261266  0.64016799194351137  0.64774060888871920  0.65525067778790025
  0.66284491963769709  0.67053184741600080  0.67825806104896935  0.68580433918621475
  0.69320602623597261  0.70068357019026672  0.70809158309829112  0.71563358477174310
  0.72270240666952268  0.72971017478669975  0.73658218751568560  0.74342490316714638
  0.75025613210395958  0.75704148745851507  0.76377403268874877  0.77048303991486833
  0.77709422013485308  0.78363436925064389  0.79015307230671217  0.79651405949871978
  0.80291420924078505  0.80934231617405872  0.81602569217468890  0.82276735391281575
  0.82962823247184414  0.83658265808945032  0.84367491276741835  0.85089833433225570
  0.85861813533054732  0.86686631481789400  0.87589599430057130  0.88609712323166456
  0.89794851916557994  0.91317776604751943  0.93826787530975964  1.00000000000000000
   2.7496932742659834       -1.0000000000000000     
 F F F T F F T F F T F F T F F F F F F F F F F F F F F F F F F F
  <DiscreteSampler_grid>
  grouped_processes
  1 # 1 for a reference and 2 for a running grid.
  10 # Attribute 'min_bin_probing_points' of the grid.
  1 # Attribute 'grid_mode' of the grid. 1=='default',2=='initialization'
  0.0000000000000000 # Attribute 'small_contrib_threshold' of the grid.
  0.5000000000000000 # Attribute 'damping_power' of the grid.
 # binID   n_entries weight   weight_sqr   abs_weight
    10   10   1.548203986096430E+011   1.768498715944694E+023   1.548203986096430E+011
  </DiscreteSampler_grid>
