  0.00000237362341720  0.00000237844790641  0.00000239035499587  0.00000240588445122
  0.00000242199354864  0.00000243812791913  0.00000245621088353  0.00000247467681729
  0.00000249281189832  0.00000251394033535  0.00000254240513427  0.00000257264116707
  0.00000260446885359  0.00000263695554565  0.00000266948955800  0.00000270180048608
  0.00000273843873079  0.00000277763844843  0.00000282003585304  0.00000286575156044
  0.00000291249794119  0.00000296130977839  0.00000301298175454  0.00000306598574324
  0.00000311922847460  0.00000317451687080  0.00000323971174125  0.00000330894890595
  0.00000338156068327  0.00000345705533958  0.00000353497404068  0.00000361533060194
  0.00000370125044782  0.00000379435372210  0.00000389643708960  0.00000400382276652
  0.00000411414359511  0.00000422823413256  0.00000435122709737  0.00000449708015370
  0.00000464501981833  0.00000479606633181  0.00000495782687640  0.00000513623647981
  0.00000532993105468  0.00000553136269553  0.00000573263717885  0.00000595697397997
  0.00000619898571608  0.00000645187450824  0.00000671645588286  0.00000700120269945
  0.00000730894497943  0.00000762529818259  0.00000796753019562  0.00000834760750722
  0.00000875502389628  0.00000919358703817  0.00000968932555180  0.00001021924467765
  0.00001078695290883  0.00001141935773758  0.00001208580968287  0.00001281875192126
  0.00001361051654561  0.00001444900883058  0.00001535156718580  0.00001633423617991
  0.00001744074570207  0.00001862750517243  0.00001992604074241  0.00002139497884115
  0.00002304774451180  0.00002491971849498  0.00002700456079961  0.00002937711814299
  0.00003211793408036  0.00003520257273590  0.00003881800579000  0.00004282470985459
  0.00004720509229573  0.00005235503321999  0.00005878011643933  0.00006690680638616
  0.00007718817144192  0.00009073101713876  0.00010790149603410  0.00012869841360149
  0.00015629811154753  0.00019328746658723  0.00024477245136229  0.00031456264164042
  0.00044876359166261  0.00073043062122445  0.00252318100840446  1.00000000000000000
 -0.00216899600583640  0.00908351034316874  0.01972148489731188  0.03101843944552259
  0.04234899148823576  0.05332187534476829  0.06359251462218261  0.07304175139892334
  0.08211134174581006  0.09126390988740252  0.10083097403969221  0.11063616069117399
  0.12028573026076057  0.12982544052266376  0.13967114263281838  0.14955089986401596
  0.15968613060593978  0.16975500632937437  0.18000812390485751  0.19077960649477127
  0.20252268223278677  0.21392574929872990  0.22534121898441306  0.23656881097812071
  0.24809549621007207  0.25910988199128454  0.27079766778703973  0.28195608420382146
  0.29315941534205575  0.30391805878269390  0.31498870222303943  0.32604405690751909
  0.33696519906375505  0.34795210703592422  0.35871685721681557  0.36929411321079803
  0.37973504311002065  0.39016955586216967  0.40117594159956954  0.41189198170335056
  0.42231169946456337  0.43224239467567160  0.44242188147518485  0.45290168467036224
  0.46285319722607871  0.47256848362814841  0.48221467659472722  0.49236626265402711
  0.50278452960734210  0.51303819127440264  0.52289055639590531  0.53260635364009801
  0.54259310038020270  0.55339344498231546  0.56438848033145583  0.57545189850728906
  0.58639607022243423  0.59734887879088050  0.60775310886328293  0.61814518692185760
  0.62868582644094972  0.63932723131145641  0.64969786347128455  0.65982851957628985
  0.66998735531898157  0.68033187848273069  0.69104886820815870  0.70190611298684302
  0.71267017727785154  0.72328331647310118  0.73391000805009599  0.74462833302147879
  0.75562424463997901  0.76686659451513151  0.77819380418358364  0.78915151340017875
  0.79976464930995139  0.81008935282718553  0.82039719386117460  0.83051833583596701
  0.84095387847544512  0.85128124777196024  0.86244490397006379  0.87327611386584181
  0.88390375549159650  0.89443256322376141  0.90507798158347952  0.91591226315958196
  0.92638774458950135  0.93668855128331896  0.94687862035333148  0.95687303835610393
  0.96719455806254462  0.97774730948466748  0.98882164533482997  1.00000000000000000
 -0.00182234062297913  0.02028583001805218  0.03991821961134719  0.05947848421315508
  0.07875178567295346  0.09782932299546718  0.11683304518593687  0.13583895352654285
  0.15434615944617019  0.17257269175163989  0.19048196974579351  0.20766823145464849
  0.22422199735398732  0.24093430574651525  0.25824337631215061  0.27545416986808469
  0.29224714346990288  0.30860391927703229  0.32471645792445319  0.34052953986924406
  0.35595876146555505  0.37111899566380824  0.38644614535233712  0.40152916881127654
  0.41607504738304241  0.43037845117650825  0.44455173701559658  0.45857518518500096
  0.47262807437899290  0.48636017643792018  0.49979499687435230  0.51243696052857646
  0.52507363857495559  0.53761362877025198  0.55002877802304628  0.56222314296609299
  0.57435379028078604  0.58636727828850144  0.59830814016525857  0.61028507364276618
  0.62220639485818652  0.63397369734777276  0.64552126758674022  0.65688161589830751
  0.66796050542175500  0.67860306913459512  0.68888524770760473  0.69895720694428487
  0.70899944410729565  0.71893363695274759  0.72857094269983746  0.73801746382803113
  0.74730025430832336  0.75659841988721366  0.76580624668479691  0.77489580505537026
  0.78385252273720196  0.79295377465086736  0.80212372618328842  0.81107575982902658
  0.81962337351483749  0.82786913104748328  0.83582937168688642  0.84362192635825173
  0.85131730422549057  0.85870994289233116  0.86576512307141673  0.87280315317466217
  0.87983113849608474  0.88661406423531175  0.89307725630746537  0.89933070581133479
  0.90552248240472200  0.91166571288136666  0.91762086446135982  0.92330422080161767
  0.92892202078573904  0.93442095143425019  0.93968995021384283  0.94472998953584164
  0.94962099954321944  0.95433987254753905  0.95900308869997386  0.96336822036022485
  0.96744474488650278  0.97133442178689733  0.97506372056870572  0.97860196022527879
  0.98195687824198885  0.98499420415037198  0.98784377994851669  0.99055245610160669
  0.99314862113432290  0.99548029743042721  0.99776079697291831  1.00000000000000000
 -0.00653532349288935  0.10775295436290533  0.16043153873657071  0.19137652358093402
  0.21535106926390765  0.23567912768164945  0.25391587393258286  0.27058867090395256
  0.28566078706313325  0.29947169042162314  0.31269773352345265  0.32555513859486923
  0.33796382363983585  0.34988764124141175  0.36140783420080913  0.37302392939205786
  0.38443113296602088  0.39551068970349768  0.40563136098534380  0.41530667853552966
  0.42475424385310068  0.43429316044100358  0.44344321505723999  0.45202126236216617
  0.46062832526781972  0.46913896230915453  0.47754367154941574  0.48582327500093314
  0.49409233967984395  0.50232054325539299  0.51040563605499145  0.51838975235879881
  0.52633928212822001  0.53455785619992435  0.54274823320062848  0.55072407905099297
  0.55847863226921057  0.56626841669287087  0.57439170431320286  0.58250631762366401
  0.59019046755643156  0.59792227854388391  0.60546905164931319  0.61292245986779104
  0.62031765951127882  0.62752953240247111  0.63462952216290158  0.64165629916057820
  0.64837493004384261  0.65463397299581350  0.66088834449751022  0.66704393149307573
  0.67318960123452110  0.67926048944522266  0.68528363675759041  0.69134696367133874
  0.69737122025888787  0.70333616750891437  0.70911331211567985  0.71527795100489810
  0.72111866873084629  0.72680071229719612  0.73230124309630462  0.73760933837574838
  0.74277493508207171  0.74790594452805559  0.75311676853067122  0.75841491113725445
  0.76367725192580926  0.76939126142123904  0.77469429461654549  0.77999759146852976
  0.78519356621916614  0.79033981329957992  0.79537762897875475  0.80035356402397573
  0.80543720740529390  0.81062758422249015  0.81591236369662323  0.82123387724130903
  0.82665947376463522  0.83215253783768806  0.83789831880515320  0.84378460557654766
  0.84967153913071014  0.85565277496970948  0.86186707366812720  0.86832088770974747
  0.87521933579550681  0.88282272513436066  0.89120015824966237  0.90047010764835433
  0.91129843672115773  0.92517514517520372  0.94711288802831128  1.00000000000000000
   4.5396901157835403       -1.0000000000000000     
 T F F T F F T F F T F F T F F T F F F F F F F F F F F F F F F F
  <DiscreteSampler_grid>
  grouped_processes
  1 # 1 for a reference and 2 for a running grid.
  10 # Attribute 'min_bin_probing_points' of the grid.
  1 # Attribute 'grid_mode' of the grid. 1=='default',2=='initialization'
  0.0000000000000000 # Attribute 'small_contrib_threshold' of the grid.
  0.5000000000000000 # Attribute 'damping_power' of the grid.
 # binID   n_entries weight   weight_sqr   abs_weight
    10   10   4.728894925822342E+010   4.822128720145634E+021   4.728894925822342E+010
  </DiscreteSampler_grid>
