  0.00000237663699829  0.00000239491583150  0.00000241092803781  0.00000242698255677
  0.00000244353522848  0.00000246124461175  0.00000247888788137  0.00000249573644949
  0.00000252033680824  0.00000254757586549  0.00000257517164062  0.00000260402017370
  0.00000263388858487  0.00000266466766601  0.00000269688343876  0.00000273094167115
  0.00000276612445816  0.00000280797220028  0.00000285115863706  0.00000289480106007
  0.00000293951430218  0.00000298610965608  0.00000303428835506  0.00000308460819470
  0.00000313568615639  0.00000319063911980  0.00000325340930925  0.00000332186555487
  0.00000339056284013  0.00000346070726398  0.00000353294621847  0.00000360760785990
  0.00000368450020206  0.00000377431042391  0.00000387058012239  0.00000397021796238
  0.00000407269228471  0.00000417827346422  0.00000428657537389  0.00000442105607390
  0.00000456159824791  0.00000470756406121  0.00000485534614124  0.00000500930795645
  0.00000517955816001  0.00000535961098101  0.00000554528568833  0.00000574415698219
  0.00000596018834070  0.00000619268819929  0.00000643392307151  0.00000667629215121
  0.00000693909648648  0.00000721875849931  0.00000751265521041  0.00000781938579970
  0.00000817038877768  0.00000854461288949  0.00000893377275372  0.00000936707702680
  0.00000984569534827  0.00001035762428119  0.00001091684128585  0.00001153116381273
  0.00001218320271031  0.00001289711015369  0.00001368518370304  0.00001453360846687
  0.00001544901604050  0.00001640768707157  0.00001748371952931  0.00001865995645520
  0.00001997902298947  0.00002141483440289  0.00002295975069355  0.00002488234781189
  0.00002709380067442  0.00002963313388164  0.00003245357061182  0.00003561260096398
  0.00003917305517171  0.00004322301327624  0.00004780939471888  0.00005367365552121
  0.00006072414589645  0.00006986863118884  0.00008202289995180  0.00009829089076906
  0.00011948338806845  0.00014814293803083  0.00018667083602354  0.00025072620802544
  0.00036900226205627  0.00061150054230108  0.00256044271837712  1.00000000000000000
 -0.00233387134472223  0.00998560998840367  0.02116816955253784  0.03252945683788726
  0.04361703368912073  0.05444375781066949  0.06456259642107393  0.07389183994656047
  0.08278600608430230  0.09175408142351890  0.10130552626268910  0.11132716504386894
  0.12121543354311039  0.13094449809457676  0.14086367311868506  0.15094669085232121
  0.16110359292344892  0.17110654614454451  0.18113619079329543  0.19192393839147073
  0.20329396279011216  0.21419741223844330  0.22524220283333013  0.23642278287581603
  0.24788635212526208  0.25890668503216485  0.27045276116544537  0.28172169707123196
  0.29284360799526216  0.30355100099524479  0.31457957752247989  0.32586534210977774
  0.33690310644977273  0.34763076939543863  0.35829836124991277  0.36885042512088773
  0.37928752708517766  0.38945836800114136  0.39999113225975630  0.41056796563657816
  0.42089296622442818  0.43109557565021506  0.44156985748861860  0.45231201312299679
  0.46236726653051297  0.47219811059137118  0.48208629311676099  0.49239494191231381
  0.50272393160625728  0.51283768481127878  0.52275262307718584  0.53243948402992869
  0.54227584368264714  0.55281401134709207  0.56357009399305835  0.57436083699586615
  0.58521207382932916  0.59616772964233777  0.60670897582731309  0.61705752577328477
  0.62774667806442574  0.63877969982784810  0.64954121730188974  0.65962730905699996
  0.66977818059274830  0.67995869409537857  0.69061195169013123  0.70092638102518023
  0.71142258737315489  0.72190399188390408  0.73219151487713574  0.74255328788796870
  0.75311820096906779  0.76463919009568937  0.77598562931050030  0.78711433498600003
  0.79783501762958664  0.80871305957190132  0.81960382563114009  0.83022770565482695
  0.84059622472266515  0.85092736691118109  0.86184966990769263  0.87295983464402926
  0.88382791540643046  0.89442618719569733  0.90493474230288851  0.91548958744161990
  0.92587582269051183  0.93631384117413341  0.94673860167282409  0.95673675724381912
  0.96697511970103245  0.97750779982483249  0.98877239209551449  1.00000000000000000
 -0.00172652145235545  0.01995316879584980  0.03931443313462386  0.05848315791560182
  0.07734233535098607  0.09639821125673158  0.11566435176175215  0.13454022582483985
  0.15272314640639761  0.17098855001451785  0.18899387708364748  0.20610702210721235
  0.22238535311989960  0.23880158777780805  0.25572500683261162  0.27277090890608868
  0.28965763430107383  0.30613618757720829  0.32227324855783052  0.33821335342451203
  0.35382809481828326  0.36912453008261092  0.38450901651920832  0.39968557340749999
  0.41413747122988331  0.42832174817968266  0.44239584375641000  0.45623624232771398
  0.47003263159481817  0.48354460242602809  0.49686110265639810  0.50934201728208628
  0.52178174792495491  0.53416584807367062  0.54634235327606318  0.55832292055386845
  0.57021469297164129  0.58214694261537980  0.59393390804757273  0.60564382427218633
  0.61727175485775465  0.62890579917662148  0.64055109099010688  0.65196619915115062
  0.66298757229369276  0.67348861121268411  0.68354134190953342  0.69341385861214311
  0.70325318070847764  0.71302478450739171  0.72247794467121718  0.73169830133421299
  0.74087793944500924  0.75015851346821694  0.75937739842009933  0.76840412332484997
  0.77719920580879631  0.78595399067399230  0.79487602944696889  0.80385305563547338
  0.81262262459776891  0.82097205157203801  0.82902615753435061  0.83687813256269172
  0.84455874360391781  0.85216386851071302  0.85945917809850991  0.86653694270929427
  0.87351825920649406  0.88026224968102096  0.88671525116868333  0.89308378495796326
  0.89938612206948620  0.90560978924344826  0.91174041905676895  0.91763527210091800
  0.92332072435344159  0.92892157093761618  0.93442051632648460  0.93964984591356426
  0.94459840531623895  0.94942895755815859  0.95422299402063282  0.95889946263358994
  0.96329865326321440  0.96746998713844923  0.97152893736801615  0.97545054928678521
  0.97905852122933490  0.98247953253632270  0.98574417893650368  0.98886108631817404
  0.99178108643656127  0.99457459071836629  0.99730968583313206  1.00000000000000000
 -0.01285530176890834  0.13498707989777267  0.18262656725024598  0.21515460209461751
  0.24127504161086843  0.26347799700184132  0.28381007583263923  0.30216369805108662
  0.31881070094634684  0.33425685149941170  0.34904356862198538  0.36298068668197209
  0.37653595281536539  0.38937779696839009  0.40201766303015063  0.41435871708021788
  0.42614522399937160  0.43688407595040124  0.44657256805528228  0.45598008740054413
  0.46539650696854096  0.47448693112888468  0.48329487093162066  0.49203004163381087
  0.50069210878343162  0.50915087395676328  0.51757363510157706  0.52582588209068148
  0.53426840628286743  0.54234945588564609  0.55027252437483876  0.55810932235577237
  0.56599552126112029  0.57434925067950549  0.58249582868316008  0.59025642908550713
  0.59802102974869586  0.60550861625088259  0.61277392292289068  0.61975951027517484
  0.62661004729381176  0.63329052771737437  0.64007951315835399  0.64663618588666416
  0.65275092155001513  0.65873275281033505  0.66467383083271181  0.67062662074221580
  0.67656093647336735  0.68242309247308175  0.68828614254686882  0.69391374415204810
  0.69966343615204674  0.70528221333155194  0.71122127694890380  0.71705609362264333
  0.72279995317807189  0.72842495695723697  0.73381893024647249  0.73900227240211069
  0.74420274770439943  0.74926927811732658  0.75420895274493271  0.75902619265803928
  0.76371630350642772  0.76838345347013537  0.77305416610090372  0.77767030866726494
  0.78232944280841943  0.78705421925224628  0.79164492043155399  0.79627522721459154
  0.80080204107991459  0.80538133856704130  0.80990490015980821  0.81442610487840927
  0.81904874418283202  0.82380093313891700  0.82861376960527067  0.83342675263424526
  0.83833097157131453  0.84327907209228159  0.84834155953111934  0.85352723032049471
  0.85893713344832767  0.86448178727385327  0.87013259140498089  0.87611447697253941
  0.88265351079056775  0.88977008635338517  0.89754757839289001  0.90625370351112877
  0.91627981606331244  0.92960328193147801  0.95029864573133582  1.00000000000000000
   168.37400470416921       -1.0000000000000000     
 F F T F F F F T T F F F F T F F F F F F F F F F F F F F F F F F
  <DiscreteSampler_grid>
  grouped_processes
  1 # 1 for a reference and 2 for a running grid.
  10 # Attribute 'min_bin_probing_points' of the grid.
  1 # Attribute 'grid_mode' of the grid. 1=='default',2=='initialization'
  0.0000000000000000 # Attribute 'small_contrib_threshold' of the grid.
  0.5000000000000000 # Attribute 'damping_power' of the grid.
 # binID   n_entries weight   weight_sqr   abs_weight
    10   10   1.020490692841180E+011   2.281201353878507E+022   1.020490692841180E+011
  </DiscreteSampler_grid>
