  0.00000237055971101  0.00000237894545099  0.00000238999969155  0.00000240188281051
  0.00000241416139192  0.00000242663669778  0.00000243935050685  0.00000245239711904
  0.00000246488082760  0.00000248344540655  0.00000250911391838  0.00000253620224676
  0.00000256508506900  0.00000259470675518  0.00000262517027788  0.00000265650041369
  0.00000268853587566  0.00000272104313459  0.00000275692502331  0.00000279646193456
  0.00000283828292721  0.00000288163756949  0.00000292605321581  0.00000297137554533
  0.00000301798443764  0.00000306527790167  0.00000311370863141  0.00000316539069606
  0.00000322229743970  0.00000328432614317  0.00000335344027024  0.00000342333866976
  0.00000349498039007  0.00000356824141902  0.00000364285892789  0.00000372023615669
  0.00000382127575984  0.00000392325429515  0.00000402793242187  0.00000413639824787
  0.00000424954317965  0.00000437126438810  0.00000451261162721  0.00000465814668425
  0.00000480456363408  0.00000495421369721  0.00000511291322112  0.00000529463445050
  0.00000547973189296  0.00000567145900628  0.00000588256379144  0.00000611359179986
  0.00000635668421311  0.00000660833081578  0.00000686818967105  0.00000718160321490
  0.00000749135913258  0.00000781781337692  0.00000818616704343  0.00000858452258365
  0.00000900885602740  0.00000947146897514  0.00000996727581133  0.00001049169707644
  0.00001106577924161  0.00001174458594126  0.00001245151857400  0.00001326900332463
  0.00001413141223704  0.00001508518126049  0.00001610182841572  0.00001723192546416
  0.00001856298441005  0.00002009922275719  0.00002189159336267  0.00002385215198475
  0.00002605874866952  0.00002847261080742  0.00003118004612099  0.00003441931492959
  0.00003837747746433  0.00004301400635541  0.00004852115008481  0.00005506045110085
  0.00006328598156537  0.00007420408367031  0.00008847654827663  0.00010765684602985
  0.00013099235119771  0.00016467119571908  0.00021121022179673  0.00027511898042810
  0.00045910124849757  0.00079948980380419  0.00290704109272139  1.00000000000000000
 -0.00237614988042573  0.01006220863693514  0.02052472269936861  0.03147542880065701
  0.04251752511602219  0.05325218009995865  0.06406573385066545  0.07467220878362864
  0.08540092776589914  0.09641650576869025  0.10760111417229488  0.11899195210845234
  0.13003974193841922  0.14092628221371803  0.15193562534980323  0.16314726642770630
  0.17421387730582327  0.18470834268019173  0.19481185112582025  0.20475610001832517
  0.21487504182870634  0.22521454535630617  0.23592723466235324  0.24671386724531136
  0.25728109718276354  0.26758042984491082  0.27743130132171673  0.28706727540743748
  0.29683092617954226  0.30670955865348232  0.31677993587824205  0.32686166352349316
  0.33762491100564807  0.34881143448980823  0.35958807761640238  0.37008792294321319
  0.38088284681864792  0.39194585471247617  0.40300136274561221  0.41373583404067016
  0.42412997627858046  0.43403194425018221  0.44394313054511741  0.45398527475844624
  0.46481454289076007  0.47605671778602865  0.48686947361958527  0.49727657663978952
  0.50748519241325007  0.51746342318494754  0.52718851888781482  0.53676870254763231
  0.54689191243419022  0.55764487175692590  0.56827827424445276  0.57870968578118764
  0.58889375434443159  0.59869149599113702  0.60854290210310280  0.61837075871791758
  0.62809829466208777  0.63778404202792449  0.64785708854251611  0.65848373360475765
  0.66945383152277094  0.68065743035488890  0.69201043593382638  0.70342614830592021
  0.71466300328240639  0.72563473791570177  0.73651874287600805  0.74741866704842674
  0.75839922364683587  0.76960118037820047  0.78126865155919667  0.79283230018529072
  0.80378556541005919  0.81426487165316364  0.82463775667107975  0.83510408793336444
  0.84528655174602785  0.85534167815791318  0.86552456476014239  0.87572185109397549
  0.88606201782999783  0.89659728096739355  0.90747925073480851  0.91838017300177688
  0.92935314924149282  0.94043415759321503  0.95141782832535915  0.96189486804046798
  0.97178329074361147  0.98131049516925350  0.99052301283145527  1.00000000000000000
 -0.00355697514006218  0.01942041860321261  0.03843034633376969  0.05682224233104050
  0.07545683350991562  0.09439017735722352  0.11301547757500034  0.13116916481392996
  0.14941770533853357  0.16795273009004633  0.18599350056075534  0.20415174942829872
  0.22251024440167594  0.24046694013537326  0.25786974649379918  0.27482085549696111
  0.29163205259369929  0.30785605697656415  0.32377249256471557  0.33950369129398345
  0.35524384432120082  0.37104724849548387  0.38641025992523159  0.40141697212346217
  0.41630883576403177  0.43106220485210817  0.44585010230787103  0.46040080139776157
  0.47447260375265066  0.48834628561732779  0.50225198916496239  0.51583859010549549
  0.52923891702492709  0.54224427971830902  0.55484172602483095  0.56742645370719969
  0.58002771552350618  0.59228685781122803  0.60419793866413130  0.61581868689818298
  0.62736277378609040  0.63885289952243896  0.65024246488751924  0.66128779841120577
  0.67193334114236836  0.68231151382102229  0.69260821379847037  0.70273854225575849
  0.71275501517468842  0.72268094576194375  0.73252151336916804  0.74234573706734530
  0.75192455052271645  0.76099210313838594  0.76985888954629877  0.77844658671599953
  0.78706439681397911  0.79567676279744515  0.80421860267204959  0.81252505433012023
  0.82052779332639925  0.82825482783133864  0.83585760757874694  0.84349872829074857
  0.85115852921610891  0.85858557714403039  0.86575932654318688  0.87273103546714426
  0.87951353386327702  0.88618632715099055  0.89267767867014791  0.89894405029652924
  0.90506425075750174  0.91107003818740206  0.91710149861281853  0.92300600343094152
  0.92892842870481085  0.93469471705193896  0.94018374999651477  0.94535452139372511
  0.95026182607374221  0.95500224031137770  0.95942771361152601  0.96336205149561271
  0.96722134000176996  0.97099255884786806  0.97460341678999263  0.97804403938074891
  0.98131293257568053  0.98440724016260872  0.98739778508691334  0.99019548493864762
  0.99286082882382520  0.99535261412624032  0.99770959608025500  1.00000000000000000
 -0.00536708180049713  0.13345796194467738  0.18450269050956158  0.21662966954838891
  0.24285583048304138  0.26529595452643567  0.28499088254583160  0.30322573186104690
  0.32024592253889850  0.33595714379564495  0.35102516420339552  0.36535530703921143
  0.37892176027718466  0.39159933142009701  0.40370742536192455  0.41527903202362865
  0.42652322057222292  0.43739440989396755  0.44778497802985712  0.45787554093769822
  0.46781988308710032  0.47757044996630033  0.48693627912953241  0.49601349694380292
  0.50507678793803057  0.51423655754185427  0.52335505650346437  0.53215929268727957
  0.54069408851872258  0.54905337069657534  0.55730081343167859  0.56535845640903692
  0.57320663895242363  0.58105794452009785  0.58901919778757217  0.59702456299126538
  0.60467525287267698  0.61162029074796964  0.61815544543984013  0.62469688068909168
  0.63124853968320993  0.63774479957114927  0.64419947296702995  0.65044521339430250
  0.65640889938020675  0.66218041989525489  0.66753744396365888  0.67295916767041541
  0.67838878878105935  0.68391373564413216  0.68996307692531844  0.69603138204957749
  0.70192760450648239  0.70759378878196910  0.71317238283690787  0.71869809163186893
  0.72416002964948056  0.72943634171622174  0.73450809473139811  0.73951431491545383
  0.74453624454327227  0.74949630759421970  0.75432875793779042  0.75896460888390460
  0.76360934027525840  0.76814831558613561  0.77266206889437850  0.77709631841599036
  0.78146482064115441  0.78578522593275324  0.79011440887454076  0.79459527606079194
  0.79930469365262569  0.80401326180323884  0.80864494422637934  0.81320771794461977
  0.81784661216700705  0.82251418938271259  0.82716999005649816  0.83186272646389592
  0.83663886154428213  0.84150463547679877  0.84647999069332891  0.85145475975708640
  0.85678875605002769  0.86230366986301477  0.86804405410095054  0.87414407416573991
  0.88070170015389670  0.88772932569204177  0.89541099645609645  0.90423884617891326
  0.91475319518087672  0.92854171543307551  0.95092750050181463  1.00000000000000000
   166.29523100487924       -1.0000000000000000     
 F F T F F F F T T F F F F T F F F F F F F F F F F F F F F F F F
  <DiscreteSampler_grid>
  grouped_processes
  1 # 1 for a reference and 2 for a running grid.
  10 # Attribute 'min_bin_probing_points' of the grid.
  1 # Attribute 'grid_mode' of the grid. 1=='default',2=='initialization'
  0.0000000000000000 # Attribute 'small_contrib_threshold' of the grid.
  0.5000000000000000 # Attribute 'damping_power' of the grid.
 # binID   n_entries weight   weight_sqr   abs_weight
    10   10   1.282290425727295E+011   7.062900252860946E+022   1.282290425727295E+011
  </DiscreteSampler_grid>
