  0.00000237189429466  0.00000239294623925  0.00000241033775733  0.00000242819060925
  0.00000244658149806  0.00000246566215156  0.00000248505113597  0.00000250684285599
  0.00000253266542859  0.00000256097332328  0.00000259146524039  0.00000262345961337
  0.00000265670590656  0.00000269104702779  0.00000272674273125  0.00000276596897435
  0.00000280791278505  0.00000285185630165  0.00000289669576827  0.00000294327702811
  0.00000299212328640  0.00000304284284527  0.00000309446611634  0.00000314620265012
  0.00000320563344762  0.00000326976609320  0.00000333737809876  0.00000340845900096
  0.00000348370891235  0.00000356102998507  0.00000364283533611  0.00000372816226609
  0.00000382044537778  0.00000392528959723  0.00000402939634065  0.00000413677298712
  0.00000424589845079  0.00000436640155709  0.00000450019384396  0.00000463697856882
  0.00000478044271576  0.00000493322007480  0.00000510167655150  0.00000528100917918
  0.00000546493276937  0.00000565258470201  0.00000585169320340  0.00000607721430146
  0.00000631650479861  0.00000655246434617  0.00000681644928449  0.00000711356877059
  0.00000743527295727  0.00000777372792993  0.00000813258264558  0.00000853574979155
  0.00000893122691518  0.00000938963901304  0.00000988399910735  0.00001041472547076
  0.00001099741299768  0.00001163952323233  0.00001232384862932  0.00001312494797749
  0.00001398530321114  0.00001496295772008  0.00001600848833332  0.00001716634064154
  0.00001843355294958  0.00001981356978026  0.00002131156048307  0.00002301561221564
  0.00002501030847025  0.00002739128379924  0.00003014116697256  0.00003350418263491
  0.00003736888974600  0.00004195000554632  0.00004742523277092  0.00005379173466532
  0.00006196442920560  0.00007144116688373  0.00008232745972074  0.00009584194917150
  0.00011297974142634  0.00013485270576218  0.00016706601408465  0.00020833959365235
  0.00026361716582318  0.00034220925693182  0.00046677992822784  0.00066641967058048
  0.00100979495968453  0.00174973285352673  0.01309977509270420  1.00000000000000000
 -0.00272278032054361  0.01085061066473039  0.02176489815383882  0.03320315634754512
  0.04438306123174397  0.05499360961622796  0.06537476125330623  0.07591234936464043
  0.08706425738606137  0.09842432702775077  0.10940993712404580  0.11963359420074833
  0.12974086308463176  0.13993939910256847  0.15056282259990253  0.16122214114601588
  0.17137252907142556  0.18121719194622973  0.19097854433549744  0.20102858755921160
  0.21128884295095296  0.22121137442107311  0.23096301844071010  0.24097109642250289
  0.25095821137445540  0.26119166966198942  0.27125309386302493  0.28126411908424559
  0.29117697343611149  0.30102789461590307  0.31092154330340904  0.32100200693338266
  0.33146135914573471  0.34208886761943386  0.35260886079823878  0.36307155370572858
  0.37372556750700348  0.38464889409695768  0.39513265968325439  0.40579033929277503
  0.41657986088549909  0.42742304346410076  0.43868035005269695  0.45030817631128628
  0.46108967982319271  0.47073645561156141  0.48031787506756929  0.48927382556436044
  0.49828217748891146  0.50751464749741837  0.51649797739191972  0.52629633796159503
  0.53746938240283570  0.54905751521521218  0.56065756459076399  0.57099601930148891
  0.58091641271252414  0.59087581862558591  0.60100225168152233  0.61101144599852864
  0.62087051082094902  0.63061599528881762  0.64163068330632467  0.65298453120307942
  0.66508213400882910  0.67700988665056516  0.68896450186539393  0.70079088382324695
  0.71252916876731831  0.72369095385151627  0.73452666376954212  0.74531926158295692
  0.75606844658782102  0.76688499310926939  0.77725634906985175  0.78733436905718879
  0.79708262598061308  0.80679447816428396  0.81674776870704258  0.82707000866497615
  0.83798031365492165  0.84876837991472043  0.86038361519349715  0.87173407785964940
  0.88307670109528114  0.89375849710343114  0.90408952878792659  0.91447430543512298
  0.92487183659842231  0.93519077348220925  0.94511775064932979  0.95487558147394547
  0.96530415105912348  0.97612926730226213  0.98784398156350062  1.00000000000000000
 -0.00094005358904939  0.02191839190890979  0.04395382981025286  0.06567194583131652
  0.08662031816625901  0.10712116400937835  0.12742772121652782  0.14790652996095738
  0.16798687555711123  0.18771139529177261  0.20697974778647632  0.22608873995749740
  0.24490769650000427  0.26349769387099015  0.28154321540687405  0.29918731052981334
  0.31667370132662620  0.33401676818591441  0.35137892129430465  0.36851312729653674
  0.38524796728478983  0.40162847751163139  0.41782496442370420  0.43368390283413077
  0.44926581347492672  0.46463214787408347  0.47976009896205346  0.49458517881729597
  0.50921377240191246  0.52354058727668118  0.53736930441983921  0.55090705830253273
  0.56429322355583644  0.57757425441320742  0.59086555969014964  0.60394410597707326
  0.61661674769919661  0.62891620991990838  0.64118471682689770  0.65329159713889129
  0.66512464019628903  0.67663785089141137  0.68790174951087757  0.69893601627810520
  0.70973721857010330  0.72033811276539450  0.73076228502205842  0.74100478845276629
  0.75112051409114100  0.76110748599861455  0.77097706163570945  0.78077799151244487
  0.79027852824875555  0.79932518517438600  0.80814008138821991  0.81663626121063426
  0.82488505084720942  0.83298683396066553  0.84093248766246931  0.84877777129657150
  0.85651025478164811  0.86383946097694975  0.87101964910882756  0.87811287625583501
  0.88504971962385115  0.89186372032195627  0.89835335947111572  0.90459032947115947
  0.91068293030632641  0.91658297532563371  0.92219103894419641  0.92755170052967861
  0.93285431253105200  0.93787708834815009  0.94261128407329320  0.94710653573435966
  0.95147052076912664  0.95574744186037142  0.95963167923500881  0.96313916422443291
  0.96655873058438380  0.96992578282532838  0.97319045892346923  0.97629426688061671
  0.97912370066233345  0.98176916880433462  0.98426654145365866  0.98663253288396335
  0.98887697654501472  0.99101343520027385  0.99282974152486358  0.99452983132303152
  0.99612588461677454  0.99746230270598124  0.99874558567310034  1.00000000000000000
 -0.00854168405671130  0.08814901257503881  0.11728438329345912  0.13606724549058666
  0.15165735894731622  0.16541643377113988  0.17806699113466748  0.19013901447281970
  0.20164034989054197  0.21238366061735964  0.22233876963688781  0.23224137162157316
  0.24223709026955659  0.25243527560490542  0.26248039889473096  0.27238775551800315
  0.28203869668303544  0.29193711483747803  0.30185518105039555  0.31155024262121672
  0.32104254801597937  0.33044654763435632  0.33992381829045937  0.34985931465736786
  0.35962869591632290  0.36971765131654699  0.37966456971683488  0.38963742011591829
  0.39949254655477362  0.40919078838057493  0.41869668908740920  0.42776273676684096
  0.43684134211297132  0.44549773502591639  0.45419272001958561  0.46285908427267641
  0.47167979680030087  0.48081042775821381  0.49013809015089793  0.49957550957598024
  0.50861646681316286  0.51698482873047524  0.52470642753828856  0.53215955085272659
  0.54015343991032139  0.54794937461103255  0.55563152022290996  0.56312989677778369
  0.57045585900874696  0.57782013296235168  0.58510054862251715  0.59275407844857120
  0.60001172921728885  0.60814228741219423  0.61693425448604999  0.62568586541627036
  0.63466633562501984  0.64349584443210339  0.65184716344152449  0.65969519956351941
  0.66734845109729213  0.67455698345506188  0.68195675593191940  0.68908786166548130
  0.69568513799717779  0.70226456903153556  0.70894218544745424  0.71551818766063602
  0.72194537222740296  0.72824623954449075  0.73444353855456534  0.74063125285222986
  0.74689335797576040  0.75333888300883189  0.75992548974900775  0.76675536739529371
  0.77352526943790989  0.78022743464956912  0.78683389852542940  0.79357380511891518
  0.80070887982071515  0.80793764250680011  0.81498110818022163  0.82199859146082432
  0.82911983666696887  0.83652294654355408  0.84426569976322485  0.85226776910813151
  0.86050566344719903  0.86912730789366865  0.87856213482453283  0.88937158685891160
  0.90204161865099342  0.91816355188743493  0.94353569454672148  1.00000000000000000
   5.5049581203905147       -1.0000000000000000     
 F F F T F F T F F T F F T F F F F F F F F F F F F F F F F F F F
  <DiscreteSampler_grid>
  grouped_processes
  1 # 1 for a reference and 2 for a running grid.
  10 # Attribute 'min_bin_probing_points' of the grid.
  1 # Attribute 'grid_mode' of the grid. 1=='default',2=='initialization'
  0.0000000000000000 # Attribute 'small_contrib_threshold' of the grid.
  0.5000000000000000 # Attribute 'damping_power' of the grid.
 # binID   n_entries weight   weight_sqr   abs_weight
    10   10   5.420563319634798E+011   1.745521570658028E+024   5.420563319634798E+011
  </DiscreteSampler_grid>
