  0.00000236494556167  0.00000238733665542  0.00000240591271809  0.00000242480802793
  0.00000244202836293  0.00000245955876426  0.00000247775442590  0.00000249695276992
  0.00000252372337077  0.00000255077861886  0.00000257841619275  0.00000260721951409
  0.00000263713659473  0.00000266792586049  0.00000269966223781  0.00000273299478497
  0.00000277053679019  0.00000281094658994  0.00000285316244754  0.00000289699590721
  0.00000294225812897  0.00000298967911979  0.00000303859492307  0.00000308806724296
  0.00000313894920947  0.00000319359001060  0.00000325713017837  0.00000332897672151
  0.00000340395771105  0.00000348041005305  0.00000355762875503  0.00000363797390112
  0.00000372573047939  0.00000382716146306  0.00000393630714344  0.00000404787525830
  0.00000416146844356  0.00000427913153798  0.00000441472628943  0.00000456160293546
  0.00000471114808013  0.00000486837123012  0.00000503162837992  0.00000522585650406
  0.00000543387139051  0.00000564650246455  0.00000587278850250  0.00000612242581599
  0.00000638870763630  0.00000666660326675  0.00000696915341817  0.00000729753896495
  0.00000763546241872  0.00000799393101572  0.00000839022115116  0.00000881244714452
  0.00000926957783244  0.00000977094700382  0.00001030377945784  0.00001088249079693
  0.00001152432219128  0.00001221261225166  0.00001297243187870  0.00001379690934891
  0.00001469018701226  0.00001570941519813  0.00001680580816259  0.00001801836583306
  0.00001937354918380  0.00002092998723507  0.00002270431517881  0.00002473809550646
  0.00002712251793596  0.00002990839115538  0.00003317120397938  0.00003691119722520
  0.00004152792100550  0.00004679897063987  0.00005318163085087  0.00006092678278145
  0.00007051897893537  0.00008223048238891  0.00009654481732014  0.00011467993153090
  0.00013820333319159  0.00016663556053685  0.00020364993420547  0.00025813893904190
  0.00033489772002224  0.00044832754590088  0.00065456792028301  0.00099428677280409
  0.00165635714848867  0.00716295690658051  0.09038297860755819  1.00000000000000000
 -0.00253681573565116  0.00946866184272598  0.01953277445581223  0.02997820334284205
  0.04030956808069538  0.05085803025093139  0.06181746595740913  0.07230354934841908
  0.08249056090962231  0.09261548437693176  0.10285980253254706  0.11308734312234052
  0.12330221192238951  0.13412317227584419  0.14517909840845988  0.15610241545351708
  0.16697142151916683  0.17764669818868326  0.18784242776422960  0.19813973600779902
  0.20853558710935066  0.21881495825699079  0.22898352534745731  0.23917103312323595
  0.24935730634133327  0.25942464153879202  0.26956008058545283  0.27971814104198967
  0.29022824153149107  0.30062167813952595  0.31069166383018493  0.32037131344737413
  0.33035846368280486  0.34094300877723338  0.35205294965586159  0.36307527764385145
  0.37374897061868029  0.38410965644887779  0.39425415545190812  0.40449240547546478
  0.41479116611413819  0.42492762495857878  0.43498261257576937  0.44531027424975922
  0.45602425202026031  0.46701932012591418  0.47805019372517726  0.48907936738712504
  0.50000541208824190  0.51092318439006779  0.52184716847611368  0.53262158563597928
  0.54333712366157383  0.55414346699168016  0.56498955298914710  0.57586325843890962
  0.58692972476977134  0.59812162414918968  0.60905241732630955  0.61961617169100947
  0.63001424458906408  0.64030443347573684  0.65026851671580033  0.65990524226788005
  0.66995171528341313  0.68052663409431469  0.69152841538436649  0.70275493656432930
  0.71382163838773349  0.72462183375841238  0.73530349819258534  0.74578961079192774
  0.75606775126712300  0.76616142765818818  0.77628466381083294  0.78699680952473672
  0.79765518373346000  0.80828833129030719  0.81858929557804272  0.82886013104969647
  0.83954772647017772  0.85037376551688471  0.86054104804881926  0.87078699115154712
  0.88117740713728898  0.89193009354135322  0.90243498051026860  0.91317517916344138
  0.92401610919341304  0.93502701317598191  0.94605489363101181  0.95671445606637628
  0.96702937792481569  0.97740918065368532  0.98860386362458064  1.00000000000000000
 -0.00221262330246103  0.02489868394903784  0.04950901119714653  0.07355608858984397
  0.09704993309818588  0.12004845162315629  0.14288989196705013  0.16529358048913095
  0.18714676073968614  0.20858199766916938  0.22947681631626693  0.24978345097560464
  0.26960373186397252  0.28899270786757447  0.30830048974948798  0.32708547645843439
  0.34536331269163945  0.36322381566537354  0.38096283947525766  0.39853152594518459
  0.41574234128619941  0.43240260870930752  0.44882278894580285  0.46503167467555717
  0.48096047480636606  0.49649601436723267  0.51156295403652785  0.52623830887368750
  0.54056561151888738  0.55466039364301500  0.56865700848530021  0.58244550665446038
  0.59605967803876259  0.60954943544571361  0.62291594469292577  0.63586554319220645
  0.64842066212131100  0.66057644649576874  0.67242714847550911  0.68402376496813622
  0.69556811220064840  0.70689743535370098  0.71780726169727893  0.72842242971976601
  0.73881816581408899  0.74901141703888086  0.75895030989516288  0.76875426808455605
  0.77839107891585113  0.78777295749430798  0.79675895201056168  0.80549365648575610
  0.81404424106753837  0.82239548838249099  0.83058884192676374  0.83852347803668326
  0.84618376580220001  0.85366764024067920  0.86089896450428460  0.86797831486871024
  0.87497029527635906  0.88175276130935709  0.88839404279591250  0.89487199202024637
  0.90108343339779151  0.90709050592602136  0.91291225568308287  0.91852343237189604
  0.92393950264411329  0.92924698597277566  0.93440285547853330  0.93927586369427762
  0.94385663521168561  0.94814598631513192  0.95230486141026083  0.95624981498353345
  0.95990166280513689  0.96326937767479615  0.96648502863269992  0.96964819291958193
  0.97271271290136618  0.97568519134647536  0.97855393623250175  0.98110827696683500
  0.98349075982659084  0.98575499573516312  0.98790738367342346  0.98988363268893031
  0.99164708824457770  0.99322527025439689  0.99464830342693245  0.99596629586208951
  0.99708629978810848  0.99810223222091654  0.99905487875198118  1.00000000000000000
 -0.01150370272780358  0.06375909904906028  0.09066449245619582  0.10797645362113667
  0.12178361603503468  0.13297524178981038  0.14333731872396308  0.15294187466308287
  0.16211475745293394  0.17082792406193062  0.17912698082007816  0.18728267106911453
  0.19527236083714186  0.20339454966681719  0.21142456061823378  0.21940179487855396
  0.22728443806236878  0.23509576317054878  0.24289395023219146  0.25079008237085831
  0.25880611976775258  0.26682453754715313  0.27487710660402126  0.28300685078513493
  0.29131485754456621  0.29998177253782615  0.30878263870592643  0.31767159165472497
  0.32660562295797008  0.33556031043923490  0.34438734326867881  0.35275021039368171
  0.36082250078481876  0.36914547708891210  0.37768712381996405  0.38641842495035428
  0.39492262711216747  0.40360249566998363  0.41236983718979314  0.42143174346414497
  0.43034608193237589  0.43965651776079501  0.44982077195829639  0.45967505685832510
  0.46931867594137855  0.47792487318442173  0.48686088101258307  0.49577094911811875
  0.50513790116344626  0.51473530127563982  0.52441575919851513  0.53423794189564278
  0.54379551135429272  0.55325367473338105  0.56270600613167499  0.57232746407307977
  0.58193654103509795  0.59150534196880467  0.60090911007724823  0.60994508065053943
  0.61865119344864206  0.62724554234456242  0.63565478338834414  0.64441025312089639
  0.65319279096417660  0.66190521292130156  0.67051496418078071  0.67889601933969002
  0.68709337238061774  0.69518130119825383  0.70328527926570894  0.71141755012949126
  0.71937096498919606  0.72709925837130240  0.73479102965913767  0.74258202391940664
  0.75046093697114380  0.75828705052937229  0.76600320891225970  0.77364914538896168
  0.78123788771567093  0.78877050830336159  0.79638741115715717  0.80422292156342734
  0.81227389596176403  0.82052589876104587  0.82895652976144152  0.83760916317477052
  0.84695681883749807  0.85663025915930702  0.86707413898718178  0.87845194705590757
  0.89192837487607257  0.90916614783325100  0.93634707987693988  1.00000000000000000
   2.9908845039769165       -1.0000000000000000     
 F F F T F T T F F T T F T F F F F F F F F F F F F F F F F F F F
  <DiscreteSampler_grid>
  grouped_processes
  1 # 1 for a reference and 2 for a running grid.
  10 # Attribute 'min_bin_probing_points' of the grid.
  1 # Attribute 'grid_mode' of the grid. 1=='default',2=='initialization'
  0.0000000000000000 # Attribute 'small_contrib_threshold' of the grid.
  0.5000000000000000 # Attribute 'damping_power' of the grid.
 # binID   n_entries weight   weight_sqr   abs_weight
    10   10   6.876377102543648E+009   1.553917059095198E+020   6.876377102543648E+009
    16   10   6.876377102543648E+009   1.553917059095198E+020   6.876377102543648E+009
  </DiscreteSampler_grid>
