  0.00000239221398605  0.00000241314127309  0.00000246390531944  0.00000251782539242
  0.00000257285080416  0.00000262966564456  0.00000268582278910  0.00000274138840672
  0.00000280285894345  0.00000286496545491  0.00000292812349396  0.00000299211565952
  0.00000305693919055  0.00000312285400148  0.00000319059119384  0.00000326718826894
  0.00000334535399940  0.00000342490463692  0.00000350603889722  0.00000358856667335
  0.00000367322883684  0.00000376595661070  0.00000386579873571  0.00000396846914519
  0.00000407394134736  0.00000418215361734  0.00000429380945084  0.00000441193124747
  0.00000454359271567  0.00000467748948403  0.00000481400885438  0.00000495563475810
  0.00000510683261646  0.00000526793169424  0.00000543544025102  0.00000560672723250
  0.00000578492503243  0.00000597327830829  0.00000618370912524  0.00000639784120046
  0.00000661723537360  0.00000685212757988  0.00000710723490438  0.00000737369969078
  0.00000764355060816  0.00000793026825382  0.00000825366606141  0.00000859095890137
  0.00000893660104641  0.00000930057595048  0.00000971810703692  0.00001013699542606
  0.00001057276259637  0.00001104799772108  0.00001155820992299  0.00001209402439942
  0.00001267347377456  0.00001330307535579  0.00001395187526885  0.00001466013922630
  0.00001544067759835  0.00001625982284638  0.00001714881531330  0.00001811147146859
  0.00001912471740813  0.00002023960886175  0.00002147737981876  0.00002282364299178
  0.00002432469242896  0.00002592152576858  0.00002768690342040  0.00002964487704754
  0.00003183978314430  0.00003422490578893  0.00003687526160950  0.00003985148550102
  0.00004326722518458  0.00004718263441069  0.00005171869645425  0.00005675443401252
  0.00006231559140962  0.00006846379159312  0.00007562252110312  0.00008416061344065
  0.00009427466284310  0.00010575177613794  0.00012016671165722  0.00013985516657403
  0.00016420064100707  0.00019367039983978  0.00023186049676934  0.00028670680638400
  0.00038083510696532  0.00051144898724026  0.00417611918278598  1.00000000000000000
 -0.00261062731350345  0.00973535896295066  0.02001208497947349  0.03039737744276216
  0.04074550090573012  0.05127080195110630  0.06174781183506229  0.07198803101540135
  0.08215186041654476  0.09270752001114525  0.10329163759226387  0.11398287922427108
  0.12465177553614032  0.13536798014500936  0.14607376574474562  0.15658675020682611
  0.16708076783672041  0.17719653646551556  0.18741160097262030  0.19745036277275368
  0.20750936288332905  0.21767186834651753  0.22782274986161907  0.23814251723177160
  0.24841472041384727  0.25889683019821219  0.26937591372788333  0.27968955522786482
  0.28998944459333742  0.30046538903753861  0.31114961266129842  0.32183934757395199
  0.33247674587551801  0.34317268086002961  0.35379182015255395  0.36418906640819476
  0.37449624588701125  0.38480189430666112  0.39510689524251846  0.40537284074788321
  0.41558433064472688  0.42600812747357508  0.43655939969679869  0.44720590329625964
  0.45768217855494814  0.46807950326348746  0.47845056919195056  0.48900368745660766
  0.49949476640423013  0.50991970963969302  0.52030980726140164  0.53077700280641504
  0.54129715480506346  0.55163395931820070  0.56218770164100862  0.57280641648164032
  0.58344919941835327  0.59405406330753263  0.60473407221034670  0.61565927985425117
  0.62653255835196631  0.63747441355895640  0.64847358916563036  0.65953602241573606
  0.67035954823546440  0.68116968440213899  0.69203216656763078  0.70306441403441100
  0.71378927051100860  0.72446404994493152  0.73510142273329215  0.74597213687965180
  0.75652812909458134  0.76692122066154311  0.77735447958988280  0.78773679662318608
  0.79821921774203108  0.80869106824120551  0.81938351211871019  0.83021189315745358
  0.84116267975653414  0.85215464147972997  0.86268102515981826  0.87319924479629729
  0.88369038975309455  0.89441050234370556  0.90500225461254735  0.91548915671659115
  0.92603650006840277  0.93637495605382925  0.94676361200014514  0.95701227100520103
  0.96769622366956354  0.97842682002076820  0.98924215513926828  1.00000000000000000
  0.00060715901850005  0.01199024594311796  0.02408510515638424  0.03657222693998585
  0.04922349596986595  0.06199328547328364  0.07442315093904306  0.08665095934875570
  0.09865498899642530  0.11044359156807752  0.12205444323677926  0.13359841177867851
  0.14502264952520133  0.15630312345805286  0.16774816699103262  0.17946781382898183
  0.19107832963711543  0.20248411804167632  0.21379002149756385  0.22512322893536055
  0.23615051190964351  0.24702642059687116  0.25773700340524247  0.26841361300414307
  0.27913517474246957  0.28990065671050197  0.30068737722055300  0.31149026863956436
  0.32239773356932910  0.33310571364502012  0.34368873028525210  0.35421960504757283
  0.36489277184842211  0.37541926640016166  0.38566625276512717  0.39586193860128877
  0.40594169496176802  0.41613987065369701  0.42615764219773222  0.43613351973904213
  0.44586231115457237  0.45562623135761676  0.46554718028807757  0.47547929733546723
  0.48537819897419715  0.49517218382806932  0.50512720463158256  0.51501495412817877
  0.52482493636523353  0.53454480324291742  0.54416848215370706  0.55374001399456452
  0.56322022314558262  0.57275410414576955  0.58230691352365149  0.59194237358875157
  0.60144044876684410  0.61076235162477377  0.62002695015043552  0.62935578021724770
  0.63882327503530911  0.64832879465527060  0.65779838915486910  0.66724051847108878
  0.67660320312309685  0.68584628115176594  0.69499086819635936  0.70410762220155099
  0.71326222554518937  0.72243380669163182  0.73156700875699998  0.74068779453332823
  0.74988768232916159  0.75924177789333802  0.76881530431822498  0.77828102955919054
  0.78772809892828510  0.79701744455495382  0.80642865197856006  0.81574545510981811
  0.82519641405727784  0.83471669335744070  0.84436574456923752  0.85402879688192479
  0.86369604400330113  0.87351362552348299  0.88353460347379353  0.89375659774609229
  0.90411953219800345  0.91466511145245699  0.92560821962509365  0.93709908227743988
  0.94929939928581164  0.96302479303469846  0.97978445141853165  1.00000000000000000
 -0.01548204758298770  0.09905539416174537  0.13680116136067264  0.16017164345543097
  0.17884410670094253  0.19460225358262304  0.20835862945397574  0.22078497110655831
  0.23228151505310499  0.24301341708584628  0.25314563361863651  0.26258263170919693
  0.27161995606065709  0.28032168448871775  0.28877186992439985  0.29695808173226529
  0.30481840775750968  0.31251652135167823  0.31991027964915930  0.32710431052285210
  0.33415935745918018  0.34099039721023777  0.34781220400699298  0.35452703177386424
  0.36110775470682893  0.36758034434104664  0.37397946252364417  0.38032908917078467
  0.38663936523126624  0.39290029236066293  0.39901450960640433  0.40489848558584968
  0.41078445722501411  0.41668685379018672  0.42259998558324990  0.42852988656516794
  0.43441426966781588  0.44026882342562629  0.44611238298439099  0.45194957958774756
  0.45776623466934563  0.46353248189114893  0.46925022152597518  0.47495456758109622
  0.48067404395726820  0.48641474265784307  0.49217616597439789  0.49794957504555698
  0.50365265065215881  0.50931805136323116  0.51494309070976851  0.52055753895098567
  0.52615717973592024  0.53178162528165596  0.53744251911841345  0.54308975852129493
  0.54870827057856786  0.55434443721432203  0.56000295554095170  0.56570008084780110
  0.57146014912179233  0.57717580865845575  0.58297029148572621  0.58888876344269803
  0.59490371855401736  0.60094152785949917  0.60701482731827194  0.61311691130581969
  0.61927786336178636  0.62555968614818291  0.63196809601209103  0.63843229760230757
  0.64496870925997685  0.65167755962467400  0.65852928344505246  0.66548828309807062
  0.67263199556399977  0.67995862210545444  0.68746094206219133  0.69516776781442347
  0.70312197945769395  0.71118700979309302  0.71956320451893729  0.72807096867655463
  0.73726422196475827  0.74669638767044311  0.75681530635895322  0.76758865356815220
  0.77919980323667004  0.79187229127594116  0.80598198413197819  0.82219673989493847
  0.84160049303637119  0.86612191690581430  0.90582557895996030  1.00000000000000000
   12.989048928528854       -1.0000000000000000     
 F F F F T F F T T F F T F F F F F F F F F F F F F F F F F F F F
  <DiscreteSampler_grid>
  grouped_processes
  1 # 1 for a reference and 2 for a running grid.
  10 # Attribute 'min_bin_probing_points' of the grid.
  1 # Attribute 'grid_mode' of the grid. 1=='default',2=='initialization'
  0.0000000000000000 # Attribute 'small_contrib_threshold' of the grid.
  0.5000000000000000 # Attribute 'damping_power' of the grid.
 # binID   n_entries weight   weight_sqr   abs_weight
    10   10   7.583119486337866E+008   1.460837350837645E+018   7.583119486337866E+008
    16   10   7.559863575126041E+008   1.460727419810718E+018   7.559863575126041E+008
  </DiscreteSampler_grid>
