  0.00137473630261167  0.00792565370621498  0.01272514733699258  0.01816598738208639
  0.02374199246596406  0.02973048235266349  0.03578168994647288  0.04167818553449649
  0.04746082849300705  0.05329301276597972  0.05940668522810846  0.06574414751800943
  0.07224112135687229  0.07897949017993039  0.08577190240789744  0.09288141742482799
  0.10017532532390164  0.10771147332173336  0.11556056606405463  0.12360009576444103
  0.13176825928189795  0.14000394509364497  0.14839504770169423  0.15698596184478783
  0.16554741959960634  0.17418742580718968  0.18305964311954873  0.19204750939722484
  0.20112189808149022  0.21045477479508426  0.22012623603750045  0.22983956668637937
  0.23956654759099655  0.24941082324521299  0.25966791907055370  0.27002532508023058
  0.28041168758038515  0.29097384977812635  0.30181166852790081  0.31293240027843611
  0.32417587070768261  0.33544462101764022  0.34679263232942276  0.35844563492294146
  0.37032914082425672  0.38234645133027134  0.39452655582309659  0.40677777233665846
  0.41911544605826762  0.43170810835505191  0.44446713352289208  0.45737673338319812
  0.47039772969772481  0.48332592074854497  0.49631924345876072  0.50953991248486252
  0.52294217066480220  0.53629934753467379  0.54963884464282997  0.56298398500133384
  0.57622641064939295  0.58951862686026113  0.60301317172025048  0.61659490133017447
  0.63006820349810955  0.64341271254511323  0.65654501215947370  0.66948138030278792
  0.68231044305440192  0.69479607776469310  0.70748183105831330  0.72008171399163112
  0.73252924216433313  0.74481092196090493  0.75697281186357446  0.76904517598140087
  0.78101221325570280  0.79287791476466785  0.80461365161697673  0.81606494639639826
  0.82726525816701957  0.83823351813961955  0.84944783317796535  0.86077228592414579
  0.87199985684772841  0.88303896058285014  0.89393356018847259  0.90467361227089937
  0.91521430667190917  0.92562246713638319  0.93611770855406540  0.94685785501864972
  0.95572212249379540  0.96760650672268800  0.98273165937077844  1.00000000000000000
 -0.00227289309530943  0.00903331255189674  0.01920610000325114  0.02933248760335046
  0.03975473046808315  0.05022277992871867  0.06076288771299332  0.07108078751344879
  0.08134388631139336  0.09176011917622170  0.10218947429296917  0.11263709047513737
  0.12319620212476423  0.13374359584017342  0.14412310964634736  0.15481666141066194
  0.16538607987214241  0.17610745394072858  0.18665494934815921  0.19742432855608066
  0.20845109518666813  0.21890240904728861  0.22946287485438466  0.23970406059422986
  0.25007797936283854  0.26070622177707409  0.27128007452893133  0.28192296385774807
  0.29252322130260200  0.30287979768321904  0.31351274778871407  0.32382527768320218
  0.33405855195093398  0.34430443290644558  0.35481174906747687  0.36576946339107907
  0.37670063751581123  0.38746209521742658  0.39842187563163162  0.40923912744245100
  0.42017870404908397  0.43094153605387220  0.44161062264667178  0.45202848620832692
  0.46243886097447501  0.47250707537506142  0.48271608718196690  0.49271312079584328
  0.50281365055245841  0.51294841820944026  0.52311041639951950  0.53363967834035830
  0.54429553945635234  0.55483593353232674  0.56525104656722280  0.57559987549499225
  0.58597300313285516  0.59632601975929178  0.60665635319639444  0.61713545489948418
  0.62773456569803698  0.63845398672823073  0.64928304623949695  0.66001193429363003
  0.67071914304629465  0.68132494223209206  0.69185947598024822  0.70231362935252661
  0.71305848457898235  0.72398557643656869  0.73475606425318363  0.74541851329523856
  0.75604272161689812  0.76693490033019640  0.77769061957840346  0.78837399005378705
  0.79915833542399239  0.80991336774172507  0.82062927384580198  0.83141624157752925
  0.84214025290943562  0.85285661106058008  0.86345712944754971  0.87400526629765574
  0.88425765501003240  0.89453442557237817  0.90501888667464925  0.91564614322589710
  0.92625668250209992  0.93695179320842703  0.94782541284431243  0.95846049550306922
  0.96880593024213912  0.97908274045528143  0.98957275234870978  1.00000000000000000
  0.00217274355999333  0.01153887569872964  0.01816356712844103  0.02563988454003089
  0.03345464688082160  0.04135479586466533  0.04914068985034158  0.05688724955555556
  0.06476219769981952  0.07247639266564924  0.08026712954971121  0.08817354844656236
  0.09620866729996255  0.10440607837083511  0.11264193805265318  0.12085387600032331
  0.12901975055352555  0.13713641261819565  0.14526256185661507  0.15344682565460624
  0.16170631826518031  0.17004461207104934  0.17840413395024679  0.18667258610332679
  0.19487255339393852  0.20308500189408299  0.21134051714293323  0.21960897568519272
  0.22794930056420726  0.23640176071350272  0.24490945083116769  0.25350529091910584
  0.26220996733913310  0.27097528850144253  0.27974151411941939  0.28847518979141001
  0.29712540039791124  0.30570686769490724  0.31436316971863076  0.32313644777339295
  0.33198874982964666  0.34084024710748351  0.34965588100801243  0.35855335424823992
  0.36759038639837566  0.37672585501183964  0.38584201820361841  0.39485075475599862
  0.40387646988798803  0.41299623557408455  0.42214450195233444  0.43131637819725183
  0.44058236539739615  0.44995470808282340  0.45934907860356256  0.46876059861706559
  0.47825620833147436  0.48782130381253125  0.49744774623431670  0.50714694156095341
  0.51702163316588567  0.52687340131766758  0.53688626597656042  0.54710022733378261
  0.55756787885891335  0.56802217617365081  0.57838996900917106  0.58869279447600897
  0.59901740916980251  0.60939180899725121  0.61986756090738016  0.63046310551103280
  0.64120313555120456  0.65209608612200110  0.66319965329170771  0.67467487412194782
  0.68640144307733053  0.69828705006218283  0.71034150166458443  0.72257260499952958
  0.73482465036792532  0.74704018988047416  0.75958314340276778  0.77261574474387584
  0.78607189472081007  0.79974720401078303  0.81374019180620327  0.82821296985273807
  0.84331530589676318  0.85907132159783739  0.87576835653516705  0.89378001827245790
  0.91349940895039694  0.93532334965739994  0.96230832530468091  1.00000000000000000
 -0.01722717233233587  0.11017867963328254  0.16670406761829842  0.19865137419164036
  0.22246682389142469  0.24201943706119583  0.25961073482846447  0.27585564810510471
  0.29093886637978156  0.30501496838134057  0.31834854652357147  0.33112886217431575
  0.34342398860477852  0.35542512508665847  0.36713911329074950  0.37861336388672362
  0.38970482261528477  0.40046732393150958  0.41091813999257032  0.42127428116308291
  0.43152027813908089  0.44174598292358830  0.45190754308634362  0.46193330626580814
  0.47169855150172663  0.48127895888519023  0.49071397827031799  0.50019304755005689
  0.50952593572673210  0.51878287153934510  0.52790836855942902  0.53687024507565617
  0.54574078694279105  0.55443931906050037  0.56312168149965824  0.57158142125117228
  0.58003018074357993  0.58825032108961273  0.59634863003391880  0.60431760026331927
  0.61216630285284812  0.61998162467425366  0.62769023998298090  0.63526930333160470
  0.64269113567042813  0.64992724601850926  0.65703864197128847  0.66402193252074337
  0.67089111012037672  0.67768983682654482  0.68441292659055564  0.69098893645070347
  0.69738813160172608  0.70363888728832480  0.70982026865299619  0.71595052371316492
  0.72201585468300977  0.72803502290360911  0.73396834561371116  0.73980461623167093
  0.74558551127791117  0.75122062609467666  0.75676812232925605  0.76223620930812275
  0.76764090477225966  0.77293997987201835  0.77817238389768062  0.78337556985827161
  0.78856262914220154  0.79361389983426256  0.79859327716833806  0.80354226679562490
  0.80846914114193447  0.81340713492340144  0.81834169147268088  0.82324906726009872
  0.82814878207713272  0.83306079701393132  0.83798897792057792  0.84293557122332752
  0.84790958320800369  0.85290737460446209  0.85793947592147357  0.86307382777236030
  0.86833420665503502  0.87378218924882300  0.87942218384105308  0.88519414322755663
  0.89114002667501380  0.89746739857738711  0.90438890830089991  0.91213341191918262
  0.92130981523862832  0.93315449134613171  0.95290508842676502  1.00000000000000000
   7.1199629768556497E-002  -1.0000000000000000     
 T F F T F F F F F F F F T F F T F F F F F F F F F F F F F F F F
  <DiscreteSampler_grid>
  grouped_processes
  1 # 1 for a reference and 2 for a running grid.
  10 # Attribute 'min_bin_probing_points' of the grid.
  1 # Attribute 'grid_mode' of the grid. 1=='default',2=='initialization'
  0.0000000000000000 # Attribute 'small_contrib_threshold' of the grid.
  0.5000000000000000 # Attribute 'damping_power' of the grid.
 # binID   n_entries weight   weight_sqr   abs_weight
    10   10   3.105829786439098E+008   1.008281326561553E+017   3.105829786439098E+008
  </DiscreteSampler_grid>
