  0.00000236697553197  0.00000237662576396  0.00000238972299718  0.00000240587953080
  0.00000242309494512  0.00000244065472469  0.00000245865846124  0.00000247707411977
  0.00000249556193996  0.00000251867003868  0.00000254609643368  0.00000257558400936
  0.00000260552229532  0.00000263613897778  0.00000266925319153  0.00000270312832783
  0.00000273978817255  0.00000278036617282  0.00000282219096649  0.00000286805239178
  0.00000291520870993  0.00000296352126798  0.00000301365071225  0.00000306785079495
  0.00000312173150484  0.00000317945237267  0.00000324665489195  0.00000332329752695
  0.00000340316704628  0.00000348641660134  0.00000357061715709  0.00000365905786804
  0.00000375470952910  0.00000385710701645  0.00000396698721967  0.00000408018094817
  0.00000419819941523  0.00000432361715669  0.00000445724328186  0.00000459970996763
  0.00000474479244841  0.00000489568626663  0.00000505599179304  0.00000522853155115
  0.00000541578409387  0.00000560537651055  0.00000581665551467  0.00000605232662371
  0.00000630978953330  0.00000657939704350  0.00000686822942091  0.00000719580123840
  0.00000754241224272  0.00000791855990271  0.00000832840630046  0.00000875733437129
  0.00000921120846715  0.00000971156485539  0.00001023477336984  0.00001080951898475
  0.00001143840777965  0.00001212455263235  0.00001289548510624  0.00001375330039113
  0.00001469370629303  0.00001572088843837  0.00001687847107512  0.00001822244512715
  0.00001975080390857  0.00002143371989956  0.00002334087354972  0.00002543705278450
  0.00002779313615421  0.00003030659930687  0.00003325805493951  0.00003671037609802
  0.00004085366916255  0.00004584611818599  0.00005182742559614  0.00005914183516371
  0.00006781338942401  0.00007819369253296  0.00009116806809147  0.00010819845871324
  0.00012801354533040  0.00015517992008213  0.00019356667192340  0.00024485194066685
  0.00031609201109591  0.00042537346021076  0.00058939729669320  0.00084018641231202
  0.00132218205900605  0.00257961155311757  0.09788899938290513  1.00000000000000000
 -0.00256299808924025  0.01005392354430875  0.02089557791487627  0.03132477578141025
  0.04204494060780087  0.05271894090799427  0.06380275542677133  0.07505530205610822
  0.08608508654516306  0.09694063931114849  0.10714898404344154  0.11689560315803002
  0.12649486950835762  0.13636728281747365  0.14643564475291035  0.15710794201912900
  0.16759852060658545  0.17824984542849059  0.18847231394856165  0.19897036917377769
  0.20946860353876010  0.21992567386091133  0.23034654930395954  0.24107681821036039
  0.25180045135394463  0.26252869598190132  0.27316592784604476  0.28397008034035481
  0.29467710522212931  0.30555556769641845  0.31638657963375560  0.32720844547140526
  0.33815036132758586  0.34896654778725761  0.35947698526494110  0.36944131420786874
  0.37991315302173700  0.39060907590637312  0.40183638189032206  0.41292260723469781
  0.42435478149470907  0.43595161177390224  0.44782251532237483  0.45953714034071319
  0.46974017548834773  0.47994417706769282  0.48983825004311132  0.50016027312615030
  0.51085947880715310  0.52178183670987921  0.53262529706751949  0.54312921309938367
  0.55338188211422379  0.56355141282663057  0.57386860073280577  0.58421918656451444
  0.59422956186909248  0.60377644193491253  0.61327404398804231  0.62287607377502952
  0.63287786947672742  0.64296040901000195  0.65363424363265787  0.66488052772546002
  0.67566454964201772  0.68667263055776706  0.69706654234104581  0.70762618464066307
  0.71823704024814505  0.72905751593507362  0.73963258014092259  0.75010229200947243
  0.76095423911671645  0.77165745289176657  0.78241874317071480  0.79265758442719569
  0.80259903564020307  0.81254121259792511  0.82281226457604772  0.83317710697156766
  0.84351819166238962  0.85375401506957638  0.86417194165816802  0.87447931362404707
  0.88482567693081726  0.89527128215973684  0.90583783566727738  0.91624761184523029
  0.92612880362735306  0.93599737850414833  0.94641100239596609  0.95697645723219738
  0.96752518000736309  0.97792818818293392  0.98892900678902806  1.00000000000000000
 -0.00354692022674345  0.02507174514961290  0.05013863765971738  0.07444996364655844
  0.09815324483349799  0.12149053908182174  0.14436648473435043  0.16672340661503521
  0.18850669786629634  0.20975526470151495  0.23063202918647380  0.25101856158929048
  0.27096836862485491  0.29056628061459155  0.31018773215028250  0.32934924613637190
  0.34784966814163071  0.36576264366139893  0.38351412926107115  0.40115155633347710
  0.41846064798994259  0.43510048943340057  0.45123704797693109  0.46697205823287480
  0.48241562730630855  0.49757576577514767  0.51253274489211254  0.52714341289241440
  0.54133819955232021  0.55524171192013039  0.56904715848225851  0.58262836454584133
  0.59605918014332182  0.60923459638308997  0.62208138050558148  0.63454655092967660
  0.64671735912916661  0.65871506859462015  0.67041714208439906  0.68188374688998721
  0.69316404398938947  0.70431650975963711  0.71507904900148922  0.72557338112182390
  0.73582144340524902  0.74599141397627045  0.75582653116251719  0.76547177311338743
  0.77494401135266655  0.78434710103695260  0.79356074405051291  0.80248983494809745
  0.81121223632528094  0.81973038843941892  0.82799140554816941  0.83592102522143774
  0.84350267661788436  0.85096639158597076  0.85827974962567755  0.86532837713354882
  0.87230846368230441  0.87893108173358481  0.88546613193279533  0.89185756196816723
  0.89802206960457009  0.90395601370778622  0.90971776382789804  0.91532464835530725
  0.92068430361672726  0.92579382653685716  0.93080060869431036  0.93566785870259350
  0.94031324410554173  0.94464400940506299  0.94893282234895493  0.95319873752301543
  0.95723105583630186  0.96093651147448811  0.96436870368046079  0.96762378237866775
  0.97075724376489947  0.97381172988983367  0.97678490517958805  0.97955429359682267
  0.98215513251997832  0.98461937350851048  0.98696758256960648  0.98907974686910594
  0.99098450463305798  0.99268502182088725  0.99420552499567616  0.99559413543496966
  0.99681508426273158  0.99791909651660893  0.99896462276221931  1.00000000000000000
 -0.01104679759733333  0.06261181927770906  0.09023456464210254  0.10781542619642306
  0.12157286536846257  0.13293373575382203  0.14344765096100251  0.15303751093505513
  0.16209199589936366  0.17065343687999016  0.17885859726032366  0.18687347044535263
  0.19470325159199955  0.20249058239779980  0.21020555145496445  0.21776010220423775
  0.22529867152055641  0.23286887012888163  0.24049608045976506  0.24829341210274636
  0.25628619077563386  0.26435280422834090  0.27242376371857591  0.28058488753318883
  0.28882033413875124  0.29705098752618553  0.30536181149414315  0.31384105445211186
  0.32248044957395561  0.33050119731285876  0.33858966641976895  0.34667210920074992
  0.35519142212928512  0.36439248858343837  0.37364574892004332  0.38274667206095891
  0.39219587656422306  0.40157696532222570  0.41047300288825000  0.41933143831400227
  0.42855389461321786  0.43867951477000289  0.44873045644327625  0.45809947157280567
  0.46729144296960390  0.47644717309976570  0.48564626319835802  0.49482259334810669
  0.50415077318654167  0.51372638064599330  0.52341982889365068  0.53277167858595609
  0.54204576457010456  0.55124891725364666  0.56098351519290757  0.57007904475382143
  0.57891598930752819  0.58745599213003685  0.59620528791390381  0.60532042849051659
  0.61447766026005801  0.62377451243777571  0.63318275438897098  0.64264802806212440
  0.65143066659008597  0.65972414415325520  0.66793505035943568  0.67607094645489640
  0.68416777540853435  0.69233530083174433  0.70048173431249783  0.70882137991225658
  0.71732331014393458  0.72585847478351528  0.73411267931001045  0.74218360193392385
  0.75023029810553243  0.75822642101614590  0.76621520734031989  0.77419372817537468
  0.78208744015607534  0.78999812872753516  0.79802703620376303  0.80614747946687648
  0.81427632252593141  0.82234795265257077  0.83053746243441584  0.83903945064617247
  0.84803718900519121  0.85750699174254874  0.86788050097968994  0.87926293872245120
  0.89318297933137414  0.91075168881703705  0.93775501042816201  1.00000000000000000
   2.9231653560921345       -1.0000000000000000     
 F F F T F T T F F T T F T F F F F F F F F F F F F F F F F F F F
  <DiscreteSampler_grid>
  grouped_processes
  1 # 1 for a reference and 2 for a running grid.
  10 # Attribute 'min_bin_probing_points' of the grid.
  1 # Attribute 'grid_mode' of the grid. 1=='default',2=='initialization'
  0.0000000000000000 # Attribute 'small_contrib_threshold' of the grid.
  0.5000000000000000 # Attribute 'damping_power' of the grid.
 # binID   n_entries weight   weight_sqr   abs_weight
    10   10   7.541641905880852E+009   1.126684754107408E+020   7.541641905880852E+009
    16   10   7.541641905880852E+009   1.126684754107408E+020   7.541641905880852E+009
  </DiscreteSampler_grid>
