  0.00000237761913659  0.00000239191350692  0.00000240648463463  0.00000242125649643
  0.00000243830300732  0.00000245778274348  0.00000247756469463  0.00000249879622812
  0.00000252595606656  0.00000255452582602  0.00000258397185753  0.00000261460974758
  0.00000264626053448  0.00000267881598657  0.00000271234482829  0.00000274885299225
  0.00000278885055177  0.00000283138908909  0.00000287527494262  0.00000292002242356
  0.00000296540764326  0.00000301210303630  0.00000306020640241  0.00000310966456675
  0.00000316093798614  0.00000321495279788  0.00000327642959825  0.00000334066346341
  0.00000340635448210  0.00000347373926622  0.00000354370869881  0.00000361502293250
  0.00000368979379066  0.00000377335845210  0.00000386293005394  0.00000395547439328
  0.00000404950659722  0.00000414538684954  0.00000424154049941  0.00000434937503677
  0.00000446438087176  0.00000458544453107  0.00000471021527152  0.00000483677792160
  0.00000496784833374  0.00000511301631722  0.00000526910251345  0.00000543298334170
  0.00000560150329712  0.00000577788036743  0.00000597479301691  0.00000618835249731
  0.00000641008637558  0.00000663766738748  0.00000688254751413  0.00000716222045116
  0.00000744884817447  0.00000774463785870  0.00000808123053112  0.00000844586122945
  0.00000882133435694  0.00000922158799435  0.00000968473827873  0.00001017059868100
  0.00001068155375542  0.00001126706890367  0.00001187574680292  0.00001254411744942
  0.00001329438771792  0.00001407515929449  0.00001497226800345  0.00001596274217697
  0.00001708533405382  0.00001836572712710  0.00001976910818840  0.00002137739812806
  0.00002319294311795  0.00002526008115579  0.00002773342848559  0.00003056904560515
  0.00003396859031242  0.00003791496388673  0.00004253927894496  0.00004790594220905
  0.00005461138791359  0.00006318789262143  0.00007445876413292  0.00008930699643939
  0.00010775235323139  0.00013368229523400  0.00016990178372105  0.00022489526967132
  0.00032838439252290  0.00060346961953837  0.00350518552890312  1.00000000000000000
 -0.00244141939911843  0.00938211985490835  0.01956317012319101  0.03003724741881356
  0.04058010055278498  0.05111638960541658  0.06161965068063466  0.07204301903789040
  0.08245092049585444  0.09277294057284489  0.10309948944415313  0.11367173359155333
  0.12433026018565337  0.13493154157565876  0.14529106493877730  0.15547403879711483
  0.16531231987150941  0.17517337770705946  0.18511450368244980  0.19540223255042680
  0.20580119600732832  0.21636653551479110  0.22689595384439282  0.23724807212887497
  0.24743854456621672  0.25778794694883589  0.26826024117475367  0.27910148079443703
  0.29009995769278379  0.30079762370972207  0.31137045359041071  0.32202830157089940
  0.33271154517736012  0.34309483355990111  0.35317262395995530  0.36349909432056771
  0.37412047557446709  0.38490359622195064  0.39562913313084486  0.40615996338321253
  0.41663324761565979  0.42697137018398185  0.43733859510095058  0.44773883566017347
  0.45818083124088760  0.46869478766702105  0.47931881117862846  0.48996265147686829
  0.50066142143097137  0.51133844000534379  0.52208571582828045  0.53283138840317668
  0.54364858323178722  0.55469605786283249  0.56555273309128684  0.57619819510533510
  0.58679539396752722  0.59754124288304578  0.60831828352636208  0.61885610961131310
  0.62944904153016268  0.63985716150289551  0.65036921280058901  0.66084253376381619
  0.67150103539985495  0.68223379010360075  0.69291301805236050  0.70370885060406130
  0.71453575016405724  0.72510727892169047  0.73534361931062941  0.74538185817904845
  0.75560710547233167  0.76594550472434619  0.77624220880130490  0.78677423884382391
  0.79775002497247705  0.80942482952606942  0.82031266801493274  0.83064242629162355
  0.84077358433054994  0.85093389520928953  0.86140783213669880  0.87184937436372389
  0.88248962677711951  0.89333889607236650  0.90416632378467598  0.91503929945375029
  0.92544601187099274  0.93583763731537883  0.94637950154507411  0.95699248107679813
  0.96760439542350885  0.97829929902369828  0.98921923323080152  1.00000000000000000
 -0.00200715906174294  0.01539774795715496  0.03094837412991790  0.04655388084596294
  0.06190604895127245  0.07717251839156629  0.09211856117054369  0.10689356190268989
  0.12151100496359155  0.13590270774989688  0.14996573904548310  0.16381839500942752
  0.17755363825982132  0.19147857358458395  0.20575712657177317  0.21988297092528647
  0.23389147209212738  0.24790002865630209  0.26189625960325114  0.27561985725951765
  0.28896136381003951  0.30198616322147376  0.31497352694774594  0.32801525119853742
  0.34099151263360367  0.35396917236215730  0.36714804604877815  0.38028163615659599
  0.39313750393078928  0.40555190675565495  0.41776229048426533  0.42986026127368093
  0.44198317857962038  0.45410674277826629  0.46614287484186029  0.47802207857706080
  0.48953350401346618  0.50094160762050455  0.51223493955517696  0.52338729413297491
  0.53423354265726419  0.54502854495996467  0.55605095351603528  0.56710847409935716
  0.57802194161759979  0.58875158193209531  0.59926571845663434  0.60965746740284510
  0.61997830152841749  0.63021526887075241  0.64033591212143737  0.65028472586050601
  0.66023623155898836  0.67013802732560634  0.67991881563196310  0.68946567127475555
  0.69877212414524614  0.70803365550922959  0.71733016807932815  0.72661778548359113
  0.73594019299480917  0.74526620129725119  0.75452992758101067  0.76357310816309021
  0.77246419169439939  0.78135961981299673  0.79022298925376511  0.79899403429614180
  0.80766555370779503  0.81627487471677151  0.82481786917313860  0.83317697670286950
  0.84134496710079509  0.84946668511004209  0.85742172978137010  0.86512759226775027
  0.87278736693093661  0.88017776894024768  0.88759362349508986  0.89497404861274432
  0.90224370287486677  0.90939755256027899  0.91644297514738748  0.92335558682129559
  0.93014687189489809  0.93688481307710314  0.94360235156259398  0.95024957572878510
  0.95678261285136545  0.96318745950140439  0.96928225706103932  0.97537022348765590
  0.98143865235348560  0.98751693740445667  0.99369836093231201  1.00000000000000000
 -0.01553542932177350  0.10074966288615442  0.14008797271875989  0.16397019254991102
  0.18276527390009825  0.19847761169473072  0.21213709713906823  0.22463003994189210
  0.23631074111645067  0.24710398280266735  0.25685653914187129  0.26612623649366496
  0.27505415982355286  0.28384984811750524  0.29222934240679577  0.30021917509223223
  0.30788290661973572  0.31529513701843181  0.32249477522012859  0.32952959780442581
  0.33636539520538311  0.34305103018981409  0.34967781513927726  0.35625695090825898
  0.36268968438382021  0.36909007746560923  0.37532316376456804  0.38130469491135688
  0.38719517847321633  0.39301952063958429  0.39877652793183832  0.40456271515784342
  0.41037041311847783  0.41615582820387720  0.42191130541070598  0.42767149920544201
  0.43327478291535204  0.43880564086568613  0.44428002604218531  0.44968308926516748
  0.45528756698404516  0.46093354416204851  0.46655967450461139  0.47218920316753427
  0.47779653888569285  0.48345054940631799  0.48917585739465386  0.49488243942927967
  0.50057758238836592  0.50632138061908183  0.51201682519659697  0.51763320007426283
  0.52329107185413160  0.52892735128036383  0.53465781916733635  0.54036100236959062
  0.54599369397189135  0.55165570670692821  0.55739573858520708  0.56320647095550080
  0.56906470322861713  0.57486956924410093  0.58056706051650409  0.58622310159525348
  0.59190239977474501  0.59775272767419652  0.60365234005369428  0.60969335211843867
  0.61582691756568375  0.62199491772564475  0.62833368535441336  0.63485240986879765
  0.64147644502193291  0.64811868707510467  0.65474383391516733  0.66143685692113008
  0.66828945802654671  0.67536090747166477  0.68262744937075870  0.69004091603776974
  0.69767764712662006  0.70544175906363027  0.71361153111068099  0.72242238515649715
  0.73162860643784677  0.74131614793047129  0.75119921379741239  0.76156834566866782
  0.77258760641790492  0.78477201763754467  0.79860334040140912  0.81424285724202261
  0.83210948001302032  0.85591899548775185  0.89102813541543135  1.00000000000000000
   2290.1378176882181       -1.0000000000000000     
 T F F F F T T F F T T F F F F T F F F F F F F F F F F F F F F F
  <DiscreteSampler_grid>
  grouped_processes
  1 # 1 for a reference and 2 for a running grid.
  10 # Attribute 'min_bin_probing_points' of the grid.
  1 # Attribute 'grid_mode' of the grid. 1=='default',2=='initialization'
  0.0000000000000000 # Attribute 'small_contrib_threshold' of the grid.
  0.5000000000000000 # Attribute 'damping_power' of the grid.
 # binID   n_entries weight   weight_sqr   abs_weight
    10   10   4.311193803980116E+011   8.862158320265004E+023   4.311193803980116E+011
    16   10   4.311937342416432E+011   8.864887647253536E+023   4.311937342416432E+011
  </DiscreteSampler_grid>
