  0.00000240974253998  0.00000243820525836  0.00000246120388636  0.00000248194800176
  0.00000250469927633  0.00000252859483662  0.00000255399546304  0.00000258054627751
  0.00000260804452696  0.00000263659583933  0.00000266573962339  0.00000269584516459
  0.00000272644599193  0.00000276125909140  0.00000279886022614  0.00000283679570736
  0.00000287566258701  0.00000291506773951  0.00000295649232302  0.00000300029500864
  0.00000304605945978  0.00000309246107175  0.00000313771636079  0.00000318278348043
  0.00000324056515176  0.00000330548853886  0.00000337241185387  0.00000344113050784
  0.00000351297936894  0.00000358441650216  0.00000365894840304  0.00000373640782579
  0.00000382155087115  0.00000391899652205  0.00000401460020166  0.00000411285392274
  0.00000421444564459  0.00000432373214386  0.00000444074606451  0.00000456417000175
  0.00000469241999284  0.00000482261675547  0.00000496146221282  0.00000511817788563
  0.00000528381605712  0.00000545402289164  0.00000562775666261  0.00000581496712968
  0.00000602245063135  0.00000624187201561  0.00000646573957275  0.00000669573031113
  0.00000694034028634  0.00000723684745008  0.00000752715107970  0.00000783205412622
  0.00000817002820100  0.00000853396291142  0.00000891277829650  0.00000932324233765
  0.00000976402933938  0.00001022193072086  0.00001072656915287  0.00001129668042653
  0.00001190343295629  0.00001256112403448  0.00001327477577704  0.00001402315789820
  0.00001483899091941  0.00001574534889418  0.00001677262376536  0.00001795700581081
  0.00001920965323358  0.00002061047594471  0.00002216927723258  0.00002389878184463
  0.00002582655015791  0.00002798801638827  0.00003038079159975  0.00003320909236004
  0.00003647135454892  0.00004051110952181  0.00004523455502972  0.00005072139821576
  0.00005770327381835  0.00006697024623534  0.00007884496338366  0.00009212058042188
  0.00010813839449676  0.00013307400588768  0.00017244372900095  0.00022273964708827
  0.00029115379937387  0.00042210678524586  0.00069123339060686  1.00000000000000000
 -0.00215171475088183  0.00955758121377248  0.01986761916549724  0.02992034489393884
  0.03977770642632896  0.05022818369446305  0.06076727988781461  0.07135618520469440
  0.08199702395441545  0.09284911915610186  0.10382087596121960  0.11432943736643097
  0.12459806277916152  0.13486631742911717  0.14549093567604118  0.15618530722889315
  0.16689198732845695  0.17760822345503138  0.18864641342351357  0.19982817098304859
  0.21070213959256123  0.22168026039837244  0.23280300706727242  0.24389529444494437
  0.25491120298107867  0.26624850114260734  0.27775698844277752  0.28938188110147522
  0.30065651398695437  0.31144308083441441  0.32201534966666390  0.33236219937878969
  0.34222583405626744  0.35205220745737675  0.36161003894655791  0.37068537895749959
  0.37962823234190668  0.38877447911358465  0.39908468449416984  0.41000581834111283
  0.42069722726988446  0.43111722804647423  0.44144244770486069  0.45199039162093829
  0.46293517753293278  0.47417960515404733  0.48565613880196656  0.49751788028820093
  0.50995142670497262  0.52184602832764571  0.53222119243666066  0.54190878194518399
  0.55153467245279708  0.56118026579051972  0.57084405011354244  0.58088095649549565
  0.59276535931619934  0.60543211586157286  0.61760646514348883  0.62903604823014081
  0.63969903064038403  0.64999016838638868  0.66028889954784220  0.67056667425977345
  0.68105669389171453  0.69147901657979405  0.70166468317664377  0.71173821560355599
  0.72168145493503633  0.73170338803201107  0.74193502964345270  0.75226539183805818
  0.76301286370188126  0.77388572274157885  0.78468588224104996  0.79531656082084423
  0.80553256437082565  0.81569015510894760  0.82583617573421597  0.83604826910185248
  0.84639664746622645  0.85651723253608913  0.86637952433319931  0.87692247974445214
  0.88738410266329537  0.89762791406345566  0.90729488244427436  0.91718361060346998
  0.92733565460269940  0.93739768847325455  0.94768352459787886  0.95821087226591872
  0.96905399058904329  0.97958347051845041  0.98991781055777550  1.00000000000000000
  0.00332042399411487  0.02378055891581570  0.04496628841644174  0.06546242193015958
  0.08515173694934869  0.10450883675013038  0.12345994976050860  0.14130338243565227
  0.15884092238070949  0.17647435414473203  0.19423798065093018  0.21197331667724090
  0.22996549397328911  0.24762792898736424  0.26466876400724404  0.28126120419205763
  0.29743298288521980  0.31296811744384478  0.32863908543878412  0.34484021601461073
  0.36125283813955983  0.37706676699699565  0.39255834666496175  0.40805899492478975
  0.42300862347310864  0.43703510053538885  0.45067130380719961  0.46437672836770327
  0.47817943055447437  0.49200621920679383  0.50580435678595603  0.51964821585702980
  0.53277251859888763  0.54554080672759819  0.55794160990402852  0.57019947426227968
  0.58217162065792938  0.59412106052619340  0.60607867160520146  0.61790833023622493
  0.62973100501009405  0.64124037767359965  0.65202056911547102  0.66245450982604825
  0.67292099646036274  0.68318419304893052  0.69303196612933993  0.70243339375226521
  0.71238773014091405  0.72247779812389257  0.73231422391313072  0.74185447393997705
  0.75122312974673133  0.76066583284806366  0.76993085634889369  0.77890514656734466
  0.78777579096840744  0.79627225773034827  0.80463486600739376  0.81268632085751857
  0.82063187519663738  0.82849424563653762  0.83609021444587162  0.84346319077270593
  0.85082546166802531  0.85817261355546415  0.86551278588697200  0.87272895498198466
  0.87965482190010991  0.88635453933588770  0.89296653711999829  0.89950372854999194
  0.90589997709279491  0.91217617207593193  0.91811384233290216  0.92375875917332706
  0.92923285970877023  0.93460522446999084  0.93972453219804752  0.94433667228988338
  0.94892111250102174  0.95337739415236944  0.95781844042153408  0.96209812704091213
  0.96626046127533505  0.97031263583408622  0.97420881613790011  0.97795139053204883
  0.98129886514657605  0.98441757625459625  0.98737599385037622  0.99021359929929842
  0.99291425186494942  0.99535796433331891  0.99771019606351952  1.00000000000000000
 -0.01641859365501021  0.13737255045464392  0.18527333523234402  0.21745901577471505
  0.24243351353630596  0.26388687382784803  0.28343036129687332  0.30068149302470271
  0.31638494760233404  0.33137250057043516  0.34543404594786342  0.35934401395886367
  0.37357940871249251  0.38686974035156002  0.39917097037844684  0.41075490353415228
  0.42210756846890690  0.43336079645778225  0.44446195660854843  0.45497552476660785
  0.46523116586366570  0.47483578971418139  0.48429649640762196  0.49345024560660317
  0.50287044721279062  0.51226676862889953  0.52110751990756388  0.52936319911873952
  0.53722669801904877  0.54512433006292249  0.55322446634930689  0.56123899048574966
  0.56899697211006384  0.57661803792179278  0.58380112885534674  0.59084062515120972
  0.59763800021634272  0.60455246599567170  0.61101460774336958  0.61709624530550089
  0.62289742263014114  0.62871610697967018  0.63495980496832460  0.64154699068597953
  0.64817846552950464  0.65479289446535671  0.66114118833158042  0.66737250678409543
  0.67356064880093902  0.67966877611174648  0.68573799275988723  0.69187152123586682
  0.69798405846054745  0.70393253065785366  0.70974051588323728  0.71516537717975037
  0.72030621130212835  0.72538872339228100  0.73041099860094516  0.73545368576585446
  0.74055702731633166  0.74557451011800180  0.75045200543268042  0.75534425018235696
  0.76038240073248697  0.76552707857456437  0.77055834744973750  0.77538287383336624
  0.78001378160700630  0.78456773957088943  0.78911486054810864  0.79358400818338004
  0.79800881352195041  0.80254346786172959  0.80744475528997128  0.81233596752404014
  0.81708470219892471  0.82182369448096315  0.82649857452601994  0.83118438672757133
  0.83597785080492182  0.84070140159562379  0.84543868589734095  0.85026337478890335
  0.85531524983604612  0.86083527797141868  0.86657306619130048  0.87249326808956218
  0.87873237216331179  0.88543553447639434  0.89285470629825181  0.90163570691488415
  0.91204866338503965  0.92459441547553067  0.94472058744667220  1.00000000000000000
   592.20285610171015       -1.0000000000000000     
 F F T F F F F T T F F F F T F F F F F F F F F F F F F F F F F F
  <DiscreteSampler_grid>
  grouped_processes
  1 # 1 for a reference and 2 for a running grid.
  10 # Attribute 'min_bin_probing_points' of the grid.
  1 # Attribute 'grid_mode' of the grid. 1=='default',2=='initialization'
  0.0000000000000000 # Attribute 'small_contrib_threshold' of the grid.
  0.5000000000000000 # Attribute 'damping_power' of the grid.
 # binID   n_entries weight   weight_sqr   abs_weight
    10   10   4.126729167209485E+010   5.465667116034715E+021   4.126729167209485E+010
  </DiscreteSampler_grid>
