 -0.00012485181072615  0.01259530926574906  0.01589414601717608  0.01950709175273515
  0.02402140445969151  0.02910651001239672  0.03364237591762920  0.03805491729243421
  0.04246742349778579  0.04676243078745200  0.05096130436705038  0.05537196185440754
  0.05984073049933768  0.06457196151103953  0.06958150412964496  0.07464446136265009
  0.07980710785356550  0.08488449808558277  0.08990241017159591  0.09505286314660617
  0.10000817979868391  0.10515294460759926  0.11069671985911905  0.11616005577290958
  0.12158238933106690  0.12719617199072833  0.13293824374188232  0.13867415667196556
  0.14450771399467985  0.15075487753915018  0.15714247273962156  0.16350549044982399
  0.16965951296218959  0.17585261061590923  0.18217319500354034  0.18852698859832570
  0.19487487957553082  0.20126029571322823  0.20774156095886445  0.21441513055977876
  0.22129334627584776  0.22800523595893155  0.23480484235345914  0.24169459188345979
  0.24880965626855606  0.25647931948557096  0.26409082091435276  0.27160917622993525
  0.27914106290983820  0.28675230818796832  0.29454876637151417  0.30260308840989647
  0.31080370071922547  0.31896169916056172  0.32709769744508249  0.33533905442107309
  0.34363722838355226  0.35229333149507835  0.36124585320797703  0.37035729158924563
  0.37953449342404433  0.38872676200072181  0.39792268000877440  0.40711333508179304
  0.41647977800129832  0.42622056545465170  0.43626361142205100  0.44649289465798964
  0.45687088378854257  0.46738507107466670  0.47795633674028337  0.48854164399123207
  0.49942276510493794  0.51132185009578224  0.52333086481294566  0.53540313851685428
  0.54761577341209056  0.55995350517765075  0.57234698248792737  0.58509659744692988
  0.59866736063435255  0.61315869972018433  0.62819842606238274  0.64337286033676389
  0.65899419414460314  0.67488972692835159  0.69137205757546805  0.70921672276507497
  0.73000939322290614  0.75287313003805867  0.77694701401852151  0.80282333902409830
  0.83294219817997039  0.87238506853394437  0.92595487825712197  1.00000000000000000
 -0.00253175526331204  0.01002939451521419  0.02072936072983638  0.03099278228504996
  0.04119359935678006  0.05123415326258277  0.06140432645469455  0.07162746573876173
  0.08190552338813992  0.09246819844508439  0.10314983987760108  0.11370555504492925
  0.12389538219377343  0.13417259349888799  0.14441769864438792  0.15486237196419941
  0.16537770690069217  0.17595369196369504  0.18666542214583284  0.19696757528468314
  0.20733067651014547  0.21746224874477194  0.22774696997253521  0.23844575032802570
  0.24921229695836616  0.25944366475688607  0.26949889922410791  0.27947526489114782
  0.28967347890586820  0.29980777439982687  0.30985738911055188  0.32018222199842811
  0.33056086097345955  0.34128576647127146  0.35185119101301293  0.36260558761791245
  0.37341968569349754  0.38402313266351268  0.39468764305990345  0.40552840457587275
  0.41650626996243961  0.42704643895561439  0.43756813039066267  0.44803404456107887
  0.45840488117160283  0.46863338472036709  0.47904643107962042  0.48963549434632159
  0.50042559837049083  0.51128688515484733  0.52227031895106124  0.53305184698710517
  0.54384511186554052  0.55468605775298030  0.56532833765623502  0.57569727260579229
  0.58598399734285778  0.59642278874658361  0.60683747681347988  0.61743895201552224
  0.62838372732904990  0.63957905493648870  0.65049999035798378  0.66098618221769634
  0.67131022210268820  0.68180579775446004  0.69262459943527699  0.70384123587484515
  0.71475791757785878  0.72527990346220628  0.73570580909431771  0.74598315770367196
  0.75627782016945855  0.76666987518432095  0.77687022732013689  0.78712276418445271
  0.79745170096926432  0.80824989725420227  0.81894738190342731  0.82958302098319714
  0.84004732157116158  0.85050804670079971  0.86121798162136987  0.87188471191034334
  0.88238113242049532  0.89275772619844151  0.90341992767122259  0.91428623447012669
  0.92503139954414093  0.93563589970202332  0.94626379550307549  0.95695343226907947
  0.96753966398534785  0.97837004984271814  0.98901267120703318  1.00000000000000000
  0.00019979430344847  0.01546343085904103  0.02392320915167390  0.03178703886925023
  0.03974909871039951  0.04752761850672535  0.05522521393313924  0.06291477171502860
  0.07058617068613132  0.07816804802832489  0.08565015317036558  0.09302651876759481
  0.10054707488788148  0.10819962360839701  0.11565593194016253  0.12299274903253674
  0.13026988694392924  0.13768237066285952  0.14522613940767598  0.15287387860711360
  0.16074085294293808  0.16872589429146356  0.17699380249400989  0.18519965439201364
  0.19340615626574112  0.20164218803458903  0.20991448668523785  0.21826173196170287
  0.22673165686714325  0.23505831514984199  0.24316005562935644  0.25126520757473542
  0.25944895958178976  0.26775744920408423  0.27643723824596866  0.28522108294927873
  0.29411537322619768  0.30299426994375628  0.31183309812087867  0.32070048976113991
  0.32959916844726816  0.33858523313959543  0.34762367321273002  0.35666526241068786
  0.36567988885807334  0.37469990546999438  0.38364812994572539  0.39252318465388109
  0.40139163144971612  0.41028956802514138  0.41930544146763804  0.42845799783516919
  0.43770498765857724  0.44694671796166374  0.45607214388742118  0.46514420463996786
  0.47431512195350606  0.48362864690950003  0.49305295540608318  0.50255478989478952
  0.51213261777548291  0.52164339879477106  0.53105508191054718  0.54050350345399012
  0.55007277136411414  0.55991806243313169  0.57007934442063846  0.58038365073360998
  0.59073709705736466  0.60113055311030972  0.61172290100781801  0.62259262215686595
  0.63362632543928887  0.64484239254804687  0.65620269162129663  0.66783072263436016
  0.67975601555246556  0.69196936335520620  0.70447780453257491  0.71724905734575262
  0.73017492358377800  0.74316745556986408  0.75624040158804995  0.76956504792059244
  0.78332982085432534  0.79742378201773201  0.81195534198015706  0.82657312903027513
  0.84163921461789581  0.85725204058525073  0.87402516671657660  0.89207300094614150
  0.91181084756772501  0.93416774290991111  0.96222701110924469  1.00000000000000000
 -0.00577027992468884  0.12536497927765627  0.17289811530830490  0.20443496934038810
  0.23081835107008261  0.25338892006942204  0.27332979257709056  0.29135540026952256
  0.30811734338356039  0.32391853662274628  0.33890958884192385  0.35307439392100276
  0.36668043577080356  0.37971129068596043  0.39245270892409434  0.40519669452524570
  0.41775422704589876  0.42974820074271547  0.44135133979373103  0.45233239065051656
  0.46309885146998192  0.47353046001134241  0.48378965046048900  0.49393773098534866
  0.50395616672134047  0.51386437753951952  0.52347431086990859  0.53273917297962259
  0.54179994383696528  0.55061305811461558  0.55926845891065025  0.56780641966436585
  0.57621703396009016  0.58444998991658736  0.59244889292795833  0.60034457786951678
  0.60815876253816670  0.61586374177268288  0.62349772582610508  0.63103028641872394
  0.63843446116643143  0.64571892858677715  0.65292472146352520  0.66005287400992851
  0.66703360628884067  0.67386482861533037  0.68060506208443372  0.68725714694900653
  0.69370414632886124  0.70000414622587104  0.70621471427519922  0.71230549034153168
  0.71820503748180031  0.72409879137811006  0.72990662870063117  0.73562376095558668
  0.74124737000770236  0.74679041073823738  0.75229726860019952  0.75781440161102209
  0.76333238814743931  0.76877597836516709  0.77412685419417959  0.77931315532931522
  0.78448133688031441  0.78960281698238821  0.79465630697631762  0.79966776189718125
  0.80461394256563468  0.80945608276975833  0.81420529066658098  0.81886334332856237
  0.82349598729976092  0.82813914819788659  0.83278554022344775  0.83752417862790463
  0.84230406636765465  0.84710382850478161  0.85192025064076471  0.85674655189561033
  0.86160601811594384  0.86650364240945454  0.87145237524123131  0.87641849630927604
  0.88143016331667490  0.88657056736337392  0.89183118427727848  0.89735816670216784
  0.90318404647338180  0.90923833034534973  0.91579586345924902  0.92327470827198099
  0.93191606680942607  0.94312471109275142  0.96078389903285177  1.00000000000000000
   11.108819019889339       -1.0000000000000000     
 F F T F F F F T T F F F F T F F F F F F F F F F F F F F F F F F
  <DiscreteSampler_grid>
  grouped_processes
  1 # 1 for a reference and 2 for a running grid.
  10 # Attribute 'min_bin_probing_points' of the grid.
  1 # Attribute 'grid_mode' of the grid. 1=='default',2=='initialization'
  0.0000000000000000 # Attribute 'small_contrib_threshold' of the grid.
  0.5000000000000000 # Attribute 'damping_power' of the grid.
 # binID   n_entries weight   weight_sqr   abs_weight
    10   10   7.143161611157243E+008   5.765979967494047E+017   7.143161611157243E+008
  </DiscreteSampler_grid>
