  0.00000239271767609  0.00000240001497756  0.00000241123654019  0.00000242686380079
  0.00000244585630226  0.00000246579601632  0.00000248828720790  0.00000251304344253
  0.00000253843056883  0.00000256457086315  0.00000259279981574  0.00000262149535288
  0.00000265138906095  0.00000268170517153  0.00000271263167386  0.00000274525747068
  0.00000277992687984  0.00000281953051177  0.00000286017030520  0.00000290160107692
  0.00000294387016221  0.00000298735242873  0.00000303227417029  0.00000307788726436
  0.00000312439303531  0.00000317062019222  0.00000322569607395  0.00000328527283998
  0.00000334699528792  0.00000341018126697  0.00000347467180128  0.00000354151652421
  0.00000360879878088  0.00000368006300131  0.00000375738495378  0.00000384488719881
  0.00000393905424964  0.00000403486761483  0.00000413383282978  0.00000423632107582
  0.00000434309347022  0.00000446243928525  0.00000458435474281  0.00000470760767994
  0.00000483376759970  0.00000496484005454  0.00000510669298152  0.00000526658592911
  0.00000543322443919  0.00000560553951759  0.00000578517520200  0.00000597754129254
  0.00000618252771238  0.00000639462116335  0.00000661560021096  0.00000685566680262
  0.00000711860397536  0.00000739973036578  0.00000769372573942  0.00000801028823905
  0.00000838807442397  0.00000877495414065  0.00000917495251687  0.00000963977020554
  0.00001012732615585  0.00001064861480355  0.00001122944885860  0.00001184041868038
  0.00001250154828833  0.00001324449721803  0.00001404061506151  0.00001491071352482
  0.00001586762697086  0.00001691010972145  0.00001812331267142  0.00001948355060138
  0.00002102933387852  0.00002275689015887  0.00002471652145621  0.00002690241259521
  0.00002938116682241  0.00003231624475673  0.00003575436884535  0.00003976049405487
  0.00004478158833917  0.00005103365700099  0.00005893290285364  0.00006846601827072
  0.00008131032932068  0.00009851117867346  0.00012285718100623  0.00015658741500845
  0.00020169209121796  0.00029002795413317  0.00073836412923818  1.00000000000000000
 -0.00237317210392411  0.01006370510730736  0.02075397404115026  0.03101962730301737
  0.04143149354640600  0.05201886104326917  0.06254868077440236  0.07293471757544731
  0.08330477212626322  0.09346336840369869  0.10373786959827511  0.11403447426857789
  0.12417239589414070  0.13415991562076335  0.14422733345825017  0.15449322245290398
  0.16493236518121765  0.17519065256825697  0.18544295555280638  0.19585740755287281
  0.20637535615310101  0.21729581558449837  0.22822198295848667  0.23890200593875308
  0.24946190058297674  0.26006876056429912  0.27116942418529638  0.28249195649591297
  0.29379112413646408  0.30451865309910048  0.31534184852214930  0.32623762940966711
  0.33685786904314624  0.34700023812619485  0.35713823743340795  0.36700379628665936
  0.37667603021231366  0.38630185318377391  0.39608782148523486  0.40645135587494846
  0.41687638299011615  0.42779971430865332  0.43878733511489609  0.44953671113601384
  0.46031390316967408  0.47122341161065884  0.48213067202849558  0.49294736563658270
  0.50428033985117182  0.51613794313928341  0.52686944031865945  0.53745327067439086
  0.54770522800006083  0.55819641142735976  0.56866796501616867  0.57928180512458993
  0.59053284780678639  0.60171928673945796  0.61250170193152143  0.62319916458548508
  0.63351010505497363  0.64397078062638891  0.65400678429877523  0.66422223044417261
  0.67425375204674509  0.68419379391028634  0.69412572856715449  0.70430960934464826
  0.71488070552431515  0.72562283152787299  0.73598962649372768  0.74659967973227848
  0.75733912225799005  0.76841872885454232  0.77868020064826460  0.78856367016463302
  0.79895292045576649  0.80962111910139234  0.82034739356851694  0.83093589182605443
  0.84204043097606163  0.85319651461479029  0.86361045081950572  0.87418495554903186
  0.88470796772121407  0.89473434602250912  0.90477925566471684  0.91494520310235994
  0.92601867516480196  0.93701632254856049  0.94788955057077551  0.95851210950015142
  0.96894471901500334  0.97933024126246238  0.98966626804837388  1.00000000000000000
  0.00610184914147112  0.01809306332188532  0.03265950631821365  0.04756818962423887
  0.06238955962826428  0.07717640035836597  0.09192487073742835  0.10645460266100817
  0.12088980388605433  0.13522699283498840  0.14941087758482191  0.16352856097161020
  0.17796067211859970  0.19263501975753589  0.20697424509675497  0.22123251005625735
  0.23486383633726271  0.24826603337796252  0.26169097832138938  0.27521691213959126
  0.28862226541266794  0.30180913482511629  0.31485856223740577  0.32789523863674269
  0.34083307181211786  0.35363523465675872  0.36622833625367923  0.37883022317816756
  0.39127363286303607  0.40350055550565805  0.41556340133990155  0.42750226433090982
  0.43935775593899024  0.45109854718378439  0.46249052822538600  0.47379898393048975
  0.48523077984557433  0.49676699087902515  0.50839556480577153  0.52010157404488266
  0.53173766575934922  0.54302079781392243  0.55405818997219269  0.56491891229248747
  0.57549574877463849  0.58613872932892241  0.59681937251456729  0.60760007717079734
  0.61804141990320105  0.62841243528990476  0.63843498991679182  0.64822151117125981
  0.65785828380164535  0.66755763161431325  0.67741137179769451  0.68715075692568395
  0.69663535584275571  0.70596312366623037  0.71540599427570661  0.72505337394208980
  0.73464527318314643  0.74422911724377661  0.75372061168609283  0.76334926320550955
  0.77258667859500152  0.78146242900772500  0.79022605287798131  0.79897877644054427
  0.80781433034280326  0.81660223828334122  0.82510147907909903  0.83342115321971266
  0.84187116658780647  0.85003686501840314  0.85861731040208700  0.86722725986308102
  0.87587130219544640  0.88442670285162084  0.89274060024066948  0.90065168874731072
  0.90827830042321289  0.91587504582413415  0.92283525210480988  0.92950822385849408
  0.93621616691432596  0.94262862243457735  0.94894600733497358  0.95524695149858641
  0.96139762105787019  0.96733499338160822  0.97306122177052945  0.97866076138585811
  0.98418055084218747  0.98954556716779307  0.99477534298610526  1.00000000000000000
 -0.00674651760702627  0.10376479035885140  0.14181222914674274  0.16549038895083384
  0.18381524816212563  0.19956934904038051  0.21362510364609383  0.22616553304859871
  0.23715462197755013  0.24720749762056843  0.25660169823818352  0.26561915766192890
  0.27450266303023130  0.28314950668711453  0.29157295063618566  0.29966335278893280
  0.30752436981856912  0.31509041475157795  0.32245303457059799  0.32968727217625904
  0.33674950974834200  0.34362272665078686  0.35030996913203138  0.35693702718975434
  0.36360197602545036  0.37038583226637822  0.37712168269778218  0.38366084548651341
  0.39007270311639974  0.39631924809854879  0.40230440090946218  0.40813410218887586
  0.41396898273019389  0.41987325494200894  0.42562943187242952  0.43130189537409458
  0.43672606947346754  0.44200982729024901  0.44737384288893733  0.45291825347484921
  0.45849456198735561  0.46403582017596579  0.46933753806275696  0.47444263398129599
  0.47950806762356307  0.48466697904018313  0.48995321708299572  0.49528614069774446
  0.50064611317159291  0.50605574238138129  0.51154706022157892  0.51712583929710043
  0.52278270242016567  0.52855547741366582  0.53431425075507710  0.54001480605105501
  0.54563995169271473  0.55124968076438841  0.55687278955703912  0.56255418844271565
  0.56830394414648289  0.57400824572209697  0.57982142011669979  0.58568685061136250
  0.59154722523849701  0.59749108661200734  0.60327394371738285  0.60913098143313016
  0.61493345222152662  0.62081493147612510  0.62671809721108085  0.63272287146001527
  0.63888168238967102  0.64541011244266733  0.65244340559079950  0.65966448681293854
  0.66691000633601383  0.67437090734010430  0.68209100741583706  0.69009792242499757
  0.69829105091300725  0.70643233900620528  0.71469606652696915  0.72324563326143831
  0.73231189507563799  0.74190396901365629  0.75191035449747690  0.76247902778985954
  0.77390677097035421  0.78651362150711224  0.80051262746465268  0.81625390104856232
  0.83473195654532262  0.85925384570229557  0.89774431139325228  1.00000000000000000
   7768.9650160916399       -1.0000000000000000     
 T F F F F T T F F T T F F F F T F F F F F F F F F F F F F F F F
  <DiscreteSampler_grid>
  grouped_processes
  1 # 1 for a reference and 2 for a running grid.
  10 # Attribute 'min_bin_probing_points' of the grid.
  1 # Attribute 'grid_mode' of the grid. 1=='default',2=='initialization'
  0.0000000000000000 # Attribute 'small_contrib_threshold' of the grid.
  0.5000000000000000 # Attribute 'damping_power' of the grid.
 # binID   n_entries weight   weight_sqr   abs_weight
    10   10   6.530980675556387E+010   9.879627033113329E+021   6.530980675556387E+010
    16   10   6.528026030230737E+010   9.879345659189953E+021   6.528026030230737E+010
  </DiscreteSampler_grid>
