  0.00000237110599068  0.00000238975124904  0.00000240994985058  0.00000242950497168
  0.00000244698522445  0.00000246514954750  0.00000248602245454  0.00000251144123743
  0.00000253818560464  0.00000256539860763  0.00000259343908764  0.00000262348221282
  0.00000265421707803  0.00000268559601742  0.00000271770534134  0.00000275129510649
  0.00000278754161874  0.00000282783795044  0.00000286863356380  0.00000291037847900
  0.00000295322298809  0.00000299725022479  0.00000304264232921  0.00000308897848360
  0.00000313641337270  0.00000318332206652  0.00000323883814313  0.00000330392794723
  0.00000336816731717  0.00000343327879541  0.00000350109089757  0.00000357052865601
  0.00000364266624997  0.00000371945538802  0.00000380253982898  0.00000389606769831
  0.00000399068498931  0.00000408675843527  0.00000418476576832  0.00000428751400808
  0.00000440220021564  0.00000452445691029  0.00000465054031590  0.00000477905110244
  0.00000490975537355  0.00000504974046874  0.00000520802176854  0.00000537293353569
  0.00000554125376493  0.00000570923076322  0.00000589665088696  0.00000609857852281
  0.00000631068938414  0.00000653341350856  0.00000676999085559  0.00000703342460832
  0.00000731844905944  0.00000760814126328  0.00000792974693240  0.00000828493232694
  0.00000866083327431  0.00000905119055780  0.00000948958416292  0.00000996565257653
  0.00001046409018636  0.00001101258609132  0.00001161374010422  0.00001226732892521
  0.00001299587357687  0.00001379312739055  0.00001465751048315  0.00001562255429378
  0.00001669581571458  0.00001790974581178  0.00001924905351401  0.00002078286257469
  0.00002250614957159  0.00002453395836377  0.00002680105371678  0.00002951697265614
  0.00003262790225373  0.00003631039031399  0.00004072651600293  0.00004612330587618
  0.00005280000849797  0.00006118251897875  0.00007165438854441  0.00008586875542986
  0.00010588981061485  0.00013612259188647  0.00018324283926561  0.00026464615387465
  0.00042274620243453  0.00076245933008796  0.00413791599393485  1.00000000000000000
 -0.00231529820501047  0.00917438458329312  0.01834692950620787  0.02833199120134128
  0.03828390108302663  0.04830224451726201  0.05795833305375471  0.06775054695437359
  0.07780968216960882  0.08797345725886214  0.09821598676213619  0.10852507809010847
  0.11897667438936534  0.12931411183615810  0.13979713454228926  0.15021360557940916
  0.16066272961709011  0.17106087392389929  0.18130754255099335  0.19147584250289557
  0.20148967730105671  0.21153700611874932  0.22179976356540357  0.23232672542295346
  0.24305565014962288  0.25391505460817759  0.26458851302630448  0.27504767425152771
  0.28551478453686940  0.29653409273896364  0.30806166272345914  0.31955777191523738
  0.33078537502344191  0.34175711812451232  0.35259140672445505  0.36329830469257357
  0.37392141094421905  0.38471683873247770  0.39554715904371840  0.40627995176841225
  0.41692923581995883  0.42767663139453338  0.43843241392246685  0.44899586959680721
  0.45927513880866444  0.46959264757516989  0.48005188778762387  0.49078250526354589
  0.50142563712867716  0.51194751809515748  0.52258076978357360  0.53343092567929351
  0.54447327394379152  0.55551252125999628  0.56650789618055897  0.57748412395464988
  0.58840991693799960  0.59924800292043490  0.60988263461158165  0.62030607739504307
  0.63063436535144590  0.64081535559173708  0.65088791594273321  0.66085916591312799
  0.67100254651303315  0.68156754606212855  0.69233300687541843  0.70338529157615326
  0.71428911852660659  0.72521671922346032  0.73583251817874784  0.74611019891863961
  0.75643695927596366  0.76654914358324222  0.77646378968601992  0.78647742966422529
  0.79689191744090881  0.80782196161796971  0.81845263723788031  0.82893821400281098
  0.83982742891982687  0.85113839280982551  0.86175331573632818  0.87214140962719233
  0.88243867777470664  0.89302247016326231  0.90348582955495749  0.91433475458705837
  0.92544562342344072  0.93638037821823139  0.94672549003520012  0.95666976934510106
  0.96694793956893876  0.97766054572579564  0.98884353333043329  1.00000000000000000
 -0.00038984078574812  0.01430414566916857  0.02893846085840118  0.04393229479857333
  0.05919221256457857  0.07434397166142868  0.08919831043271137  0.10355889150601250
  0.11746780461249104  0.13125948203475202  0.14528106768428750  0.15921239421881644
  0.17327375987434152  0.18737313388228752  0.20148823577935432  0.21538862589469523
  0.22936488319101084  0.24277544258765354  0.25630320836816844  0.26963617747195445
  0.28291424351780980  0.29617658544026609  0.30940868994812132  0.32265963005154596
  0.33588024042770009  0.34903433100729148  0.36210628643161163  0.37505885834800939
  0.38793665401105326  0.40064864736677691  0.41330340844323993  0.42576244594511403
  0.43815274154257894  0.45014325882693551  0.46199595487314088  0.47377479199197886
  0.48545453206015221  0.49709323449828652  0.50893202143671090  0.52071442740032114
  0.53237521952234712  0.54396340372620011  0.55560745908630838  0.56694111051641005
  0.57803717688201317  0.58912334534205335  0.60019884592455397  0.61110645708421263
  0.62191872528184000  0.63275096052871405  0.64362278743822365  0.65418905034631081
  0.66451936398110034  0.67463964916137242  0.68472034583525676  0.69464095321141728
  0.70453382095187544  0.71442639983233946  0.72423249368465881  0.73394157417626660
  0.74343574452912842  0.75289543744548526  0.76238144635618610  0.77168385514021620
  0.78080830288364034  0.78966883650765607  0.79844781493794315  0.80722432161781832
  0.81590150954363694  0.82433813278514811  0.83262971179395939  0.84074758706807595
  0.84872516480006455  0.85657263511223258  0.86422045026304317  0.87179991830365211
  0.87941797641702557  0.88698668498006383  0.89448303922077899  0.90186082428132330
  0.90906729993611113  0.91626514852508578  0.92327577959451179  0.93016609999132638
  0.93688507323301984  0.94327628752425885  0.94929181388373152  0.95528013428365199
  0.96108605472833986  0.96682417123830178  0.97248989976985201  0.97803416589316017
  0.98344936829457408  0.98880085906306692  0.99437089565499637  1.00000000000000000
 -0.01639623035521259  0.10226542509020013  0.14046397321408294  0.16432549685120834
  0.18257206835158848  0.19798976101649038  0.21170558975994055  0.22431864260340106
  0.23601771040620037  0.24685982321984987  0.25685731293912256  0.26620750623868533
  0.27525259299121146  0.28400866548511366  0.29253320581633890  0.30059357679219084
  0.30829900582771019  0.31591372773910997  0.32333154997696761  0.33072782588306554
  0.33779431836114532  0.34466589608598391  0.35149806603369554  0.35815442594683378
  0.36472269585764827  0.37128025925926544  0.37780349042669686  0.38424301153056145
  0.39062486168831900  0.39694283430333799  0.40309218467259605  0.40911562873325830
  0.41505364959652807  0.42068667405705990  0.42627175462762218  0.43181558032926176
  0.43729727094502313  0.44266292140206970  0.44798836495661104  0.45329937726141495
  0.45870135513848803  0.46411478929710576  0.46952237962640392  0.47492441476209407
  0.48037115782092982  0.48591829334233566  0.49150929567395729  0.49704834995268765
  0.50250447505671669  0.50786040801039345  0.51325878161680338  0.51870382892908862
  0.52422969801888497  0.52984288851893646  0.53550478694399317  0.54116259523437116
  0.54683674629455292  0.55247909934603612  0.55808340745106610  0.56374725741955856
  0.56954720319179142  0.57542010672857391  0.58127993758817142  0.58711699720759880
  0.59289649045802406  0.59876123385665092  0.60467401157423184  0.61076023460619489
  0.61704364450138316  0.62346016301185181  0.62989695326144157  0.63633188436689092
  0.64274662121831294  0.64934532319589178  0.65621789063476954  0.66309930234221237
  0.67008954014790756  0.67725902535416693  0.68457387083124721  0.69201535910745615
  0.69958584812231117  0.70735902508949111  0.71553614415341360  0.72427060646802910
  0.73329568938159440  0.74274341832300816  0.75251628502248880  0.76332174396350472
  0.77477227841386365  0.78715849216147982  0.80105533945589757  0.81706151170797725
  0.83633203640542908  0.86090930462683046  0.90183230634036504  1.00000000000000000
   2209.7093686862413       -1.0000000000000000     
 T F F F F T T F F T T F F F F T F F F F F F F F F F F F F F F F
  <DiscreteSampler_grid>
  grouped_processes
  1 # 1 for a reference and 2 for a running grid.
  10 # Attribute 'min_bin_probing_points' of the grid.
  1 # Attribute 'grid_mode' of the grid. 1=='default',2=='initialization'
  0.0000000000000000 # Attribute 'small_contrib_threshold' of the grid.
  0.5000000000000000 # Attribute 'damping_power' of the grid.
 # binID   n_entries weight   weight_sqr   abs_weight
    10   10   1.668210999200628E+011   9.357837892801063E+022   1.668210999200628E+011
    16   10   1.667808861373278E+011   9.357832462654250E+022   1.667808861373278E+011
  </DiscreteSampler_grid>
