  0.00000236797715193  0.00000237866509071  0.00000239342109745  0.00000241081286741
  0.00000242564943127  0.00000244022273771  0.00000245456812179  0.00000247333869152
  0.00000249564421776  0.00000251831791641  0.00000254264898550  0.00000256782621735
  0.00000259391846616  0.00000262067991271  0.00000264808971109  0.00000267660923900
  0.00000270602129709  0.00000273526019285  0.00000277098200886  0.00000280944864587
  0.00000284827712247  0.00000288783242255  0.00000292782323513  0.00000296951240879
  0.00000301235858049  0.00000305598229363  0.00000310038844372  0.00000314722656206
  0.00000319922487186  0.00000325763056866  0.00000333156531907  0.00000340723793010
  0.00000348280555604  0.00000356095566470  0.00000363975800376  0.00000373286929746
  0.00000383610064237  0.00000394569093857  0.00000406246547390  0.00000418093391927
  0.00000430569224258  0.00000444408528165  0.00000459758911303  0.00000474943706455
  0.00000490879745050  0.00000508413044073  0.00000527946938538  0.00000549216092610
  0.00000571464382194  0.00000594933036515  0.00000622019396100  0.00000650019279102
  0.00000679824772497  0.00000712562806176  0.00000747707870235  0.00000782671533095
  0.00000825779690695  0.00000869433838844  0.00000917304228249  0.00000970187364236
  0.00001027448653085  0.00001090046195960  0.00001157963151473  0.00001229730657426
  0.00001311780348730  0.00001401438714991  0.00001504128826334  0.00001621515954909
  0.00001747797384843  0.00001891162862587  0.00002044018674620  0.00002219375025362
  0.00002415296352756  0.00002642466196355  0.00002902509533892  0.00003203342286000
  0.00003554339877870  0.00003960918014947  0.00004450960080844  0.00005057244939186
  0.00005771201927030  0.00006638697019203  0.00007710149462803  0.00009106454541084
  0.00010875178887402  0.00013176595090047  0.00016304340844485  0.00020712580199816
  0.00027366863439482  0.00037136343217116  0.00052699135075360  0.00079279370468519
  0.00138579018956929  0.00318215152937875  0.01095298066243919  1.00000000000000000
 -0.00264520872402427  0.01038118439897999  0.02038635437936727  0.03124624374555425
  0.04182946632463760  0.05316465543626624  0.06446163285480763  0.07595949755296362
  0.08669818316777207  0.09715421867759064  0.10724239534588643  0.11766708183685251
  0.12812797881691396  0.13872721682687178  0.14946671514655172  0.16041811729138139
  0.17150267085410995  0.18223832015252572  0.19250394259274620  0.20249335794693413
  0.21247989269718182  0.22277759064481978  0.23347975609969768  0.24432983165352495
  0.25523197071786896  0.26600934796108749  0.27674047797557116  0.28773378515004855
  0.29893273975920243  0.31029153754017658  0.32157100071285982  0.33270847000833514
  0.34369793382537417  0.35452730869351429  0.36537245917922112  0.37619269430268371
  0.38664427804615870  0.39718889678363078  0.40802899370026635  0.41904550083178871
  0.42974379324793793  0.44036116591163454  0.45119352613219410  0.46226105471305007
  0.47344288708490623  0.48497048023162759  0.49655282963103797  0.50782222795352916
  0.51887631890431929  0.53015446617806572  0.54154242879009129  0.55273696401166306
  0.56396152771439501  0.57533256838376046  0.58600647906956693  0.59482948413990522
  0.60372440180575715  0.61310124329004301  0.62296070523577707  0.63275724487766383
  0.64245710925711330  0.65264666715881314  0.66304166536976106  0.67314113864835146
  0.68319398998066505  0.69331988283049906  0.70370013479294413  0.71457095071885413
  0.72567425964391330  0.73635451395831042  0.74671223483552096  0.75698028997817413
  0.76762103262498893  0.77801390006823345  0.78800220959733069  0.79818267556141564
  0.80874708808251061  0.81965166264562594  0.83080377810036987  0.84212334658532839
  0.85335224875495219  0.86435998624712052  0.87529710493030577  0.88628190112601557
  0.89642346101810622  0.90498788330266766  0.91325281955905258  0.92169762565964553
  0.93035435996402471  0.93903569245014651  0.94726220310937770  0.95491840774802828
  0.96502042115918818  0.97692212389051836  0.98849638552399710  1.00000000000000000
 -0.00220849504706296  0.02384317140663262  0.04780757334045043  0.07173540710024737
  0.09513652578586466  0.11791761952854898  0.14046127292972252  0.16257628525311776
  0.18412622281011115  0.20503812740590086  0.22550560211617929  0.24560188510246492
  0.26551921661447808  0.28514257910654645  0.30420100417947943  0.32304951652021835
  0.34157077036346689  0.35971036377178328  0.37749056295008232  0.39500267439227776
  0.41220951481478540  0.42915803555038173  0.44570364519364430  0.46175986353891285
  0.47734323203980694  0.49257014480049188  0.50776686411122429  0.52277874572529526
  0.53743973721192129  0.55197142665599985  0.56638517275089717  0.58035547215358629
  0.59388837175519438  0.60704846870223728  0.61996427035685375  0.63276556716318899
  0.64532369456791505  0.65747652664654854  0.66935990824641789  0.68109186949423017
  0.69253481591850785  0.70383594128290872  0.71502157904227304  0.72611964056125167
  0.73691282202906128  0.74750019820492142  0.75765227245494993  0.76752742542453412
  0.77706417578948617  0.78655692583528170  0.79588237473009682  0.80499501660800488
  0.81382400190786142  0.82248658458346013  0.83105451950025255  0.83932337830451542
  0.84735404525991898  0.85512167533062367  0.86272202286969302  0.87017283078118535
  0.87737145073487177  0.88427429380999745  0.89097615637620253  0.89749514379486384
  0.90378466075704622  0.90988249502303176  0.91580370154597612  0.92145469360580667
  0.92688475695607042  0.93216556949557128  0.93741624077606045  0.94213231586383239
  0.94676265661642200  0.95133831781939238  0.95574778638399882  0.95967587601309745
  0.96293984085637729  0.96616961029848836  0.96928843513116048  0.97230237406858333
  0.97521824214229447  0.97799799579320168  0.98057785136130715  0.98295416381014200
  0.98517488295206712  0.98725807820926337  0.98918730070447392  0.99097707937132695
  0.99258951492832059  0.99401765249942808  0.99525623583326384  0.99638212017636685
  0.99739924978789551  0.99830137996496393  0.99915709802069230  1.00000000000000000
 -0.01122524331411318  0.06287933520318847  0.09012168133771879  0.10771130693885755
  0.12141037461484334  0.13297692438093187  0.14331441730384878  0.15268862205544173
  0.16145802298108147  0.17000641300993613  0.17839714467854142  0.18667142901460454
  0.19484546254573848  0.20298201073321578  0.21128832581422244  0.21979309891058932
  0.22835978160947673  0.23678162145407969  0.24502844800115398  0.25319095911350625
  0.26124385657475385  0.26941354999226791  0.27763308469712400  0.28577737766046979
  0.29413725957489029  0.30264963366764469  0.31139540478457522  0.32048464780470598
  0.32965409263715806  0.33906085454099633  0.34860563873486239  0.35819242738721740
  0.36784091417098919  0.37759777499546004  0.38752657856759226  0.39760713770144290
  0.40774419311807875  0.41766470030332326  0.42755584668701874  0.43754168200798610
  0.44745936327849029  0.45689452959828980  0.46582455178975501  0.47477864983524964
  0.48393730394808798  0.49341082591699564  0.50257151336317962  0.50930543754660873
  0.51648199735441380  0.52360545984294338  0.53063433297205209  0.53760441997947161
  0.54477814384564094  0.55232441376087871  0.55971096109734297  0.56710846750539057
  0.57526239823135950  0.58312506525590435  0.59117315723236608  0.60031547265713969
  0.61004162122377503  0.61985565873972237  0.62950690967379130  0.63923215476658179
  0.64856054046851008  0.65744904579431707  0.66610734726602139  0.67429519980327124
  0.68221896749325217  0.69011239793654822  0.69785228283426060  0.70548912777195860
  0.71340799500776597  0.72142693671179181  0.72940578948552670  0.73757621246887028
  0.74576183851021494  0.75385746550146970  0.76200725367367583  0.77030528170579959
  0.77864867520155112  0.78686798175674477  0.79519754774901774  0.80357083355079661
  0.81200435741516419  0.82059536726761051  0.82938842910934096  0.83850913451516884
  0.84806386964927583  0.85803413012265262  0.86854639367061748  0.88000194093839534
  0.89321378684691632  0.90999592983568789  0.93607969553832338  1.00000000000000000
   2.9687460122688663       -1.0000000000000000     
 F F F T F T T F F T T F T F F F F F F F F F F F F F F F F F F F
  <DiscreteSampler_grid>
  grouped_processes
  1 # 1 for a reference and 2 for a running grid.
  10 # Attribute 'min_bin_probing_points' of the grid.
  1 # Attribute 'grid_mode' of the grid. 1=='default',2=='initialization'
  0.0000000000000000 # Attribute 'small_contrib_threshold' of the grid.
  0.5000000000000000 # Attribute 'damping_power' of the grid.
 # binID   n_entries weight   weight_sqr   abs_weight
    10   10   3.168473040054750E+010   3.704455821562793E+021   3.168473040054750E+010
    16   10   3.168473040054749E+010   3.704455821562792E+021   3.168473040054749E+010
  </DiscreteSampler_grid>
