 -0.00009921512769932  0.00996508525535872  0.01374177870715150  0.01790265375813282
  0.02308557005597677  0.02814074747547535  0.03329744236779066  0.03865932422690163
  0.04412231127971067  0.04953181159090079  0.05498802896373896  0.06081592437703887
  0.06690105860222606  0.07300147444215377  0.07932695707962824  0.08577910161307081
  0.09235449024277056  0.09905793693733228  0.10604146674144169  0.11333992792324150
  0.12066206892689617  0.12819916872098680  0.13588144459956925  0.14350253866557250
  0.15122250833151568  0.15921239040360083  0.16735654618159621  0.17563098076427491
  0.18452156601282294  0.19342908426811528  0.20230121617592323  0.21135296082358584
  0.22080811817316792  0.23031652967852917  0.23960989815322051  0.24915443616520208
  0.25901485072612995  0.26910440973572169  0.27934343362659919  0.28972115864077280
  0.30063167971563542  0.31185552676511769  0.32304926461499694  0.33413944773273002
  0.34529768811118133  0.35679378547554413  0.36880672317261154  0.38098803667969450
  0.39313794453652501  0.40519985785465723  0.41757877477396377  0.43048913072814926
  0.44370884087992229  0.45695895296571687  0.47008984001187881  0.48304311690253621
  0.49592801287639426  0.50917137349140751  0.52254266880635702  0.53595261642987679
  0.54942829696511675  0.56299949085196033  0.57635439748418893  0.58991853246256798
  0.60365529443137134  0.61750087889628380  0.63129781558263065  0.64487574449134299
  0.65826529127198108  0.67155995053061823  0.68471388614508644  0.69772612659284827
  0.71082724711701495  0.72407168048032522  0.73717188299651293  0.75025714128470555
  0.76335104062276304  0.77634989860702863  0.78912401825457879  0.80164132341709948
  0.81404048577238741  0.82614909033027129  0.83831592151668066  0.85084120137775510
  0.86334038671548985  0.87560114570605840  0.88782202313916525  0.89986520071936227
  0.91216964991036475  0.92455606350362740  0.93680237002637601  0.94868158698549065
  0.95982932898570983  0.97273907710883223  0.98627272178863512  1.00000000000000000
 -0.00239405173995062  0.00970176192000905  0.02015372089545091  0.03050908447274286
  0.04109371623822489  0.05169336251666222  0.06235322721038966  0.07305544576975974
  0.08389517209190568  0.09468060235005203  0.10554297313959264  0.11582881193327721
  0.12628093740022014  0.13671534918770833  0.14699962795286442  0.15754393913458098
  0.16809982639533841  0.17909128548567790  0.18987705406032851  0.20011453321289652
  0.21054517837195977  0.22092299976318544  0.23159081920596267  0.24242346590238245
  0.25327165202526042  0.26382959691848551  0.27419752596457420  0.28439174264312495
  0.29453158319347761  0.30467882882220865  0.31493579671852007  0.32553973314764767
  0.33607390043826169  0.34659772415303641  0.35704292106811164  0.36761806797941254
  0.37828447342904270  0.38846685970658384  0.39891763407193725  0.40966960530761631
  0.42048941293955988  0.43108030029005989  0.44145480059927555  0.45177737609742574
  0.46216506917189104  0.47265525805697417  0.48317153028638932  0.49377176906432035
  0.50457478340137385  0.51536762533934832  0.52613934032133924  0.53677544243366659
  0.54741884111729777  0.55806513547589343  0.56838589956028496  0.57859417979437966
  0.58897535056627437  0.59950326193910575  0.60988282341680877  0.62021610233032387
  0.63070046422112924  0.64160133936605235  0.65249009661218127  0.66325206254529567
  0.67388120154724107  0.68459613188872603  0.69558312166590364  0.70674062611624222
  0.71751199233276708  0.72804194965051217  0.73860693414932710  0.74922055655678566
  0.75958058263542616  0.76968239812923878  0.77962394238530763  0.78976254439326321
  0.79998481042081016  0.81027634910336122  0.82053356894196527  0.83074509185283674
  0.84091998099650767  0.85113119688415073  0.86151398091638265  0.87195454403022765
  0.88240216465592725  0.89289916241620615  0.90335736670539135  0.91411405419347669
  0.92490112600523355  0.93589735452709255  0.94666492711700068  0.95747115643813052
  0.96793999076223047  0.97873112935327589  0.98926885999667546  1.00000000000000000
  0.00278262772954360  0.00875391639321184  0.01704033127261550  0.02530281778668458
  0.03344688218146891  0.04154787699244543  0.04963347195137795  0.05786481918139762
  0.06600250492514691  0.07412985956977311  0.08224638594399322  0.09031675086594962
  0.09833267067538040  0.10628986215202145  0.11409728246769575  0.12189580802655016
  0.12971045468604359  0.13759465451445418  0.14549496433098930  0.15347811134646183
  0.16156918187903135  0.16986109577094100  0.17839944662334162  0.18686522486191401
  0.19530490180708590  0.20374246187687151  0.21223413852118406  0.22081973859332946
  0.22936745878879253  0.23786740516437929  0.24640746221238274  0.25507442572690764
  0.26376199388169735  0.27245868449748051  0.28127433361283094  0.29024425544082622
  0.29938865901860090  0.30865188057530624  0.31786272127184190  0.32704664187492222
  0.33621236209197536  0.34537879680922817  0.35458601010786661  0.36369321317558301
  0.37304484361204859  0.38190430242225809  0.39075893383528926  0.39971329603320821
  0.40888498411255225  0.41810420997389658  0.42730782573468901  0.43655309754610855
  0.44598904175710163  0.45523912503912822  0.46446321654060851  0.47370488735046618
  0.48325190476877128  0.49289010242676135  0.50251539802073764  0.51211414315855097
  0.52177162069186356  0.53134839730766037  0.54070055254537142  0.55008069984475805
  0.55941715167132211  0.56955581010075784  0.57989553388026793  0.59054706801609502
  0.60118201950479788  0.61149101641511872  0.62197595401132899  0.63264913316347937
  0.64362561969885346  0.65481316320134031  0.66599994593778822  0.67785288631912699
  0.68974501005561817  0.70179918198343461  0.71413338903936152  0.72671221027457911
  0.73918478145176059  0.75200194166603906  0.76493820324787087  0.77790745414963991
  0.79117096603368398  0.80466309880488984  0.81866516024906499  0.83312344774021962
  0.84813825477096338  0.86378354685202863  0.88020282888126000  0.89760160262821054
  0.91643704406153370  0.93769336013233751  0.96453880427843575  1.00000000000000000
  0.00205884436041873  0.09414742874051066  0.14671234387507687  0.17808868976583053
  0.20285964605007503  0.22378061684351871  0.24177626421308862  0.25828103342463066
  0.27368713227028502  0.28787561968982911  0.30123202146147610  0.31405823955260270
  0.32654334979171745  0.33854700503981167  0.35010683832168799  0.36137554200349026
  0.37252250489399846  0.38359570267459869  0.39468333443299597  0.40581347890166647
  0.41672692081637847  0.42721097348225950  0.43729726953823822  0.44715845429027873
  0.45686369970993562  0.46662938825893430  0.47631203555447804  0.48626824974238181
  0.49629165670653430  0.50589060352350168  0.51534993745355206  0.52455843257114987
  0.53368929749157157  0.54250863951419648  0.55097043797869349  0.55919679483931262
  0.56741379792895319  0.57559542054949320  0.58360180777141024  0.59152212323191589
  0.59939686724032593  0.60730436379507735  0.61512915424818182  0.62283951445352237
  0.63038423633897445  0.63778576785328234  0.64509659303858680  0.65236261241680638
  0.65953162222990569  0.66656630829059205  0.67350894382170245  0.68045147737269496
  0.68736050966251283  0.69407363153811508  0.70062486918306566  0.70709759632679936
  0.71347873320912703  0.71968928246531128  0.72594132400444300  0.73201424847523466
  0.73812630237512500  0.74410287787552298  0.75001349951134255  0.75589382743922839
  0.76172361795771193  0.76755233446711513  0.77326519656663106  0.77879772074640352
  0.78429981078362554  0.78974183600322334  0.79513762599641935  0.80050134844308496
  0.80579065991585797  0.81104326093361412  0.81619224578851346  0.82135322973800240
  0.82659754052294321  0.83191850766017428  0.83732121946835258  0.84281442208239576
  0.84819816708105100  0.85363394861426767  0.85919726959102205  0.86484963351261646
  0.87056939373256048  0.87637192215664483  0.88227522728998831  0.88834644373818739
  0.89469437621356784  0.90138135878429060  0.90846397087973729  0.91620139384822219
  0.92524496768482811  0.93708201271235669  0.95596539250198032  1.00000000000000000
  0.34782185349029721       -1.0000000000000000     
 T F F T F F T F F T F F T F F T F F F F F F F F F F F F F F F F
  <DiscreteSampler_grid>
  grouped_processes
  1 # 1 for a reference and 2 for a running grid.
  10 # Attribute 'min_bin_probing_points' of the grid.
  1 # Attribute 'grid_mode' of the grid. 1=='default',2=='initialization'
  0.0000000000000000 # Attribute 'small_contrib_threshold' of the grid.
  0.5000000000000000 # Attribute 'damping_power' of the grid.
 # binID   n_entries weight   weight_sqr   abs_weight
    10   10   3.445220645559310E+008   1.250926642465592E+017   3.445220645559310E+008
  </DiscreteSampler_grid>
