 -0.00254122694663646  0.02034847521865585  0.02556691029566889  0.03074419779822364
  0.03617623876373439  0.04202138690143323  0.04802637984280118  0.05395746942292445
  0.06002599594630154  0.06652556307608522  0.07310312582812400  0.07974881047543340
  0.08644831464294164  0.09340780009646310  0.10053346679430060  0.10775869518059324
  0.11503079862890996  0.12242962659092300  0.13015951260625436  0.13808861179286180
  0.14627054943534326  0.15476654727584382  0.16326678808972311  0.17174030475511673
  0.18033311436389701  0.18923170190721686  0.19813712031309544  0.20700105671996780
  0.21627517564229889  0.22569301831598929  0.23522157750831824  0.24491935946754936
  0.25497574892389913  0.26533193719894727  0.27566321209941952  0.28607147734607791
  0.29672452452621384  0.30773109291641010  0.31888963320806568  0.33015404728687697
  0.34153708331779981  0.35314569551063235  0.36516072530680405  0.37728767428610721
  0.38937798884460695  0.40152062872204813  0.41366041740615750  0.42601808578951783
  0.43868885444811234  0.45130574331273549  0.46397639225364501  0.47672924719135679
  0.48946406521306152  0.50229679744135880  0.51547172649061024  0.52864621228214970
  0.54180619006043862  0.55492882892586015  0.56801521346764916  0.58099249448725276
  0.59393610099526062  0.60693499291102082  0.61985345129079106  0.63263288140778451
  0.64528680583992781  0.65787332198806470  0.67040937925447974  0.68275182056960459
  0.69489928163519377  0.70704215191533637  0.71929164912975541  0.73154026522178817
  0.74363974155580681  0.75572069516383467  0.76775126229356117  0.77961635797031814
  0.79128257360738974  0.80270292874386162  0.81394961518232600  0.82506198278385090
  0.83605513183211422  0.84737129606218053  0.85850402171997608  0.86953315224415584
  0.88061089295754003  0.89174599274493893  0.90281249919499584  0.91372351108521954
  0.92452658118408848  0.93524698033905163  0.94602179494935190  0.95649311842887597
  0.96700022866937085  0.97772376938569372  0.98868047866819453  1.00000000000000000
 -0.00234627781216222  0.00940689053640951  0.01968522185715796  0.03027318941596335
  0.04084900084004490  0.05176860476930487  0.06257016054975628  0.07324358263039965
  0.08409462657024518  0.09494835000077126  0.10567331458313262  0.11620561394020815
  0.12677374840991371  0.13742916044140829  0.14798097563419263  0.15849067153186250
  0.16905902387311825  0.17985682668421485  0.19048510020424408  0.20094632270167481
  0.21120723391714580  0.22145207086944352  0.23185356637717638  0.24219784254564114
  0.25275072949667265  0.26331298464307240  0.27407215848428851  0.28481478232106955
  0.29570658435295233  0.30662348790976923  0.31749556530283685  0.32829744019541940
  0.33909043853951476  0.34990729343028615  0.36062643120764232  0.37128224334439608
  0.38188999370734078  0.39253742038937356  0.40319791734367427  0.41391592453449705
  0.42451636390276581  0.43503738940275716  0.44551773766749986  0.45604659048593166
  0.46658288131429898  0.47709929278680857  0.48761133024222847  0.49812282954073422
  0.50865328342025784  0.51916632883610070  0.52958602690752532  0.53998173186229326
  0.55043607953401297  0.56098088855621153  0.57146839912514191  0.58190647984748445
  0.59235729894436506  0.60294366334496607  0.61347869215148398  0.62396180427491788
  0.63413095860983715  0.64430494598285371  0.65440890159549070  0.66453466589219978
  0.67465504180789060  0.68436715976212337  0.69465307127579234  0.70490812516129298
  0.71574317098990536  0.72647732998264236  0.73691178456409856  0.74732782643555029
  0.75778173452612874  0.76838417721310370  0.77878308371647564  0.78917980165592494
  0.79998485589672386  0.81078474812743995  0.82155478408132765  0.83215909619815565
  0.84303211407614931  0.85371891932991739  0.86436729884635477  0.87494667093350176
  0.88552767554510636  0.89598350140973138  0.90618620604883682  0.91665517489728388
  0.92719503538239412  0.93781931246086481  0.94813611320840618  0.95844599784125550
  0.96887813495682795  0.97927069179560744  0.98965972404195457  1.00000000000000000
  0.00516354863055071  0.01151705276278749  0.01928060196605522  0.02730224139344073
  0.03541909317595604  0.04340889614819513  0.05157699319353007  0.05981321142019230
  0.06801604535197578  0.07626764316811921  0.08449442275016877  0.09254837321006831
  0.10053132442355295  0.10845487276544664  0.11638360478052009  0.12437838262795288
  0.13244769451404070  0.14049864028978137  0.14853843478443737  0.15659384267264961
  0.16472797456267663  0.17300239998941827  0.18134645585776507  0.18973843333726625
  0.19818296258495555  0.20667829755028602  0.21522636185508362  0.22381447832124049
  0.23241890288246822  0.24105952985109994  0.24975673701063128  0.25851840128473386
  0.26740476329923130  0.27625635590483039  0.28487092627810706  0.29349164856374144
  0.30201702871127417  0.31064776541676098  0.31932538442848335  0.32799514438484445
  0.33665507376812670  0.34537138507803455  0.35411242878631727  0.36287287069425511
  0.37161059607336644  0.38032250710728627  0.38904312947757752  0.39787259509081047
  0.40685733511940453  0.41593135080383214  0.42506278068837511  0.43430757509066870
  0.44370128013974663  0.45322251927005641  0.46267695647254398  0.47212430464337102
  0.48174368506114684  0.49140269649435953  0.50111879720007524  0.51073031452592521
  0.52026804862955534  0.52971379301855104  0.53924596424767157  0.54907001023590341
  0.55911863268921946  0.56926408871482925  0.57950867983158216  0.58993815845971054
  0.60047372472248417  0.61101492913956790  0.62163467523687810  0.63237881478376357
  0.64317782347452834  0.65394788411595128  0.66491971408798223  0.67621687158831789
  0.68780894316976626  0.69956369466403578  0.71148785709528095  0.72357787440732269
  0.73581486739545632  0.74818789935424257  0.76081965644409533  0.77376583647216823
  0.78725244574521480  0.80106361703303997  0.81525097199089669  0.82979211083102788
  0.84486458957877075  0.86040885169315584  0.87684006358557343  0.89458426479242459
  0.91388547253698449  0.93522937069176715  0.96213671854540039  1.00000000000000000
 -0.01855447499222723  0.11420588265885318  0.16802090484887697  0.19850703952698726
  0.22167618654874144  0.24133178262232133  0.25905324732287693  0.27529687119785895
  0.29039931653727169  0.30457023641289355  0.31803612204208886  0.33090478885595015
  0.34327560767986559  0.35526369606462854  0.36689215900762667  0.37825295639396916
  0.38935141292119557  0.40024529208421356  0.41082151932777639  0.42130100687235761
  0.43162740134707694  0.44178749561335284  0.45173006480353062  0.46154491133557274
  0.47134775267047702  0.48106595053482071  0.49067018152908770  0.50008373501577230
  0.50930982809891800  0.51843854397054334  0.52738321692373691  0.53619556641933086
  0.54490874708852910  0.55352706817118247  0.56213320152611779  0.57062910625809948
  0.57904400217326124  0.58735596911091503  0.59555332026307872  0.60366501424990759
  0.61155630026866203  0.61930725898615113  0.62690457600859328  0.63435594620332447
  0.64175291654134226  0.64898681012140202  0.65614842078423175  0.66325625421286083
  0.67036603542840734  0.67745561513327268  0.68437924529016136  0.69107530701410136
  0.69759304456673854  0.70402911954941738  0.71039187863191589  0.71660287673691259
  0.72270410423576414  0.72871440539219823  0.73448193980245136  0.74013330181508075
  0.74571201418813693  0.75119679277293638  0.75660176441127536  0.76193692375064193
  0.76726039992785522  0.77256248974629183  0.77782737469349095  0.78301295969838902
  0.78814529033600500  0.79329113535764628  0.79845460654830935  0.80355891916057576
  0.80857198577936340  0.81351142299391288  0.81843468097750416  0.82340410144220211
  0.82844574604071675  0.83352715871023786  0.83857837844080152  0.84356258170143472
  0.84851905137707839  0.85349456395422951  0.85851531440577222  0.86365008895004347
  0.86886608598694548  0.87420537379179697  0.87979614031930498  0.88554470545713271
  0.89144365326987196  0.89780314325796373  0.90470854707969817  0.91240630126699562
  0.92156156501761122  0.93364126875156495  0.95336359711481033  1.00000000000000000
   7.1049672607005940E-002  -1.0000000000000000     
 T F F T F F F F F F F F T F F T F F F F F F F F F F F F F F F F
  <DiscreteSampler_grid>
  grouped_processes
  1 # 1 for a reference and 2 for a running grid.
  10 # Attribute 'min_bin_probing_points' of the grid.
  1 # Attribute 'grid_mode' of the grid. 1=='default',2=='initialization'
  0.0000000000000000 # Attribute 'small_contrib_threshold' of the grid.
  0.5000000000000000 # Attribute 'damping_power' of the grid.
 # binID   n_entries weight   weight_sqr   abs_weight
    10   10   3.389706002601711E+008   1.189950936180830E+017   3.389706002601711E+008
  </DiscreteSampler_grid>
