  0.00000237260320542  0.00000238664997036  0.00000240228868439  0.00000241904564229
  0.00000243605936484  0.00000245306405621  0.00000246989509225  0.00000248873574435
  0.00000251271820066  0.00000254162879953  0.00000257107827446  0.00000260173263688
  0.00000263330098322  0.00000266562810876  0.00000269875643570  0.00000273311382797
  0.00000277395073717  0.00000281592155494  0.00000285918601083  0.00000290384780238
  0.00000294998949091  0.00000299860986002  0.00000304878520762  0.00000309991623846
  0.00000315330621069  0.00000321245912411  0.00000327966804020  0.00000335165807078
  0.00000342472818474  0.00000349853135976  0.00000357438032135  0.00000365565048425
  0.00000374101063949  0.00000383945966374  0.00000394745822407  0.00000405724568697
  0.00000417022928204  0.00000428778741948  0.00000442219544930  0.00000456691269046
  0.00000471261884031  0.00000486141427620  0.00000501485865810  0.00000519277031148
  0.00000538115610777  0.00000557450477005  0.00000577956483534  0.00000600161612981
  0.00000624461086772  0.00000649301562944  0.00000676096715790  0.00000705609195939
  0.00000736746103410  0.00000769778385865  0.00000805076001693  0.00000845589681962
  0.00000887613170496  0.00000934317353244  0.00000984906794297  0.00001038810543631
  0.00001097409689585  0.00001161044774155  0.00001228547087135  0.00001301840833452
  0.00001382870117447  0.00001470316575807  0.00001573487417533  0.00001682884591256
  0.00001806956790286  0.00001939496301792  0.00002086379701202  0.00002247439093188
  0.00002434258874674  0.00002655823157064  0.00002914945547282  0.00003208730793305
  0.00003535949378869  0.00003908612526167  0.00004352381031859  0.00004867291884014
  0.00005480224924769  0.00006238669738841  0.00007113360920765  0.00008230276308869
  0.00009625414600843  0.00011519064951715  0.00014083626079001  0.00017373454275486
  0.00021729778954893  0.00027834878197358  0.00037414008016128  0.00054047712233032
  0.00086518061184848  0.00148767023346246  0.03284294548147724  1.00000000000000000
 -0.00245558852610050  0.00968790070044300  0.01931325958349129  0.02973429900468070
  0.04000371432082284  0.05006942394574428  0.06014103843904314  0.07080938363665569
  0.08159584802784278  0.09182110443096217  0.10138145965193449  0.11138376440790675
  0.12133487788251766  0.13136190340805515  0.14165663127954783  0.15237068384994648
  0.16361010528525416  0.17452101692844868  0.18518296473641191  0.19552597770901378
  0.20599340967421706  0.21565865283560579  0.22579277180635887  0.23572795311362027
  0.24597452883409401  0.25616549615770418  0.26633777864416414  0.27645738730162672
  0.28697326375444421  0.29790328721583909  0.31022983397040066  0.32206105292805293
  0.33346584452921707  0.34442966540592451  0.35576278190034571  0.36701519832961454
  0.37806887132500600  0.38893910299217865  0.40021011281773039  0.41124818062662416
  0.42219338227434489  0.43281908681675924  0.44365532749033459  0.45375538892877576
  0.46381098329938852  0.47390360209318522  0.48440242262548699  0.49510563403852575
  0.50584621997823920  0.51652628540510903  0.52748950312580012  0.53844848324047501
  0.54983580040143798  0.56124828020715734  0.57224467965873738  0.58310450705656081
  0.59334777642183489  0.60362525596753025  0.61394728916601460  0.62436249048375991
  0.63459332260139778  0.64452952434084376  0.65439430662237585  0.66398883317097201
  0.67433610740322814  0.68480156977800377  0.69596544182418940  0.70706112284630918
  0.71834789814379596  0.72906146752584389  0.73916530383113122  0.74906182216807859
  0.75920973201228292  0.76940247596659295  0.77955307712825128  0.78980627397344705
  0.80024757014033177  0.81078981915328741  0.82089159382480914  0.83077548990226158
  0.84072932399181688  0.85088616765940916  0.86116896883584793  0.87123088865726472
  0.88126202906656792  0.89138014964434886  0.90154984505299118  0.91212583076272280
  0.92351177595640599  0.93496331384312792  0.94569308614296677  0.95641839263017736
  0.96701326587687575  0.97793257096895725  0.98873427723700436  1.00000000000000000
  0.00023496026598226  0.02060914637451491  0.04065203145094043  0.05987904342390295
  0.07893810341298670  0.09801263147866172  0.11683872784466875  0.13536661256682639
  0.15390905197669913  0.17270098536931200  0.19098568306586367  0.20873124351698352
  0.22586181693970234  0.24268647659249551  0.25946344495788476  0.27612757052552184
  0.29275126720230105  0.30926851149164597  0.32582850170334843  0.34227086384122557
  0.35834778189472621  0.37406495649314842  0.38969628026416381  0.40512803731099462
  0.42019947433599258  0.43484430567151378  0.44895624205860046  0.46283825569546572
  0.47670074867847856  0.49055375419339914  0.50437375758174785  0.51812619856972264
  0.53166081515455044  0.54494902861766514  0.55792831449035585  0.57046567327747844
  0.58286911494410321  0.59541500366139977  0.60778217061414341  0.61974129409015166
  0.63137288998549301  0.64269366101478020  0.65374693744802559  0.66479717920111137
  0.67591198516569062  0.68676455187543461  0.69741247408334417  0.70780235186073215
  0.71793203980853926  0.72795204417505688  0.73786871394345233  0.74778449728511587
  0.75752242418951798  0.76726230338524437  0.77678009755728206  0.78612054047044222
  0.79509668177919435  0.80388602872576220  0.81253659523385480  0.82095053542110685
  0.82917395425247975  0.83701862300805208  0.84457053851214170  0.85195963664580154
  0.85915294960637889  0.86622407752650898  0.87325014733311201  0.88020187757447665
  0.88710562384341418  0.89389072298956762  0.90034306838139166  0.90644430494010286
  0.91232984043435206  0.91804015470116851  0.92367692244385269  0.92932157940898008
  0.93499476407284765  0.94003620810857236  0.94479960281844011  0.94934425188837324
  0.95377608881539455  0.95808678557542559  0.96214621115852406  0.96602873765977337
  0.96987041213090031  0.97348846737548511  0.97686113576097111  0.98000116035616958
  0.98292325512171974  0.98572210427708873  0.98845645134988136  0.99111202918480534
  0.99360656377819545  0.99583541178496826  0.99795789171891214  1.00000000000000000
 -0.01278831878284682  0.10790073611242501  0.16106612687424487  0.19169604182860864
  0.21583610327925659  0.23663213573899081  0.25534343829918982  0.27192761607152671
  0.28764164185558316  0.30215484884414406  0.31601824056273026  0.32974704649009789
  0.34295870760159913  0.35536263438453497  0.36706693669926593  0.37834883901477306
  0.38940244953796205  0.40016155505533846  0.41068505142602285  0.42071350725829570
  0.42994598433654257  0.43893612391026821  0.44763117541141045  0.45632346789217809
  0.46498157706148596  0.47340476996899117  0.48163513865442920  0.48975563496464536
  0.49751422195668860  0.50531509485558523  0.51317783825648866  0.52111254602806756
  0.52912106419282001  0.53721257630359176  0.54539840189214628  0.55359834324135260
  0.56170577286675383  0.56983363215476179  0.57777084830621239  0.58527168152523512
  0.59241227880968039  0.59942926079379089  0.60666442922889863  0.61411564013193154
  0.62149121595013179  0.62868128265313394  0.63551091387010905  0.64230283715504621
  0.64909179778044668  0.65590554896718078  0.66272584580911664  0.66931012127138567
  0.67553564364264340  0.68162932469234505  0.68749409915578330  0.69316034016860795
  0.69879912985429671  0.70453662263410688  0.71042390501636277  0.71638136986543144
  0.72222076483996689  0.72785373740995274  0.73352667757191947  0.73915924304776781
  0.74482615829693299  0.75048173292872000  0.75609375759823028  0.76168415193723049
  0.76719448800428425  0.77246705027087958  0.77745680629220293  0.78225613324123444
  0.78695702252899102  0.79166199843228591  0.79655325824633760  0.80161718094320134
  0.80680333451622299  0.81207353965996487  0.81732539863827991  0.82248157754901219
  0.82759410151232771  0.83278382610850632  0.83813337091540141  0.84385999218130658
  0.84976067312267767  0.85589001490786198  0.86232749422423949  0.86898195975103598
  0.87599321237905847  0.88360712051427215  0.89197994654568602  0.90161326856660340
  0.91326758912789507  0.92825032580370048  0.95162076907165338  1.00000000000000000
   4.4779073992455709       -1.0000000000000000     
 T F F T F F T F F T F F T F F T F F F F F F F F F F F F F F F F
  <DiscreteSampler_grid>
  grouped_processes
  1 # 1 for a reference and 2 for a running grid.
  10 # Attribute 'min_bin_probing_points' of the grid.
  1 # Attribute 'grid_mode' of the grid. 1=='default',2=='initialization'
  0.0000000000000000 # Attribute 'small_contrib_threshold' of the grid.
  0.5000000000000000 # Attribute 'damping_power' of the grid.
 # binID   n_entries weight   weight_sqr   abs_weight
    10   10   1.198583344187043E+010   5.176046243022474E+020   1.198583344187043E+010
  </DiscreteSampler_grid>
