  0.00000236850118693  0.00000237460149734  0.00000238430886398  0.00000240008583615
  0.00000241794120606  0.00000243644756319  0.00000245527554426  0.00000247433294469
  0.00000249318786732  0.00000251757705465  0.00000254415025016  0.00000257182901068
  0.00000260186045410  0.00000263272226797  0.00000266481530025  0.00000269866591772
  0.00000273463472166  0.00000277272416092  0.00000281799551338  0.00000286426856740
  0.00000291066138975  0.00000295755548379  0.00000300571146608  0.00000305558615136
  0.00000310689631528  0.00000315948789131  0.00000321609842352  0.00000328259348868
  0.00000335633125613  0.00000343131332433  0.00000350952785551  0.00000359231381866
  0.00000368020925368  0.00000377454181590  0.00000388363158400  0.00000399540503429
  0.00000410718004090  0.00000422159263396  0.00000433569676427  0.00000447780821571
  0.00000462663117631  0.00000478153701929  0.00000494593198759  0.00000512082313304
  0.00000532484450628  0.00000553043040703  0.00000574838527819  0.00000598528643235
  0.00000624383585705  0.00000651930576107  0.00000679776126751  0.00000712659433087
  0.00000746491152246  0.00000783189099805  0.00000823440782967  0.00000866475654188
  0.00000912322754720  0.00000962668859111  0.00001017614593943  0.00001076198476840
  0.00001143536497420  0.00001213953740207  0.00001292756565421  0.00001378398202908
  0.00001473170347565  0.00001578507213455  0.00001692756430391  0.00001816359593437
  0.00001953390262670  0.00002107160861558  0.00002279430282948  0.00002472813000867
  0.00002695357795055  0.00002964727169205  0.00003286185040249  0.00003668789381846
  0.00004106217637068  0.00004597798541660  0.00005160989086256  0.00005854600502746
  0.00006701702868315  0.00007713580026204  0.00008947928824748  0.00010484772316915
  0.00012522089556682  0.00015097064519003  0.00018602640656139  0.00023267963981297
  0.00030417103007611  0.00040131584958012  0.00056223639190686  0.00089132328523709
  0.00144424477527737  0.00278568471003352  0.00687857573277320  1.00000000000000000
 -0.00289276302228968  0.01029499507990612  0.02152150294482672  0.03278148998628772
  0.04396692857288990  0.05521477170935456  0.06627688162697903  0.07724113402421837
  0.08846438035932216  0.09984233499692634  0.11113968497645260  0.12225164476644658
  0.13333929130800068  0.14429403980738320  0.15515599980524011  0.16588613668510865
  0.17661775947939548  0.18745154654323731  0.19855889230485524  0.20941123631747441
  0.22001493984980172  0.23050215186435580  0.24149112250644428  0.25214880175039994
  0.26220497924244457  0.27202705548808176  0.28228891854781102  0.29268105556599117
  0.30314955893371076  0.31390292693762128  0.32538396481952303  0.33684835252861089
  0.34773693509402581  0.35797413923873078  0.36795864955331575  0.37816695322992633
  0.38875487625802269  0.39937712505048623  0.40978782946428627  0.42028454081029609
  0.43082917678123922  0.44129655347979035  0.45182661282644415  0.46242415131492964
  0.47281345976561989  0.48315923374380471  0.49352446343860878  0.50394743499087680
  0.51384289959985707  0.52368827696196352  0.53383471490717460  0.54395430974896053
  0.55388192759700516  0.56361761826704193  0.57334697207299901  0.58276376519329887
  0.59162006702861558  0.60010759008485048  0.60873788085482483  0.61769370930294087
  0.62749894314874766  0.63741252720584685  0.64767682797902948  0.65816260111653635
  0.66882240818797434  0.67945596235549355  0.68996680307206593  0.70051531063467032
  0.71130323443023113  0.72213454737001215  0.73304989740990101  0.74404688013297726
  0.75504410300658087  0.76589154769648782  0.77667933935076083  0.78751209414401380
  0.79836360277325991  0.80915442619715394  0.81984031195429874  0.83058267977302414
  0.84159857914831560  0.85248192313434779  0.86314546475652176  0.87364951247237022
  0.88420891095140175  0.89473448352288576  0.90487170043094267  0.91503215285236128
  0.92514637881334716  0.93513778641356649  0.94533330008180871  0.95559503949749902
  0.96653686192904409  0.97752570401991767  0.98877429390166294  1.00000000000000000
 -0.00233822677524153  0.02449692246130734  0.04890073421809445  0.07309362393040221
  0.09681767738114630  0.11999934701710505  0.14269783169480793  0.16497164903538192
  0.18693023467878422  0.20855660977480361  0.22954734602883500  0.24999312363436221
  0.27009439047856970  0.28969846938317911  0.30892929324554186  0.32765071622703146
  0.34618304214660311  0.36448057529772487  0.38241118225877035  0.39994100394752485
  0.41717427998788215  0.43401822413008090  0.45044869744923588  0.46671917702683374
  0.48276993847892685  0.49833283252359517  0.51336016695946152  0.52793822596458428
  0.54225188803915514  0.55636726148671212  0.57019348372929046  0.58381711715252149
  0.59724005301558403  0.61048836455219635  0.62349755305482857  0.63621777080186481
  0.64855528899690995  0.66050656872803315  0.67225148911025101  0.68379723714399743
  0.69510450652420175  0.70616639414445392  0.71702562777260348  0.72774722701055217
  0.73813315380264144  0.74818740146823626  0.75800955836372785  0.76769531513103217
  0.77724650219794233  0.78650884741744076  0.79559935009930816  0.80452593300655129
  0.81339359092895258  0.82201316122547130  0.83034657454619110  0.83832251625678456
  0.84597892385853024  0.85359318736688872  0.86094826357005227  0.86823671686332871
  0.87523164328926994  0.88192060828600205  0.88840889179029869  0.89472707356427927
  0.90078579866688924  0.90668605373109301  0.91247019541014185  0.91805273239333485
  0.92342881812615196  0.92870408208897803  0.93385665410647190  0.93872893508411059
  0.94322815892801637  0.94758380170001133  0.95190260605361687  0.95598911664667896
  0.95976568625773340  0.96321930562722746  0.96642995662470432  0.96955972891923636
  0.97256508665778607  0.97540475282098560  0.97814862644924438  0.98065135363859468
  0.98298233466447316  0.98525008749677878  0.98743603412794134  0.98942007865021808
  0.99127531157164051  0.99295512338105363  0.99441726121220930  0.99574246423279067
  0.99693232958298050  0.99799418310452848  0.99900329425818735  1.00000000000000000
 -0.01111487316177171  0.06283058595687650  0.08931750066770432  0.10659352500557370
  0.12026778178189870  0.13207653028683231  0.14285713083806512  0.15270190746299031
  0.16196326227786254  0.17065459948911846  0.17894560823255592  0.18703221182013846
  0.19502945845814537  0.20304345957432560  0.21104455707174039  0.21894691618332118
  0.22677485324858121  0.23452042805182322  0.24215391625271765  0.24982029850976983
  0.25746000987439505  0.26509854524611520  0.27294850816004423  0.28111850977448144
  0.28936331049530711  0.29775079495648893  0.30622049867907580  0.31458233275859199
  0.32318498014632985  0.33201174345213946  0.34062492144986467  0.34926147532802748
  0.35750733442704302  0.36563333310885315  0.37371289307151101  0.38210724941647362
  0.39094164506000773  0.40016898233928366  0.40994709250582673  0.41978251917467335
  0.42965439174351766  0.43932413690315153  0.44863083383574892  0.45828908678391506
  0.46766138721274808  0.47736466956378382  0.48648911726503780  0.49582965068767776
  0.50522086276125910  0.51485777998070426  0.52414049722981670  0.53329399672555922
  0.54246647169880269  0.55205489750183689  0.56200571257162035  0.57164681869085776
  0.58110892367312927  0.59038507590244116  0.59943342607184547  0.60849634833099608
  0.61727616118538731  0.62574860577682301  0.63410154701686439  0.64258650240208459
  0.65104972425038588  0.65957730319459751  0.66803232538090462  0.67637583239996124
  0.68452135409782100  0.69260910629293582  0.70078263620107817  0.70894091382756463
  0.71704188807567093  0.72508429721452161  0.73315317206352015  0.74128721304287726
  0.74935675409899072  0.75735541507613069  0.76531931882183069  0.77321188456207046
  0.78108671267395502  0.78895086149737970  0.79692050732920006  0.80504263063332848
  0.81317405664118936  0.82129588542416698  0.82954969317737048  0.83816814459825295
  0.84735774663184582  0.85691218583626649  0.86742683765053763  0.87886976827998864
  0.89264739896290068  0.90997242490861152  0.93754733798478529  1.00000000000000000
   2.9387118576592997       -1.0000000000000000     
 F F F T F T T F F T T F T F F F F F F F F F F F F F F F F F F F
  <DiscreteSampler_grid>
  grouped_processes
  1 # 1 for a reference and 2 for a running grid.
  10 # Attribute 'min_bin_probing_points' of the grid.
  1 # Attribute 'grid_mode' of the grid. 1=='default',2=='initialization'
  0.0000000000000000 # Attribute 'small_contrib_threshold' of the grid.
  0.5000000000000000 # Attribute 'damping_power' of the grid.
 # binID   n_entries weight   weight_sqr   abs_weight
    10   10   1.677383171568054E+010   1.203837952230145E+021   1.677383171568054E+010
    16   10   1.677383171568054E+010   1.203837952230145E+021   1.677383171568054E+010
  </DiscreteSampler_grid>
