  0.00000236479694564  0.00000238094256732  0.00000239643064227  0.00000241212628639
  0.00000242885924339  0.00000244654767407  0.00000246434583502  0.00000248380199130
  0.00000250955285530  0.00000253614721865  0.00000256428871314  0.00000259354777205
  0.00000262384404954  0.00000265520002483  0.00000268775960617  0.00000272146938770
  0.00000275608946161  0.00000279439775684  0.00000283546368446  0.00000287692000203
  0.00000291918580497  0.00000296279993506  0.00000300774478256  0.00000305397724201
  0.00000310156041117  0.00000315069975741  0.00000320244919016  0.00000326379730372
  0.00000333001197216  0.00000339715463007  0.00000346614423894  0.00000353773244148
  0.00000361155412070  0.00000369007225101  0.00000377489251355  0.00000386734332147
  0.00000396240156356  0.00000405822403925  0.00000415627943453  0.00000425710638789
  0.00000436520857790  0.00000448498287809  0.00000460868536108  0.00000473602776616
  0.00000486756415465  0.00000500755254684  0.00000516195409610  0.00000532421781111
  0.00000549337902407  0.00000566648776591  0.00000584659337985  0.00000604507240666
  0.00000625323362608  0.00000646609242198  0.00000669191103308  0.00000693886451317
  0.00000720459781723  0.00000748223821034  0.00000776974937243  0.00000808272008625
  0.00000844654956272  0.00000881640434917  0.00000919865333961  0.00000966317351237
  0.00001012503205128  0.00001060813734923  0.00001116914304978  0.00001177999718277
  0.00001244148959967  0.00001317864781074  0.00001394826869595  0.00001480721635190
  0.00001576314848547  0.00001681356611128  0.00001804442034562  0.00001943213784674
  0.00002100712136788  0.00002276830220534  0.00002476746609211  0.00002708712411762
  0.00002975405239200  0.00003296476985891  0.00003671622908376  0.00004112927635946
  0.00004648745168823  0.00005331241412104  0.00006234096024173  0.00007445999027255
  0.00009108277825608  0.00011324292218570  0.00014405671500232  0.00018963826830254
  0.00029433970522393  0.00065266019325933  0.00274995099702883  1.00000000000000000
 -0.00223491239241967  0.00926774706207443  0.01869615093271793  0.02897084104570306
  0.03917514046770185  0.04948069010142903  0.05944318525382616  0.06955256447508759
  0.07994436515050367  0.09024265636071800  0.10080481811799605  0.11114599438981043
  0.12168253477923686  0.13213946676414193  0.14265244047942349  0.15321961373376511
  0.16395615377162268  0.17490078344409227  0.18568304551388770  0.19627285395727018
  0.20675450226401490  0.21718587450687313  0.22806705441994074  0.23861404488144955
  0.24913784166277195  0.25943122354117770  0.27005538908776205  0.28109029601802082
  0.29232854881893972  0.30339022898490975  0.31447009934631109  0.32545107864822448
  0.33640659533232525  0.34735557608777307  0.35826315959504279  0.36899880813135200
  0.37939185385782132  0.38963219018316464  0.39978844376961747  0.41010521068612604
  0.42064227478748345  0.43117263674526390  0.44161927581261401  0.45196586365983543
  0.46241765013319364  0.47292901863801473  0.48361880670179624  0.49440838394591213
  0.50515338413163491  0.51593871632030375  0.52664673154364217  0.53754721801043226
  0.54843046278642438  0.55962531476078115  0.57079145452161428  0.58156125534383152
  0.59196257622789594  0.60216513391493243  0.61221048312233839  0.62236363451499854
  0.63251345134196368  0.64260052152185465  0.65265235730675908  0.66275976682972981
  0.67304244818769432  0.68357969920888162  0.69403434107029427  0.70485957003340283
  0.71555905302554712  0.72656085486304800  0.73771075579528556  0.74913723046888459
  0.75989095741056434  0.77054640062840851  0.78088752949252604  0.79139514010761713
  0.80153137237002436  0.81182589447704867  0.82211709972331048  0.83242189416902279
  0.84302362533280184  0.85395187282257368  0.86516773802913427  0.87596552825037466
  0.88646794849541699  0.89687968455086009  0.90725639064311248  0.91767601090381490
  0.92806665769488583  0.93844782267309612  0.94894370079965185  0.95965101152674270
  0.97016530052459682  0.98064146049322054  0.99033803349416027  1.00000000000000000
  0.00270500809268800  0.01616643360073724  0.03148024806581875  0.04697412396829030
  0.06212920024911973  0.07683518462896752  0.09139972864435078  0.10586296898471846
  0.12011597786218969  0.13430690808649959  0.14843442373064256  0.16224258590638005
  0.17591303071461381  0.18986881883291917  0.20404401336806385  0.21819474449829185
  0.23187517276718472  0.24548280758234237  0.25883467433696233  0.27233157601859581
  0.28587772116925086  0.29914242402775970  0.31206175907908634  0.32477654892189306
  0.33739353222454843  0.34995782554617944  0.36245483831578840  0.37484019660316614
  0.38708346333496607  0.39921516085922459  0.41121531228560620  0.42328713804144430
  0.43530835195461953  0.44748267336192404  0.45988523324835295  0.47232890654465448
  0.48446089161275624  0.49643685849160235  0.50823264870230112  0.51993652467476037
  0.53147837687457056  0.54303745628729194  0.55452365506877022  0.56571948018863594
  0.57659820585206967  0.58753087549308858  0.59865578027345268  0.60969376219209837
  0.62060415770649024  0.63152115158461597  0.64228059106221913  0.65276586849845142
  0.66299231919064883  0.67320015137451394  0.68335756245536106  0.69346079640906910
  0.70341763498989707  0.71332982487769336  0.72317727831564127  0.73308118712729420
  0.74287950180074247  0.75242833815225074  0.76179676967509935  0.77112171624890669
  0.78053856658746823  0.78975442781871175  0.79863023908478614  0.80730526407212089
  0.81590296561811237  0.82436420909205266  0.83256040967926526  0.84066571969983650
  0.84868190969069823  0.85658098994824594  0.86443082953156836  0.87210306453660269
  0.87968936645456042  0.88724276780955047  0.89469552868147140  0.90196173259741785
  0.90904293208473441  0.91605121662327926  0.92284764225005778  0.92957067794987747
  0.93618265694875225  0.94239609593716189  0.94838299690437344  0.95428809858741015
  0.96015671076978104  0.96596738193792608  0.97172441365559992  0.97733665425884508
  0.98283970800983944  0.98843787723987420  0.99420006308746811  1.00000000000000000
 -0.00656851177652339  0.10268898309517273  0.14093955025758398  0.16462256055935634
  0.18338375993395722  0.19918280349524839  0.21293701235664031  0.22531915529814653
  0.23659116036928735  0.24703438002789671  0.25692482891634094  0.26650928219016978
  0.27552113654060112  0.28402545039754590  0.29211183004455826  0.29976018964443540
  0.30723490453131430  0.31451724286745775  0.32148163243595501  0.32834553772782604
  0.33504680192396441  0.34170971310344450  0.34822645200369623  0.35475129651095305
  0.36128230262065364  0.36779324507494920  0.37423144118954921  0.38051635920491028
  0.38667777260369651  0.39280285944024390  0.39887183680172777  0.40482820353913701
  0.41075871804809350  0.41661960613584514  0.42240751337334498  0.42818671627294524
  0.43395066505447866  0.43965442894961015  0.44520821597963928  0.45080647059333889
  0.45644412410933438  0.46204984977602248  0.46763648844769079  0.47325133130818486
  0.47887085657858131  0.48442861404978665  0.48993441676169591  0.49544808446637228
  0.50094406230918509  0.50648338288461692  0.51211182739208894  0.51768779160770029
  0.52340333851906096  0.52913418234096332  0.53488743118749982  0.54063266837441637
  0.54632007191773380  0.55198094919145990  0.55760228927572553  0.56314912163132547
  0.56873645136898354  0.57440029961032513  0.58021821295197229  0.58613725237538405
  0.59206721090155068  0.59797063765078018  0.60396033847458153  0.61018884502419080
  0.61658458506676028  0.62302654883631126  0.62944563707424139  0.63581620074416745
  0.64218921454394506  0.64866012699112308  0.65529454541967125  0.66214594290391893
  0.66916433273278531  0.67634142962033839  0.68365259622631491  0.69110289445039197
  0.69884266758497882  0.70675639764521825  0.71501032413330035  0.72352985879040310
  0.73240248667339070  0.74164299374084175  0.75131179052846642  0.76167610882221082
  0.77280959374680136  0.78514254237397751  0.79894741755104581  0.81501786391764441
  0.83418149724887536  0.85769980738711338  0.89563686263817044  1.00000000000000000
   2480.2669833354234       -1.0000000000000000     
 T F F F F T T F F T T F F F F T F F F F F F F F F F F F F F F F
  <DiscreteSampler_grid>
  grouped_processes
  1 # 1 for a reference and 2 for a running grid.
  10 # Attribute 'min_bin_probing_points' of the grid.
  1 # Attribute 'grid_mode' of the grid. 1=='default',2=='initialization'
  0.0000000000000000 # Attribute 'small_contrib_threshold' of the grid.
  0.5000000000000000 # Attribute 'damping_power' of the grid.
 # binID   n_entries weight   weight_sqr   abs_weight
    10   10   1.389879127081122E+011   7.050774670190152E+022   1.389879127081122E+011
    16   10   1.390247426039261E+011   7.050977265526924E+022   1.390247426039261E+011
  </DiscreteSampler_grid>
