  0.00000237094877840  0.00000237946389531  0.00000239065529788  0.00000240287912428
  0.00000241562157561  0.00000242863198460  0.00000244191304777  0.00000245566587837
  0.00000246899785489  0.00000248773605164  0.00000251498464254  0.00000254252696214
  0.00000257156795288  0.00000260144878588  0.00000263215239471  0.00000266367324357
  0.00000269602952021  0.00000272932194582  0.00000276515539792  0.00000280674965308
  0.00000285041305349  0.00000289522546804  0.00000294149962399  0.00000298953564387
  0.00000303903531798  0.00000308914442547  0.00000313972424758  0.00000319418044121
  0.00000325657437231  0.00000332900688265  0.00000340114358866  0.00000347588924055
  0.00000355250838996  0.00000363138771760  0.00000371533203641  0.00000381032985315
  0.00000391652384026  0.00000402432008451  0.00000413529494442  0.00000425148172450
  0.00000437500876013  0.00000452317162470  0.00000467455085530  0.00000482688631347
  0.00000498469381681  0.00000515510886632  0.00000534315891979  0.00000553266797459
  0.00000573255694370  0.00000595983642468  0.00000620645891960  0.00000646220711862
  0.00000672872249205  0.00000702050701708  0.00000734084438334  0.00000766837573539
  0.00000803015868422  0.00000841937509356  0.00000883298849992  0.00000929283854902
  0.00000980006640647  0.00001033836945298  0.00001091930453052  0.00001156740710702
  0.00001227224513592  0.00001304945015335  0.00001389791267208  0.00001481341356335
  0.00001582710420677  0.00001690833160697  0.00001817602655263  0.00001958705225095
  0.00002124813970742  0.00002306896223027  0.00002509839106780  0.00002743622347097
  0.00003004581235631  0.00003296290395055  0.00003635204233492  0.00004047655940514
  0.00004521934769082  0.00005067819613603  0.00005702439144312  0.00006514110702649
  0.00007580679825005  0.00008977710386645  0.00010775662290042  0.00012901641103931
  0.00015730547848027  0.00019714561024020  0.00025260921136409  0.00034945101521695
  0.00053503328305555  0.00093260713678280  0.00285921434455171  1.00000000000000000
 -0.00237399715293621  0.00971829318696538  0.02000627370907311  0.03104523379308222
  0.04210108852580274  0.05296839314688105  0.06375195514390343  0.07429115506118913
  0.08506828463838037  0.09615764388188948  0.10737692610436102  0.11863034949843151
  0.12956912973485346  0.14033582920125209  0.15121185921259128  0.16225056794453108
  0.17325427272780167  0.18385040278521861  0.19410869033419337  0.20437601583503440
  0.21503491182070633  0.22588661016794367  0.23676431051464908  0.24740579704029436
  0.25778812981746757  0.26808720539070130  0.27796417452859451  0.28755790208334148
  0.29722663916484854  0.30697166454006525  0.31699401229181229  0.32717727918206452
  0.33818665321235697  0.34964087058650428  0.36039800915765485  0.37098157051700686
  0.38184688790290799  0.39313782920441193  0.40412902743214213  0.41482710170322445
  0.42521570652940927  0.43530876503358518  0.44536822021376971  0.45571912239725776
  0.46701093411530620  0.47875643129248113  0.48988286056208252  0.50050493597591716
  0.51076378304551706  0.52082398150010734  0.53070433915813897  0.54070410192099672
  0.55125282747310489  0.56211938935377070  0.57263328585496776  0.58303352472007752
  0.59302016870809393  0.60275462349470832  0.61251101586161372  0.62212139173876468
  0.63176709224793826  0.64154587360230042  0.65183874884435156  0.66261717077147519
  0.67365461862355858  0.68486222204030123  0.69624005057585903  0.70769035352825060
  0.71899460958482031  0.73000560035370066  0.74077084189731002  0.75156778078455899
  0.76235677730394269  0.77331471503782923  0.78476969722606682  0.79625458469711274
  0.80731701375317622  0.81794924719861450  0.82830553099993220  0.83851434059449814
  0.84849246400030720  0.85830897159328323  0.86814645306994809  0.87807571238031601
  0.88825157919797826  0.89872199729968072  0.90954028650943275  0.92028487920071456
  0.93092739203167130  0.94159332686145847  0.95232497062932564  0.96269223677956617
  0.97239866327148250  0.98165723764724289  0.99067402733407006  1.00000000000000000
 -0.00362312797104509  0.01980247708030512  0.03927924594282998  0.05801396955931228
  0.07676065475277710  0.09563501471434990  0.11433314904700911  0.13268813080526612
  0.15076358539589557  0.16895232327816737  0.18685790154950599  0.20487278988520038
  0.22294924019686516  0.24066949623381231  0.25795626963062812  0.27491771353999550
  0.29172072772854990  0.30796057732505305  0.32401352010646300  0.33998563887624372
  0.35598415615876333  0.37187204216936981  0.38727431855184646  0.40229120955732178
  0.41712770839956576  0.43186288775370313  0.44656951426695080  0.46119199752505230
  0.47542760622359137  0.48933568879463191  0.50301745640601980  0.51656519689363500
  0.53006705559842926  0.54332412861391233  0.55627546585965260  0.56918485346664904
  0.58194680494308182  0.59427187676452042  0.60631592909939502  0.61825287532110962
  0.63010705703624870  0.64179543025378027  0.65316228667763687  0.66430833544042855
  0.67517123084965269  0.68581270408773598  0.69628852890249016  0.70666146813789299
  0.71702917678594247  0.72719351719295644  0.73709918370604832  0.74685572248021292
  0.75636797537244504  0.76561570579853422  0.77464857853447300  0.78344740317842287
  0.79218333916372063  0.80100347903514602  0.80976947529035381  0.81824499783071813
  0.82646365216632744  0.83452974102088129  0.84254983020831253  0.85053758069139285
  0.85834119558124233  0.86584332942063447  0.87305480236638000  0.87999660740546692
  0.88670881777483324  0.89327192757246687  0.89964607675503117  0.90578908093381461
  0.91187227644227709  0.91781323088920452  0.92366767366207092  0.92943210948906840
  0.93521491619861463  0.94040639122255898  0.94532344793170298  0.95013135664813875
  0.95477414015271811  0.95912098333764684  0.96304485507730042  0.96684706202939164
  0.97052647106210443  0.97411619203589062  0.97752327420359497  0.98071958974045936
  0.98372622830608103  0.98656831023185987  0.98924795153670819  0.99173551734019649
  0.99401299997415715  0.99610035234078442  0.99807626853232412  1.00000000000000000
  0.00052360477731104  0.10888246650152100  0.16340755729900147  0.19472195853015822
  0.21902013543636945  0.23929950115708096  0.25739997651171431  0.27404969422280828
  0.28966182187729772  0.30430236813250899  0.31786362437494758  0.33061325663389007
  0.34309348034754172  0.35515425077281532  0.36650710622574517  0.37734346576620675
  0.38788108738879135  0.39851598478187517  0.40909254480346807  0.41928560387045422
  0.42916392869993780  0.43877958269131884  0.44802864526674097  0.45699217238944184
  0.46578655474482616  0.47458290605647835  0.48341916181432293  0.49216838866987828
  0.50090425581777864  0.50957647710354859  0.51794544142261989  0.52597050021658553
  0.53404911023886592  0.54220540621308211  0.55051269823506765  0.55888798932415407
  0.56728601355969122  0.57525978559505486  0.58277599630043053  0.59016658007111356
  0.59750050126711018  0.60495633287911643  0.61176087615914598  0.61857303445041301
  0.62548962916458106  0.63209526543247063  0.63854750505474744  0.64445878482393493
  0.65007675961634093  0.65561204103940662  0.66121931264327238  0.66726487710185822
  0.67353140213145313  0.67969511159317642  0.68564085255049534  0.69157815560089264
  0.69760631003371087  0.70357793827905679  0.70950494598639524  0.71543062892178089
  0.72131195557230343  0.72740465312053681  0.73305323600096972  0.73853104360475241
  0.74399102747315515  0.74936518161276122  0.75456714794015467  0.75965364639574839
  0.76468401425511223  0.76955090458614261  0.77433086718723221  0.77918299431529503
  0.78415555812228133  0.78924873423015696  0.79429102059870982  0.79937416681390561
  0.80437276631575938  0.80941015989047449  0.81458087601470575  0.81988479619970234
  0.82527110923714619  0.83072065076951018  0.83629714375707398  0.84202224262007541
  0.84774012094828377  0.85364404997458387  0.85993335672338489  0.86663654960166392
  0.87378066915457697  0.88153001028818889  0.88991471191450910  0.89929741466428326
  0.91064926701281101  0.92567132574116684  0.94985374951850898  1.00000000000000000
   4.4641719132354654       -1.0000000000000000     
 T F F T F F T F F T F F T F F T F F F F F F F F F F F F F F F F
  <DiscreteSampler_grid>
  grouped_processes
  1 # 1 for a reference and 2 for a running grid.
  10 # Attribute 'min_bin_probing_points' of the grid.
  1 # Attribute 'grid_mode' of the grid. 1=='default',2=='initialization'
  0.0000000000000000 # Attribute 'small_contrib_threshold' of the grid.
  0.5000000000000000 # Attribute 'damping_power' of the grid.
 # binID   n_entries weight   weight_sqr   abs_weight
    10   10   5.861514318592854E+010   1.450851824419664E+022   5.861514318592854E+010
  </DiscreteSampler_grid>
