 -0.00082100109983957  0.01980207019245272  0.02377531844356518  0.02837967749337433
  0.03309073976389695  0.03735178214418044  0.04155759165648727  0.04599124078808595
  0.05064164402006360  0.05535637540772988  0.05998697252814392  0.06456676358344267
  0.06935463129890884  0.07436144707818630  0.07950777698231941  0.08460842314703548
  0.08967175742761262  0.09479061083182383  0.09986268402942690  0.10505052422944627
  0.11045599769968407  0.11589461648370573  0.12131621279429090  0.12692672524334278
  0.13267110875719310  0.13847347696288789  0.14438444471726516  0.15037670347172100
  0.15640291229684183  0.16237495339476021  0.16825172203695909  0.17420842629461200
  0.18037077485830710  0.18658717323173701  0.19286525147522737  0.19903971791894512
  0.20523689607907392  0.21150800904671099  0.21807708395957079  0.22464900749799421
  0.23123281413935037  0.23779198399497423  0.24439765903449404  0.25128017900612576
  0.25843725113430044  0.26563947095844759  0.27281928203763667  0.28002972134350396
  0.28726530023558922  0.29463640631781340  0.30239677084764072  0.31024427875928007
  0.31809366359280888  0.32590807978166175  0.33374975947106855  0.34157973126055080
  0.34964591183182270  0.35806269581232503  0.36672123835675124  0.37543972195743169
  0.38418521361613472  0.39303472046237187  0.40184761026080429  0.41073889593987395
  0.42004656421524744  0.43008094078582471  0.44026127592928449  0.45055695567283294
  0.46085682065926870  0.47115458743331057  0.48151026461561808  0.49202859101195751
  0.50294208876817792  0.51450242577839000  0.52617765767681002  0.53801337952343065
  0.55005526250242565  0.56237282172547254  0.57469126315618113  0.58745735454584036
  0.60109351707217307  0.61546762098757368  0.63023856623754848  0.64533430466303721
  0.66077402809075614  0.67672992968614321  0.69310654183446441  0.71052330763794092
  0.73120575959329903  0.75363415252414423  0.77756125018531419  0.80339340080499444
  0.83297098255360258  0.87138191318933422  0.92457283139674218  1.00000000000000000
 -0.00243965667660096  0.00984817783655912  0.02047660849370628  0.03147359240247734
  0.04248106573490617  0.05283860335576981  0.06305598357211874  0.07292926748056018
  0.08306050003984955  0.09360490541476056  0.10433045622003806  0.11526777120853912
  0.12591786970559454  0.13701787935969670  0.14808924574667623  0.15869567979563151
  0.16926299056944671  0.17992614119452013  0.19048384695527845  0.20079372069622495
  0.21118075301783473  0.22177833520582438  0.23244706923714709  0.24308889073771903
  0.25380396885797119  0.26464522347777591  0.27544731212590007  0.28620443935338524
  0.29699822073492060  0.30778795118630331  0.31826468665535712  0.32851599232991291
  0.33864704561599823  0.34893470688460582  0.35925316297138449  0.36946394801104609
  0.37978101806647740  0.39007062840105527  0.40039470680662959  0.41061759107835732
  0.42104742994367567  0.43165495065269172  0.44237353646764821  0.45296976738222372
  0.46359379771719894  0.47426617796141263  0.48490710817068977  0.49548213841230454
  0.50592774815626140  0.51621340778529823  0.52654953776373958  0.53690352170778988
  0.54725810990469592  0.55773539722018095  0.56847983217452636  0.57950855290440439
  0.59036532847105072  0.60098657863700933  0.61142126167549027  0.62173469019451122
  0.63216929491323648  0.64251200492790139  0.65300854560979915  0.66348201938483953
  0.67414412921128131  0.68485380602624601  0.69545810240924000  0.70604658996249126
  0.71648568538667445  0.72689987226078268  0.73744711813113872  0.74816536675504020
  0.75859349670721354  0.76912878834477794  0.77951586064023248  0.79009186965730216
  0.80039879441449580  0.81074479258763199  0.82137297692639011  0.83173855412816811
  0.84213961742725896  0.85249119115948302  0.86284791973739672  0.87317173408941073
  0.88346769607268649  0.89362044121300099  0.90359979915095578  0.91365693399165004
  0.92423439730133117  0.93512945683264703  0.94598074759042972  0.95682918613314605
  0.96773177069431537  0.97860005222169422  0.98925042135870100  1.00000000000000000
  0.00713670056945015  0.01379536122544660  0.01970345599055920  0.02655178748505079
  0.03411452438625935  0.04138393815026489  0.04857871146766640  0.05580244279668345
  0.06306862014076178  0.07036238116052708  0.07791918372490594  0.08539369127000666
  0.09281466782726337  0.10020760536705753  0.10773456734270184  0.11543553680367445
  0.12318086221564908  0.13100450784741360  0.13901718291997248  0.14715225501929149
  0.15527459680818942  0.16335824462980833  0.17134872246988053  0.17920649468210395
  0.18708382229723383  0.19469547731551018  0.20233513129508623  0.21011759843245389
  0.21799409922350735  0.22594671189545662  0.23400627738381130  0.24210096590591862
  0.25023624659814436  0.25854426903133709  0.26686337809494032  0.27513151714363326
  0.28331783975341829  0.29148208156617655  0.29969142416636763  0.30792011655951840
  0.31618354140852645  0.32452466432652882  0.33294683906155337  0.34151344794669930
  0.35009616778616304  0.35870927624985760  0.36741419148232640  0.37614472595952292
  0.38486962212873599  0.39361933028788315  0.40246603309137519  0.41138088538393691
  0.42031868226630092  0.42927262848064363  0.43829010945277519  0.44740275061364465
  0.45662297676708374  0.46602678331398822  0.47559536876912950  0.48528944400246998
  0.49505787004318813  0.50497251910538554  0.51510072429074505  0.52536631177804483
  0.53571784075153595  0.54607575410675391  0.55640920931303528  0.56684064257231914
  0.57746996399241568  0.58822854908812339  0.59903076869184513  0.60996229540265012
  0.62100214861502556  0.63212647917492648  0.64327502021237126  0.65461828722590543
  0.66623683211283824  0.67815758178038876  0.69033423046154285  0.70266237516885577
  0.71538211298023180  0.72847713109139312  0.74184952142301908  0.75559856662385105
  0.76977519664787997  0.78403896449339872  0.79855610298968605  0.81348319207523090
  0.82910624549811063  0.84558329569503676  0.86296794674998722  0.88181677806566572
  0.90276282231391758  0.92677966639437848  0.95714889790580160  1.00000000000000000
 -0.00605386214049259  0.04954920169557980  0.07352467421193540  0.08886259536213817
  0.10107473070774572  0.11169280962045881  0.12143029570538043  0.13053710655867815
  0.13922072108149275  0.14758317912952609  0.15564965422006979  0.16351903615749763
  0.17116673455555345  0.17862806106861523  0.18603180067710529  0.19337614398921055
  0.20073695214640774  0.20804738759044658  0.21525740133710280  0.22237799651936907
  0.22950795611505403  0.23668054991180026  0.24384569529621675  0.25094300433524103
  0.25792701697998216  0.26482298321702674  0.27166200008148300  0.27843798380305201
  0.28522850730915300  0.29208826635349006  0.29872793465425607  0.30533482009734214
  0.31190085198682760  0.31849691607631198  0.32505648782638014  0.33157229095592750
  0.33814628170834449  0.34482913702805418  0.35156200249486486  0.35841297344097195
  0.36523428684581988  0.37203077910075588  0.37887312676234974  0.38576334165085852
  0.39267223081347258  0.39953536863933897  0.40637257510351643  0.41317842444083175
  0.42001236970388839  0.42691312539167076  0.43375328082400194  0.44055521023222394
  0.44746057326520039  0.45431506742318800  0.46134857878336299  0.46842703755387982
  0.47546910655369856  0.48247060920471274  0.48946003415739053  0.49646392010712664
  0.50345905469966279  0.51046135606574528  0.51754760624018403  0.52466768249980011
  0.53183534140856825  0.53907852311787796  0.54648362727787669  0.55399633226353573
  0.56163892285423411  0.56936484218351546  0.57720351975039230  0.58505230254591545
  0.59321859356263074  0.60137078441544223  0.60978106629184758  0.61824198748627190
  0.62690775034874813  0.63564202054055097  0.64443950033504527  0.65345407048692206
  0.66269856292695262  0.67222746036507286  0.68192847331467077  0.69219687929077378
  0.70290150551725061  0.71403159406731787  0.72561028353890300  0.73823158986327331
  0.75171734296960102  0.76626724977915339  0.78236533621447868  0.80067709671660958
  0.82240689571042014  0.84933029157294904  0.89129792391811813  1.00000000000000000
   82.367664397648298       -1.0000000000000000     
 F T F F T F F F F F F T F F T F F T F F T F F F F F F T F F T F
  <DiscreteSampler_grid>
  grouped_processes
  1 # 1 for a reference and 2 for a running grid.
  10 # Attribute 'min_bin_probing_points' of the grid.
  1 # Attribute 'grid_mode' of the grid. 1=='default',2=='initialization'
  0.0000000000000000 # Attribute 'small_contrib_threshold' of the grid.
  0.5000000000000000 # Attribute 'damping_power' of the grid.
 # binID   n_entries weight   weight_sqr   abs_weight
    13   10   7.311574267311107E+008   6.163716210632472E+017   7.311574267311107E+008
    14   10   7.311574267311065E+008   6.163716210632393E+017   7.311574267311065E+008
    16   10   7.311574267311106E+008   6.163716210632472E+017   7.311574267311106E+008
    17   10   7.311574267311064E+008   6.163716210632390E+017   7.311574267311064E+008
  </DiscreteSampler_grid>
