  0.00000238300391014  0.00000249332965151  0.00000256846406988  0.00000262490252688
  0.00000268577268771  0.00000274563798646  0.00000281392411603  0.00000288359559304
  0.00000295422804092  0.00000302710393945  0.00000310259750382  0.00000318106486153
  0.00000326499059109  0.00000335809318504  0.00000345125832202  0.00000354588112695
  0.00000364367099335  0.00000374799658940  0.00000386078589123  0.00000398013259668
  0.00000410138464906  0.00000422529633680  0.00000435348504763  0.00000450162409590
  0.00000465519054141  0.00000481303066332  0.00000497508394847  0.00000515123163180
  0.00000534540039557  0.00000554048218453  0.00000574221178419  0.00000595468387890
  0.00000619211833637  0.00000643023646808  0.00000667750877364  0.00000694244267782
  0.00000722778497186  0.00000752488586159  0.00000784115167034  0.00000818641561149
  0.00000854977188374  0.00000892708293390  0.00000932795087843  0.00000976296404780
  0.00001021891378154  0.00001068911570282  0.00001122088475906  0.00001175806380493
  0.00001232055170974  0.00001293129011917  0.00001358614949888  0.00001426055821688
  0.00001504505268362  0.00001587089860350  0.00001674257018214  0.00001769626261845
  0.00001869266861870  0.00001977070754301  0.00002097747914005  0.00002221614239049
  0.00002355892710187  0.00002506597984586  0.00002668536513287  0.00002855868955481
  0.00003046242759012  0.00003262782133961  0.00003496253402418  0.00003762463426333
  0.00004048594410660  0.00004348438266742  0.00004671022567764  0.00005025780556228
  0.00005411638932298  0.00005826519056465  0.00006286029925965  0.00006826239565003
  0.00007457585065790  0.00008167276556003  0.00008925823827063  0.00009706057543964
  0.00010551861447435  0.00011503028137944  0.00012609549293349  0.00013898750359008
  0.00015437593223100  0.00017246984926459  0.00019343847066115  0.00021655154484003
  0.00024220063031919  0.00027720060261332  0.00032179777629876  0.00037076256302699
  0.00042753651866720  0.00050410110469996  0.01672170243643624  1.00000000000000000
 -0.00233757294189332  0.00908182996327511  0.01885440014008503  0.02895964927507778
  0.03911923705335007  0.04968441131020947  0.06033634375785400  0.07101725908272034
  0.08144266330247492  0.09218572200223601  0.10311324250622773  0.11396987884889601
  0.12462895677670868  0.13510671919118483  0.14550881813155098  0.15583171219217815
  0.16621952826223360  0.17684712492538890  0.18765790432018092  0.19853213281386564
  0.20938332958889511  0.22012506881498362  0.23076085758322579  0.24123533440069758
  0.25173184479420857  0.26232422122963217  0.27278307953692033  0.28320426213420052
  0.29361466513620416  0.30407161249816039  0.31479935009076682  0.32568444621411985
  0.33635884330084959  0.34673401326905567  0.35697297810646789  0.36730065648932436
  0.37768112117826086  0.38811578233784377  0.39876613154829926  0.40941685052294630
  0.42004736898134354  0.43059391168319072  0.44119703486663131  0.45187413398577392
  0.46254480255643110  0.47298068855913200  0.48323768457171618  0.49363199616922732
  0.50417312814799131  0.51464605690848642  0.52488755505871509  0.53514676541777528
  0.54537752643570969  0.55583814290537958  0.56644078209444193  0.57728027478865684
  0.58782043677632534  0.59806200394537068  0.60835034390880849  0.61877257698101717
  0.62928681983487655  0.63995717408498265  0.65055026826523699  0.66126321645657893
  0.67185456596153981  0.68250041385216287  0.69306630710250405  0.70344881493617795
  0.71385290095651555  0.72409560812238249  0.73447886041190191  0.74488497996788405
  0.75542911747452235  0.76584581678052743  0.77606290224158114  0.78637222776345561
  0.79678708174485657  0.80759012100915240  0.81831542217666187  0.82896306127576935
  0.83957945331957051  0.85036566624508425  0.86101396817004439  0.87166664059852683
  0.88229657741967149  0.89302866766350786  0.90373376594398580  0.91443198829393557
  0.92517615541769727  0.93593007427372454  0.94664044234740774  0.95732027393628005
  0.96802889032773609  0.97871112402009530  0.98933724824923841  1.00000000000000000
  0.00230567395551065  0.01667801748051024  0.03099392450501534  0.04531564876394625
  0.05912058707718520  0.07285398890908322  0.08662331366145458  0.10040969046047489
  0.11403011281390697  0.12767292647127412  0.14146022937796499  0.15492619476471886
  0.16817147858845219  0.18129270601709713  0.19418068240291728  0.20694830416665005
  0.21972419593168707  0.23244303760851465  0.24490270001948489  0.25702778409323568
  0.26884980313832257  0.28047309255630110  0.29207732777778000  0.30371242352883693
  0.31541004059581312  0.32711743724920861  0.33864294411896317  0.34999170584457118
  0.36134541046455199  0.37264430636901502  0.38373736554685711  0.39474770194116832
  0.40582894648838486  0.41683073775526813  0.42760857385324635  0.43826921251200834
  0.44878989635459077  0.45913446240797334  0.46936427305134726  0.47959259426450512
  0.48985421010379249  0.50004431927072002  0.51018214186929089  0.52039265866660112
  0.53063694789890037  0.54077168086696648  0.55088069443954224  0.56099463585880227
  0.57112211249266920  0.58123816673754458  0.59121200574293520  0.60107668164119676
  0.61088680543778562  0.62053228608553412  0.63007144509286850  0.63946512267131361
  0.64885660190182448  0.65825505418543817  0.66744635963479571  0.67654777201809768
  0.68573230582560551  0.69493232979676878  0.70407749764517646  0.71310608535427267
  0.72208122983879941  0.73111248252475125  0.74020580366690547  0.74930828285727880
  0.75827713096892835  0.76709521506984901  0.77593713579325629  0.78478387014198758
  0.79363923328590946  0.80247585565014157  0.81104624078538567  0.81973709399246752
  0.82831174299302679  0.83684383642326843  0.84534892127195926  0.85379934220061426
  0.86219091386758895  0.87053578774260731  0.87883741196547926  0.88706096576837412
  0.89523834824228010  0.90344313622191585  0.91169048929725294  0.92002986386728247
  0.92853706941973380  0.93723698216819884  0.94631101813846363  0.95580874270795779
  0.96551232620999328  0.97575709849166303  0.98726073575878948  1.00000000000000000
 -0.01221084659684073  0.08657774292332335  0.14541397574244211  0.17795731901573819
  0.20244706311383873  0.22299966911581776  0.24094412082446698  0.25747598733379895
  0.27284348409699100  0.28723186020077968  0.30087733143514428  0.31396633755028941
  0.32657093922450015  0.33875333020673559  0.35067050165883079  0.36221200506001883
  0.37361913449110651  0.38460199313020910  0.39546427923229360  0.40597600607062423
  0.41643346984191415  0.42653588108449370  0.43649294042893294  0.44637439981437993
  0.45622282178569268  0.46581885996269412  0.47524568125593530  0.48451636709635754
  0.49368869462075077  0.50280167242262808  0.51174903974508090  0.52057180674554748
  0.52928507952099613  0.53786827687027738  0.54639374249201533  0.55482765611789842
  0.56312884730357926  0.57130887876290581  0.57939891073004379  0.58740702482279672
  0.59532275234408727  0.60310793400477247  0.61075949963372722  0.61829048623285687
  0.62579552175535968  0.63311616372174684  0.64033826289547713  0.64746867032514643
  0.65449671806857723  0.66155604832556381  0.66852169742635836  0.67540808519722495
  0.68222391079653244  0.68892778913411234  0.69553687385746210  0.70206600661494922
  0.70850182293000930  0.71479979019976403  0.72094422512061296  0.72697464141073076
  0.73292100748677735  0.73885709070694450  0.74471813682431254  0.75047624200299212
  0.75603605288217501  0.76153494380659181  0.76704777903948607  0.77260182579441339
  0.77817158656684926  0.78371246174102882  0.78921165736972176  0.79469146782005040
  0.80015343814085771  0.80553146665971254  0.81087856281112747  0.81616247664629948
  0.82144336733480650  0.82674509546984398  0.83203542449305723  0.83730952715406959
  0.84257460154881436  0.84785935703353188  0.85325063389418954  0.85878553605745478
  0.86441532947165689  0.87012363356878009  0.87596155443724111  0.88215630699786984
  0.88858681111066318  0.89550500467604377  0.90319500489029481  0.91186595331857101
  0.92216098432935178  0.93562688279395556  0.95646026813483553  1.00000000000000000
  0.42900695680200263       -1.0000000000000000     
 F T T F F F F F F F F F F T T F F F F F F F F F F F F F F F F F
  <DiscreteSampler_grid>
  grouped_processes
  1 # 1 for a reference and 2 for a running grid.
  10 # Attribute 'min_bin_probing_points' of the grid.
  1 # Attribute 'grid_mode' of the grid. 1=='default',2=='initialization'
  0.0000000000000000 # Attribute 'small_contrib_threshold' of the grid.
  0.5000000000000000 # Attribute 'damping_power' of the grid.
 # binID   n_entries weight   weight_sqr   abs_weight
    10   10   5.295505544122504E+008   4.667276019939086E+017   5.295505544122504E+008
    16   10   5.394846663225710E+008   4.739053173274317E+017   5.394846663225710E+008
  </DiscreteSampler_grid>
