  0.00000237172279404  0.00000238050693019  0.00000239479125669  0.00000241227092755
  0.00000243042969233  0.00000244880900585  0.00000246737225604  0.00000248655017189
  0.00000250716505452  0.00000252983610624  0.00000255445320694  0.00000257982556817
  0.00000260596691094  0.00000263311753383  0.00000266234979291  0.00000269304931579
  0.00000272516656181  0.00000275934507428  0.00000279606491212  0.00000283483460420
  0.00000287465704365  0.00000291545677965  0.00000295685760083  0.00000299935957696
  0.00000304302517190  0.00000308814103080  0.00000313526189511  0.00000318561521509
  0.00000324012360406  0.00000329868829003  0.00000336101522975  0.00000342409452634
  0.00000348874941789  0.00000355505751609  0.00000362358286513  0.00000369451005631
  0.00000377420574114  0.00000386763508888  0.00000395961041023  0.00000405333189984
  0.00000414923686633  0.00000424984662058  0.00000435731745200  0.00000447455513864
  0.00000459974326115  0.00000472854415545  0.00000486308927507  0.00000500782269095
  0.00000516700556399  0.00000534408420322  0.00000552654149206  0.00000571893785799
  0.00000592459109741  0.00000614284952787  0.00000637195415129  0.00000661248114386
  0.00000686796770392  0.00000714023875342  0.00000743448499546  0.00000774144671556
  0.00000808718989802  0.00000845989319284  0.00000885941609774  0.00000929362645298
  0.00000976750459471  0.00001028494774339  0.00001084372009711  0.00001145614580593
  0.00001212256389396  0.00001286812850543  0.00001368665951936  0.00001457852526770
  0.00001556846611047  0.00001666651377634  0.00001791665271347  0.00001931467003166
  0.00002094689995883  0.00002287700668083  0.00002510248763113  0.00002761501829239
  0.00003039427542596  0.00003363824753457  0.00003772402452077  0.00004272506122043
  0.00004867841703177  0.00005604062325626  0.00006552302513561  0.00007868361949144
  0.00009610403819034  0.00012008138180483  0.00015523232403218  0.00021312116162758
  0.00032932122291417  0.00052017459240366  0.47922957505300345  1.00000000000000000
 -0.00234089166076602  0.00928198146487843  0.01932021624089756  0.02961858770734592
  0.03994833819883494  0.05058749183750376  0.06145713796824277  0.07226360094340263
  0.08337578047903273  0.09451286668352125  0.10530804542699286  0.11602209926163209
  0.12660779856412188  0.13755754406743498  0.14814194559625415  0.15882318890095093
  0.16960718047625373  0.18037841344487160  0.19089888158337412  0.20115793541751431
  0.21137653625453998  0.22151642053393716  0.23153533266553655  0.24141957267652725
  0.25128395025363709  0.26118839939887001  0.27150166462551545  0.28180103260514361
  0.29210607594036470  0.30242063296467236  0.31274041470255937  0.32305607979114620
  0.33374888237262773  0.34464517469949785  0.35536170075815260  0.36563507595795136
  0.37561846321051334  0.38595584488884244  0.39690185494159547  0.40809400678693614
  0.41917927074053724  0.43005548245685254  0.44027539373934649  0.44995605116014070
  0.45966444332970013  0.46965074142471908  0.47947715741311164  0.48880537632027415
  0.49769257316247567  0.50804609313790805  0.51893704337764435  0.52917040129131265
  0.53981833098133891  0.55036050887437038  0.56114477052804068  0.57200044889073232
  0.58280201701404877  0.59406110364734621  0.60546140950404659  0.61702724578537615
  0.62811224476497796  0.63892240367664843  0.64977970459964107  0.66087639584793434
  0.67124470286214166  0.68132161097486010  0.69147426809968027  0.70208415616049391
  0.71255474201234870  0.72309636157102397  0.73338592826326832  0.74358797203306570
  0.75397174375801357  0.76453199930465310  0.77507370368559325  0.78465351870871303
  0.79461453771368118  0.80529472797818680  0.81681899349002629  0.82762681779408398
  0.83869847517990059  0.85015919592287481  0.86182144622895918  0.87284479530195236
  0.88397051789285164  0.89447483123533023  0.90489753602301515  0.91494019619493061
  0.92549109749744773  0.93664366526619158  0.94752916302454326  0.95813043310772161
  0.96845759627475614  0.97884812338294402  0.98943958157233347  1.00000000000000000
  0.00230457235617296  0.02866203146964019  0.05284999376237839  0.07663812381592117
  0.10022218907193238  0.12353256539928088  0.14645413954268016  0.16895738193906873
  0.19110121248497292  0.21272269029926394  0.23375467296662150  0.25432599323174726
  0.27440605707769006  0.29396671357095017  0.31306646137244909  0.33188479895095069
  0.35035831782997845  0.36859578150824607  0.38653314792273535  0.40425748481438517
  0.42162193305723039  0.43861237053081509  0.45525866670046444  0.47166805806364853
  0.48776873708030133  0.50336973980051769  0.51835449094820574  0.53297021482581264
  0.54733951581043228  0.56156797179214413  0.57546069346899109  0.58894354424120399
  0.60211557193196585  0.61515586888917861  0.62808883399291793  0.64084293096414624
  0.65333179919269624  0.66564093364822507  0.67772514528102412  0.68949394063652092
  0.70094104027211501  0.71212584659404010  0.72307872398121920  0.73374156430739901
  0.74417097501348739  0.75435648289315038  0.76440877999245249  0.77420155399446022
  0.78373859404392265  0.79298469854185483  0.80189437408372910  0.81054263813202776
  0.81893316288574769  0.82711472734644820  0.83515683603990676  0.84300460607023675
  0.85063913684970416  0.85806078535648955  0.86534989769058457  0.87250640807588364
  0.87938114344787854  0.88590304364226746  0.89221805792771081  0.89827702282738264
  0.90396070259912575  0.90958889916170682  0.91510413996642037  0.92045505851932552
  0.92563621365684712  0.93062807952114213  0.93543388268828020  0.94004116414498240
  0.94447277332469937  0.94877864246367727  0.95296442164551953  0.95699784281441502
  0.96081636028193751  0.96423208137434224  0.96754001590459426  0.97072050179495273
  0.97376809458327918  0.97665946657758040  0.97935947190860484  0.98185102612127462
  0.98416687161769922  0.98635697117458365  0.98843967110732467  0.99036761397407913
  0.99201720682756944  0.99355632285433593  0.99497099274066725  0.99622553230915256
  0.99730918326510321  0.99824099824952794  0.99913546085275284  1.00000000000000000
 -0.01401383200424082  0.09205482639918434  0.12178285985421811  0.14042634341389471
  0.15555870645151221  0.16877353093047903  0.18080262045740564  0.19188498124800141
  0.20243763351327038  0.21263757671646047  0.22255417833253691  0.23234792359758596
  0.24219443277435443  0.25213393071163592  0.26205787242665901  0.27177343053847347
  0.28144732998594685  0.29103014577836489  0.30052195306768964  0.31006779978272864
  0.31954219033789794  0.32884437423839341  0.33800589512605866  0.34692719386616711
  0.35599138045067497  0.36532219572610741  0.37497633987427631  0.38472854980790827
  0.39455903796730879  0.40440397701005676  0.41413124859653838  0.42376419639908014
  0.43317770580739268  0.44256168195004819  0.45185711354833730  0.46105248761296563
  0.47033107463254259  0.47957696072394002  0.48816985706892435  0.49655379735879840
  0.50472157966179620  0.51291210358487882  0.52115973070031951  0.52965204877151839
  0.53790570750329836  0.54645202480059363  0.55532021203350279  0.56421436854811546
  0.57301465088076287  0.58165894482558733  0.58991614451871244  0.59799570017268289
  0.60599540274604025  0.61356498599948239  0.62084211485463225  0.62810513729123985
  0.63543776095967741  0.64311495297146892  0.65072143436447771  0.65829065346807247
  0.66560257110023091  0.67276176247814190  0.67985205733384990  0.68687800871339244
  0.69358641478391903  0.70021273119575256  0.70695925796365777  0.71377662563309296
  0.72056673832851170  0.72729405717892059  0.73405212248775131  0.74086718927253037
  0.74762558558424597  0.75444047880243070  0.76133656398837857  0.76819965353290554
  0.77502544546090824  0.78174912290318110  0.78832013559989855  0.79494443912027735
  0.80170634094035720  0.80853751021289311  0.81535593396276673  0.82227670529946884
  0.82932786802124492  0.83653576210873404  0.84393732945500921  0.85147453018609076
  0.85930745622531923  0.86745807418502763  0.87634602649448434  0.88661887775649384
  0.89885041335889881  0.91438974651403238  0.93891475046650319  1.00000000000000000
   2.7301444683107090       -1.0000000000000000     
 F F F T F F T F F T F F T F F F F F F F F F F F F F F F F F F F
  <DiscreteSampler_grid>
  grouped_processes
  1 # 1 for a reference and 2 for a running grid.
  10 # Attribute 'min_bin_probing_points' of the grid.
  1 # Attribute 'grid_mode' of the grid. 1=='default',2=='initialization'
  0.0000000000000000 # Attribute 'small_contrib_threshold' of the grid.
  0.5000000000000000 # Attribute 'damping_power' of the grid.
 # binID   n_entries weight   weight_sqr   abs_weight
    10   10   1.050877563308770E+010   4.108848665874301E+020   1.050877563308770E+010
  </DiscreteSampler_grid>
