  0.00000238356957760  0.00000239002216847  0.00000240319880056  0.00000241929824336
  0.00000243626532925  0.00000245647057464  0.00000247706856963  0.00000249892682869
  0.00000252404645371  0.00000255172419593  0.00000257975476336  0.00000260888779184
  0.00000263917887785  0.00000267044113499  0.00000270345914481  0.00000273915746019
  0.00000277626311727  0.00000281760124134  0.00000285989036490  0.00000290275628425
  0.00000294658291093  0.00000299183893339  0.00000303871220537  0.00000308702026857
  0.00000313641495288  0.00000318906202195  0.00000324710127380  0.00000330783120774
  0.00000337268729120  0.00000343910425348  0.00000350744987686  0.00000357784618969
  0.00000364959169858  0.00000372249798030  0.00000381444452050  0.00000390631703097
  0.00000399945097630  0.00000409526607653  0.00000419310227466  0.00000429603447000
  0.00000441443421318  0.00000454581227686  0.00000467787768586  0.00000481561739179
  0.00000496046173009  0.00000511617398203  0.00000528526609615  0.00000546599431627
  0.00000565174135487  0.00000584409152409  0.00000606133369456  0.00000628399746834
  0.00000651189524967  0.00000675202250871  0.00000701892049824  0.00000730751750595
  0.00000760176066209  0.00000791797418214  0.00000828117489859  0.00000866524844878
  0.00000906817143736  0.00000951039772956  0.00000999260370364  0.00001048849467202
  0.00001102349768637  0.00001161719362208  0.00001223900775373  0.00001295447077783
  0.00001375359093960  0.00001464487750662  0.00001564653328076  0.00001673499440660
  0.00001795888180138  0.00001929206928279  0.00002077997665485  0.00002241037499001
  0.00002436373604031  0.00002655075741407  0.00002905718595606  0.00003193596865238
  0.00003532487680050  0.00003939742650668  0.00004425253563762  0.00005030334750691
  0.00005759622559691  0.00006695196953423  0.00007802330911033  0.00009107893770883
  0.00011114760173691  0.00013738590299443  0.00017570663863138  0.00025759356568410
  0.00039446575376195  0.00065698361722373  0.10057817106506658  1.00000000000000000
 -0.00236905535853823  0.00937104659871453  0.01953388908296191  0.02990511409500806
  0.04059427536587826  0.05123070227191607  0.06161298452373114  0.07231731124436860
  0.08263557272431984  0.09325407083058818  0.10377722040829519  0.11512724586044684
  0.12620022551154100  0.13678725380505183  0.14714708080714844  0.15750677300597077
  0.16790851087751840  0.17822962103392756  0.18869375612083225  0.19875779047171291
  0.20868057793883929  0.21837805461066331  0.22854932176242387  0.23881039241840488
  0.24909098702486288  0.25965340368605316  0.26993455930734211  0.28019882547594976
  0.29057900513040175  0.30130521550124634  0.31244138007237082  0.32366007454782519
  0.33458624999554670  0.34507434713478624  0.35554959783179457  0.36621983133787211
  0.37647776335107869  0.38682354795432505  0.39704180234870851  0.40777860749941053
  0.41836450153113119  0.42901056796958981  0.44006329472315270  0.45149642723467703
  0.46305431861682417  0.47435742466963537  0.48465920948099672  0.49459400648791768
  0.50460084885529632  0.51487433113740821  0.52527079773448770  0.53558290343136894
  0.54604943835013220  0.55656199594683453  0.56684439537579845  0.57704993742809352
  0.58736449310347416  0.59783098954921865  0.60833109950174757  0.61875763674652307
  0.62926150727165986  0.63970005987761180  0.65008860539814806  0.66044966657700499
  0.67073073493745994  0.68105597699099396  0.69155573054425790  0.70252283445221542
  0.71355890532356936  0.72439357265504212  0.73486017066403686  0.74528580191945182
  0.75562358854482403  0.76576415235906337  0.77606115415581678  0.78632161475114859
  0.79691766113645779  0.80747824365678622  0.81824334231993578  0.82871620734302154
  0.83897575497071053  0.84913232236283864  0.85931933251247039  0.86963606072235700
  0.87986766554799678  0.89040380646411077  0.90089174205611489  0.91157697214797850
  0.92251337755884510  0.93378662063425932  0.94528784198012061  0.95671853688616393
  0.96769339277549471  0.97847320532576521  0.98922226041162731  1.00000000000000000
 -0.00326252471855190  0.01772528023076788  0.03557910208352431  0.05374126649415233
  0.07167050039064320  0.08968469880274801  0.10795910346506367  0.12595449230707703
  0.14333728954295433  0.16021824157292269  0.17716844195560086  0.19387282757758537
  0.21029312342840198  0.22665426154898732  0.24275832718617518  0.25850423373814191
  0.27424360902944839  0.29000598864656452  0.30559934784386072  0.32081443784550379
  0.33572216357370238  0.35051558897626400  0.36483706146990053  0.37878913908050615
  0.39260194207615423  0.40621093972136402  0.41970871792113484  0.43334557510990945
  0.44687006596628370  0.46019795637417665  0.47327920050929589  0.48615345961848427
  0.49881178785498881  0.51121150344605260  0.52323661026308088  0.53513526498421782
  0.54717119352444088  0.55916855406376309  0.57083655227826469  0.58221962393134918
  0.59352977477157254  0.60474841113076749  0.61589051726710742  0.62687928042886154
  0.63772742781549085  0.64845015408049567  0.65914433985092258  0.66971385991364740
  0.68012613932318688  0.69025631439589008  0.70016690950920479  0.70976184933583120
  0.71929900860583473  0.72874842914409266  0.73803665898058368  0.74698853315656000
  0.75596306278354042  0.76488770628512248  0.77383608923959779  0.78268987796098144
  0.79146170785166381  0.80011489269223612  0.80858398248968866  0.81687219098958808
  0.82500137951594354  0.83297379611032607  0.84065132468749404  0.84814099979565027
  0.85554460169769919  0.86276636050603650  0.86983971882525568  0.87669735713812447
  0.88342873631595531  0.89006719743605789  0.89665351086642142  0.90324312290714326
  0.90968637583549961  0.91591863143488295  0.92178053947640992  0.92745452309641496
  0.93305230525033500  0.93851255189374294  0.94379278749496021  0.94891046578226512
  0.95395813564517606  0.95882534953677279  0.96349901527876880  0.96804571046262167
  0.97243664223819803  0.97667226670676555  0.98082262394566022  0.98483731742600000
  0.98877215045416400  0.99258888814160273  0.99631507730822089  1.00000000000000000
 -0.00393574476256884  0.06000472478036872  0.08675086453849172  0.10410435284799067
  0.11745682183492988  0.12882673782933404  0.13896563137269791  0.14829535049487727
  0.15654847526507937  0.16452108492725986  0.17180919659650298  0.17900364334269789
  0.18608138356807277  0.19289853780958172  0.19954564125366878  0.20615459880365472
  0.21279673308131988  0.21945916118424746  0.22616184304302114  0.23285906317927624
  0.23940565725029522  0.24589236745033841  0.25222752334171583  0.25848935953673918
  0.26479026720641219  0.27115788962482296  0.27779352379210853  0.28445861398858951
  0.29096562157634009  0.29741026856509595  0.30397493188559455  0.31077081132313195
  0.31750426142505134  0.32403155583656662  0.33043131207342313  0.33678956693016071
  0.34316459974460545  0.34961356698040025  0.35607762817152677  0.36253074799441187
  0.36906841948333646  0.37556791102535148  0.38247395590940864  0.38952036562626940
  0.39653055762111344  0.40338061406197717  0.41006148242238838  0.41658906168413706
  0.42307873123275863  0.42958862106598689  0.43607396958962708  0.44247001329316832
  0.44881360920122165  0.45522443540189550  0.46176680658357500  0.46842410436118070
  0.47504116463502100  0.48173218241613425  0.48842658531484595  0.49515289895849690
  0.50198001723081520  0.50885767392317671  0.51580355676785383  0.52274005398921586
  0.52970084292748199  0.53677142452650373  0.54395512886494446  0.55124131395656417
  0.55861554470695030  0.56624449885525774  0.57401253921935425  0.58176832598832851
  0.58952907537427868  0.59732822625422233  0.60530307071067768  0.61345249113006717
  0.62168610549186387  0.63002487097753956  0.63841714261684579  0.64717396993319187
  0.65653127840457615  0.66635705489927977  0.67650468700324851  0.68682132642654481
  0.69735667513192401  0.70820358783412740  0.71962949005202459  0.73164647091377721
  0.74480747618692988  0.75917048768747430  0.77517435922922939  0.79347474774308135
  0.81511555534905555  0.84240896930857367  0.88832039180699240  1.00000000000000000
   1187.5746534269579       -1.0000000000000000     
 F T F F T F F F F F F T F F T F F T F F T F F F F F F T F F T F
  <DiscreteSampler_grid>
  grouped_processes
  1 # 1 for a reference and 2 for a running grid.
  10 # Attribute 'min_bin_probing_points' of the grid.
  1 # Attribute 'grid_mode' of the grid. 1=='default',2=='initialization'
  0.0000000000000000 # Attribute 'small_contrib_threshold' of the grid.
  0.5000000000000000 # Attribute 'damping_power' of the grid.
 # binID   n_entries weight   weight_sqr   abs_weight
    13   10   2.796242478274180E+010   2.032063513870301E+021   2.796242478274180E+010
    14   10   2.796242478274181E+010   2.032063513870303E+021   2.796242478274181E+010
    16   10   2.796242478274181E+010   2.032063513870302E+021   2.796242478274181E+010
    17   10   2.796242478274181E+010   2.032063513870303E+021   2.796242478274181E+010
  </DiscreteSampler_grid>
