  0.00000236380269522  0.00000240853847252  0.00000245327424982  0.00000247257587929
  0.00000249019721245  0.00000251412492370  0.00000253900226134  0.00000256492725485
  0.00000259174719801  0.00000261924392016  0.00000264741539089  0.00000267677678311
  0.00000270705518184  0.00000274065240149  0.00000277658759408  0.00000281475188449
  0.00000285559834279  0.00000289662203093  0.00000293884722699  0.00000298214623535
  0.00000302696886474  0.00000307296349969  0.00000311904347235  0.00000316511743137
  0.00000322350983311  0.00000328547439731  0.00000335062763827  0.00000341817944148
  0.00000348743913954  0.00000355847594186  0.00000363151580779  0.00000371270266989
  0.00000379999146461  0.00000389230537187  0.00000398933702692  0.00000408933707995
  0.00000419249780868  0.00000430019741059  0.00000442231352474  0.00000455123007368
  0.00000468163762030  0.00000481644637401  0.00000495914405264  0.00000512355785971
  0.00000530325994258  0.00000548748799553  0.00000567463471899  0.00000586803407702
  0.00000607206768397  0.00000628567480844  0.00000650490768522  0.00000673461321682
  0.00000698527977398  0.00000727703894956  0.00000757233087025  0.00000789509152310
  0.00000824834967513  0.00000862198823243  0.00000900635426339  0.00000944553892965
  0.00000994040700724  0.00001047627508506  0.00001107305679205  0.00001172031132301
  0.00001242233269232  0.00001319282863664  0.00001400903522694  0.00001488316563313
  0.00001583276746482  0.00001688350353437  0.00001804320627019  0.00001925821417284
  0.00002060848952397  0.00002212999621563  0.00002398471631088  0.00002613022413934
  0.00002855106048110  0.00003135964605550  0.00003459679666416  0.00003836121826469
  0.00004302029854836  0.00004865050348964  0.00005509777266146  0.00006324968216276
  0.00007329270108705  0.00008520589882399  0.00010129297883354  0.00012195510197075
  0.00014967586973223  0.00018817069185750  0.00025072368597795  0.00033744769573911
  0.00045972542966643  0.00077220972076872  0.00137248068481113  1.00000000000000000
 -0.00236009707919547  0.01010798143239788  0.02051059953064133  0.03035512349481809
  0.04028831567837975  0.05053607546980937  0.06112724986872621  0.07121339380201475
  0.08094161984006655  0.09104307661049574  0.10133796100174546  0.11143717856953918
  0.12164149168279834  0.13230632406313481  0.14371844931801381  0.15482932970821012
  0.16579709679242102  0.17683899284771495  0.18782304531711841  0.19887976821443595
  0.20982707307543957  0.22057942302681283  0.23111506254067718  0.24121016379696311
  0.25102353457630511  0.26117688119522792  0.27156831507741552  0.28274656098152318
  0.29361497723067176  0.30428240221578567  0.31484893409017733  0.32586227417360553
  0.33685223540563186  0.34730071690728626  0.35729628800422875  0.36747400655833340
  0.37765895398774435  0.38822772046635917  0.39899505909250721  0.41077494568862188
  0.42201175200935542  0.43257805549686301  0.44304210320553145  0.45327982645144854
  0.46408093378737120  0.47488633523243401  0.48604394499201803  0.49754059696884179
  0.50853394581865552  0.51937185613392067  0.53018442955150979  0.54073991035971780
  0.55079632862957584  0.56068967472998632  0.57077489205989818  0.58076790082751983
  0.59036149375455116  0.59963744420881715  0.60885449108186418  0.61796980831374770
  0.62772499531319281  0.63809276222341282  0.64837501709388834  0.65900552417230163
  0.66999724305251074  0.68159441386047470  0.69316214986759039  0.70430576504558295
  0.71539911023790848  0.72586898180674286  0.73620469137969702  0.74607743296053453
  0.75693674931085531  0.76774062268232124  0.77839363301257236  0.78861100261074435
  0.79901888393180842  0.80957253928317519  0.81944195455926938  0.82948465451625664
  0.84022084003653263  0.85113021906354347  0.86174201683161955  0.87218880233717866
  0.88287173940969754  0.89407615949988484  0.90468464710045626  0.91547321471864884
  0.92578476884821759  0.93614539937841501  0.94652598198105053  0.95726444064661154
  0.96860558844605704  0.97954278453614463  0.99008452692718663  1.00000000000000000
  0.00079310739259854  0.02131265334997281  0.04068509831699407  0.06066985933478913
  0.08064313619655032  0.10036999900985502  0.11954653772800011  0.13875740459171082
  0.15761268917534224  0.17635857504051283  0.19494150927609744  0.21299635191340874
  0.23050712063620735  0.24760694810448064  0.26445120712018844  0.28119504933423800
  0.29783746587701171  0.31442184879149448  0.33085893176474074  0.34691713910122218
  0.36273802884444389  0.37838120852480256  0.39345208819279526  0.40816301752129064
  0.42280119964783747  0.43750057395429354  0.45202288714720518  0.46643250801626124
  0.48066913873126599  0.49469694239645523  0.50843248347066494  0.52176787018436022
  0.53471226611136302  0.54747666714687959  0.55980398662250619  0.57174319526628781
  0.58377276726069982  0.59604901039363500  0.60832435709239219  0.62037275260672886
  0.63217658398074195  0.64375316492713486  0.65504121917153202  0.66614743394781750
  0.67699615232012800  0.68761425148535538  0.69795219909909156  0.70806349248405920
  0.71784660825091406  0.72737022874120238  0.73688191125345492  0.74622413036389779
  0.75552162087131580  0.76464820484733098  0.77365507238347297  0.78251375459915751
  0.79128314067093086  0.79979833387397437  0.80818801144444086  0.81623594345538830
  0.82402346914484970  0.83179040101149182  0.83933623919477840  0.84667645117751533
  0.85386186954972021  0.86086982102354204  0.86784091846641787  0.87475135096599732
  0.88140467713329929  0.88802224081938086  0.89458945340201590  0.90075967651454825
  0.90680552336664388  0.91274277203233212  0.91859622190996915  0.92434893345447655
  0.92992904299543100  0.93525333556513968  0.94028553396987935  0.94510149549917910
  0.94979931046788668  0.95438600179551036  0.95872517734865237  0.96280846056059732
  0.96676266198809613  0.97061477638109384  0.97434871379566057  0.97797639692597205
  0.98130640861513774  0.98446489876541066  0.98743019197478665  0.99021661999609956
  0.99283752017178839  0.99528113575918442  0.99766390422580231  1.00000000000000000
 -0.01972969835471343  0.13591115977509985  0.18520163988633873  0.21786312083390647
  0.24433187315920282  0.26623762216540869  0.28609149481920482  0.30426830283444778
  0.32070830798614242  0.33599202606841216  0.35011781835729966  0.36364406738477117
  0.37683722688476229  0.38982111572772465  0.40224525766439650  0.41407283015994145
  0.42558318663900635  0.43692164862608934  0.44810484999845196  0.45877206094308176
  0.46862503392493982  0.47827019152366584  0.48803935344525984  0.49755469127188506
  0.50640343409075350  0.51489596041093699  0.52349443744951163  0.53221894419623195
  0.54070902097360618  0.54897377293370775  0.55695629449185469  0.56475294056621761
  0.57248293626436952  0.58015783411473654  0.58737036923155217  0.59420024015672057
  0.60096240427314918  0.60770916437841616  0.61444886534450349  0.62115084389505393
  0.62777943319830432  0.63427998331660262  0.64058803029031119  0.64675002425708950
  0.65269800524874189  0.65857729106576612  0.66459707288450010  0.67055799849699549
  0.67650671712542754  0.68238816555738113  0.68834301084576976  0.69416932784378516
  0.69993891249311180  0.70559209032943837  0.71112725512546815  0.71650943076154328
  0.72182455622453001  0.72712695499696078  0.73229510102231765  0.73739077280702026
  0.74234644623901991  0.74727831084889529  0.75214608563043761  0.75711547988766614
  0.76199862849672872  0.76677136811957147  0.77148105440329162  0.77612934553112589
  0.78075502566190347  0.78562409981231651  0.79042346486585524  0.79520943174794534
  0.79989083771139935  0.80453007958751233  0.80918470967579104  0.81376736080332734
  0.81831359894856304  0.82285294697186318  0.82743383230656942  0.83208037191411588
  0.83675451754214381  0.84163375621650738  0.84652333689064074  0.85156525085495416
  0.85695183266642860  0.86263122838461914  0.86847406370517721  0.87457301679702892
  0.88129805622736468  0.88854677341366251  0.89631924724346024  0.90548276611759659
  0.91617494528089294  0.93011491272377278  0.95175752837730476  1.00000000000000000
   171.79942839777263       -1.0000000000000000     
 F F T F F F F T T F F F F T F F F F F F F F F F F F F F F F F F
  <DiscreteSampler_grid>
  grouped_processes
  1 # 1 for a reference and 2 for a running grid.
  10 # Attribute 'min_bin_probing_points' of the grid.
  1 # Attribute 'grid_mode' of the grid. 1=='default',2=='initialization'
  0.0000000000000000 # Attribute 'small_contrib_threshold' of the grid.
  0.5000000000000000 # Attribute 'damping_power' of the grid.
 # binID   n_entries weight   weight_sqr   abs_weight
    10   10   3.060581633007557E+011   8.667585583505993E+023   3.060581633007557E+011
  </DiscreteSampler_grid>
