  0.00000237319037458  0.00000240533244830  0.00000246357986769  0.00000251608917243
  0.00000257065423783  0.00000262649223917  0.00000268167356761  0.00000273777460423
  0.00000279674443937  0.00000285714784649  0.00000291914746305  0.00000298230378258
  0.00000304632851052  0.00000311167681329  0.00000317801297100  0.00000324833059568
  0.00000332564703527  0.00000340336496845  0.00000348278530428  0.00000356477671582
  0.00000364681007372  0.00000373545609869  0.00000383217939193  0.00000393355838746
  0.00000403666246491  0.00000414264723071  0.00000425123710305  0.00000436578037196
  0.00000449792144706  0.00000463199127293  0.00000476738576366  0.00000490690722302
  0.00000505509367577  0.00000521624804503  0.00000538925115503  0.00000556472679559
  0.00000574583347388  0.00000593819695021  0.00000615067624152  0.00000636904306776
  0.00000659172181283  0.00000682643628396  0.00000708196938299  0.00000735161806379
  0.00000762463694167  0.00000791062241481  0.00000822451474084  0.00000855482802882
  0.00000889277739783  0.00000924693196529  0.00000966383499423  0.00001008181401143
  0.00001051249410025  0.00001098552425996  0.00001150541010539  0.00001203922926014
  0.00001261921768585  0.00001326364315020  0.00001393045414544  0.00001466320327973
  0.00001545212655807  0.00001627586017292  0.00001715541236416  0.00001813768377886
  0.00001915587804787  0.00002032717940426  0.00002156476440647  0.00002289665015557
  0.00002442035088740  0.00002605007792824  0.00002787239663978  0.00002983565004228
  0.00003202886888185  0.00003447644133632  0.00003717509628668  0.00004019337340389
  0.00004363541667325  0.00004757609602030  0.00005196164041078  0.00005677094062230
  0.00006245646534713  0.00006916778578216  0.00007735662032921  0.00008686145263559
  0.00009793413073819  0.00011040011323959  0.00012578239407366  0.00014537414964267
  0.00016992743774594  0.00020042242137856  0.00024754152849069  0.00033159452375567
  0.00048686877489288  0.00084233172370355  0.01588646598477001  1.00000000000000000
 -0.00245387611876781  0.00960780593360410  0.01986672959914127  0.03036726023319838
  0.04110132143184730  0.05157379735210289  0.06198791180716279  0.07226624460130845
  0.08251495945235512  0.09300130236685147  0.10339928792585862  0.11393586337574134
  0.12436196117122007  0.13482795840212022  0.14542898524710396  0.15577181194190803
  0.16617933945050403  0.17650327746185213  0.18695706370027226  0.19733627163405734
  0.20772399731088315  0.21806283761186537  0.22845754028340864  0.23899684822625275
  0.24960353266061786  0.26026011043839331  0.27101728970228545  0.28177173340855710
  0.29264175249853092  0.30313137866864120  0.31362571736158085  0.32384803112894361
  0.33419316140524169  0.34480912131815361  0.35531648544582428  0.36580997670254617
  0.37622738244970094  0.38690754893892143  0.39749978011247955  0.40793798355631333
  0.41823722728325968  0.42870360501598098  0.43925485912104756  0.44976817675707365
  0.46042033193458715  0.47094705403896381  0.48137117969341903  0.49145369532105482
  0.50168331388648546  0.51228541224876356  0.52291774051194995  0.53337860464087006
  0.54398785490221779  0.55473611098799647  0.56553909869778662  0.57600179235219739
  0.58648095800129985  0.59694564529650795  0.60754221204520076  0.61821410979144820
  0.62888261652705491  0.63964286363143141  0.65011582147146907  0.66064334655042090
  0.67113869678684546  0.68149356333615918  0.69163248572614378  0.70162147556000887
  0.71172234501510123  0.72228200683976396  0.73284060007030793  0.74357360492852653
  0.75416614272354709  0.76483422063478645  0.77550510140700946  0.78615192387752575
  0.79702312431117395  0.80814002003754692  0.81903196424242897  0.82988658154199202
  0.84068273274184890  0.85167191601774395  0.86236998330646109  0.87306200217401075
  0.88367411009147179  0.89428707126312224  0.90472100152856649  0.91517914512890652
  0.92542704533778430  0.93576083924426356  0.94632995208810766  0.95696032793332964
  0.96765724460520253  0.97832086814115637  0.98922613695113482  1.00000000000000000
 -0.00222705483492664  0.01061759988864359  0.02199692120186644  0.03421332566496185
  0.04654158245498730  0.05874385438847489  0.07071664680873410  0.08247300437153797
  0.09424114119167763  0.10609142892401606  0.11787037325991576  0.12957475038774438
  0.14119499488990903  0.15290648020285352  0.16464022422906235  0.17624995544139341
  0.18779917183845038  0.19932886362133906  0.21080141265354910  0.22208629127160132
  0.23330977233998779  0.24463017361278344  0.25585184816293083  0.26693082334821855
  0.27784617559317731  0.28877860853273163  0.29974160220291107  0.31068366432035532
  0.32148407968256792  0.33211935402753839  0.34266925371854606  0.35315569320062107
  0.36373326549806878  0.37427520489125532  0.38484684361398575  0.39538443099111120
  0.40577993842980592  0.41594532900836056  0.42579625274325972  0.43558741044902066
  0.44544157268215001  0.45519936670914890  0.46495177288225559  0.47472690868016215
  0.48453916980320327  0.49450331235686212  0.50444940030962082  0.51447242094163514
  0.52439978453911829  0.53420758784614564  0.54393908569967020  0.55346316584084476
  0.56300999993385137  0.57261741101200092  0.58228970770880639  0.59173377531079774
  0.60098127536864643  0.61026893641995394  0.61962603262914195  0.62896967365160583
  0.63824745659607351  0.64748380047976728  0.65673956018315094  0.66597177143631070
  0.67510750415767307  0.68419783864297534  0.69331638227439707  0.70249573572480328
  0.71174286104391182  0.72099230235048040  0.73013639938598329  0.73931707622587384
  0.74848584133676210  0.75783119422284606  0.76722045568663633  0.77663598963521396
  0.78593606079556133  0.79536555094264960  0.80488738512216773  0.81451169829444858
  0.82416752549331507  0.83376485226559394  0.84336881775778150  0.85299762382839683
  0.86267282943171208  0.87249313785124194  0.88243544623034853  0.89252639358155672
  0.90282107177186266  0.91348186949314547  0.92466230038328978  0.93637561303670325
  0.94861761435222003  0.96228318609077224  0.97921079387068821  1.00000000000000000
 -0.01188088442640269  0.09900875005473742  0.13675486028648176  0.16041302591111473
  0.17932790000099558  0.19524785026766886  0.20924483142141839  0.22197348043758694
  0.23359811912218781  0.24432751987203047  0.25431422283603122  0.26386903858312499
  0.27293818492107341  0.28154894741981118  0.28983186148264672  0.29778577411046209
  0.30553820803827070  0.31308712599577193  0.32040084329935531  0.32756018724459290
  0.33459447040012041  0.34147891126947916  0.34825398547510689  0.35488792049366230
  0.36141267005971683  0.36788775062683660  0.37432195822406328  0.38072373102594248
  0.38710347488483510  0.39342894627067010  0.39968830915388120  0.40583252542154752
  0.41193453124497975  0.41796063616443130  0.42395346977120985  0.42991773153579071
  0.43579950136691059  0.44157446428083991  0.44730959329353104  0.45306810882477228
  0.45882200212439067  0.46449792304077925  0.47009628767317652  0.47568303778623844
  0.48127468600738937  0.48686944326596793  0.49250345112735416  0.49813936834592615
  0.50375516907667461  0.50941114796831133  0.51507929122003693  0.52074418759298702
  0.52639304049659819  0.53201274935262710  0.53763436551533073  0.54328341240539213
  0.54890770259444588  0.55457333178523971  0.56021559546712763  0.56592280326701871
  0.57167777679402776  0.57747237111789185  0.58328681970215757  0.58915073245127247
  0.59510197413703481  0.60109421394523932  0.60718502120780338  0.61334707931480781
  0.61955245265072445  0.62583058086062404  0.63221626246675300  0.63870082122858707
  0.64522794784587800  0.65184628934426014  0.65854115186847073  0.66530964725082731
  0.67234041283032031  0.67950666654428826  0.68683674525064053  0.69443332477546649
  0.70220766939468782  0.71024395693667175  0.71861213201986818  0.72734465537545490
  0.73648615638827186  0.74613959629755022  0.75624884512812984  0.76700798782706558
  0.77862991905490786  0.79135991048477294  0.80524155048039359  0.82085119965844455
  0.83938226276829320  0.86258605394709753  0.89977551931862254  1.00000000000000000
   13.094040209770688       -1.0000000000000000     
 F F F F T F F T T F F T F F F F F F F F F F F F F F F F F F F F
  <DiscreteSampler_grid>
  grouped_processes
  1 # 1 for a reference and 2 for a running grid.
  10 # Attribute 'min_bin_probing_points' of the grid.
  1 # Attribute 'grid_mode' of the grid. 1=='default',2=='initialization'
  0.0000000000000000 # Attribute 'small_contrib_threshold' of the grid.
  0.5000000000000000 # Attribute 'damping_power' of the grid.
 # binID   n_entries weight   weight_sqr   abs_weight
    10   10   1.733315059961400E+008   4.398534458394230E+016   1.733315059961400E+008
    16   10   1.778776840034139E+008   4.519440301825134E+016   1.778776840034139E+008
  </DiscreteSampler_grid>
