  0.00000238586512071  0.00000239911790213  0.00000241227138445  0.00000242709949844
  0.00000244552246588  0.00000246544266172  0.00000248617905609  0.00000251218713791
  0.00000253912216463  0.00000256685769471  0.00000259553224277  0.00000262521343898
  0.00000265575838227  0.00000268751739969  0.00000272041598498  0.00000275467779831
  0.00000279103822170  0.00000283021385337  0.00000287062341830  0.00000291237122514
  0.00000295601612085  0.00000300165344305  0.00000304909206938  0.00000309796939309
  0.00000314589001982  0.00000319975119503  0.00000325737422061  0.00000331798940065
  0.00000338135729639  0.00000344771615787  0.00000351614578681  0.00000358659070290
  0.00000365928382212  0.00000373956993957  0.00000382900789909  0.00000392183754403
  0.00000401622720944  0.00000411572680547  0.00000421791958627  0.00000432735799853
  0.00000444735927281  0.00000457504787232  0.00000470495246432  0.00000483922122444
  0.00000498748505079  0.00000514980942658  0.00000532371793569  0.00000550363841978
  0.00000568500352901  0.00000587745539431  0.00000609529902174  0.00000632712972522
  0.00000657113192187  0.00000683349078306  0.00000712098084287  0.00000742333483248
  0.00000773346619720  0.00000807687700360  0.00000845514096884  0.00000885598944743
  0.00000927865559080  0.00000976667534827  0.00001026504773872  0.00001083812333319
  0.00001147152793916  0.00001212718500309  0.00001286656818752  0.00001367403136555
  0.00001455066599964  0.00001552431475908  0.00001652661833329  0.00001771376272078
  0.00001901191209791  0.00002051031298249  0.00002218243849940  0.00002414769991373
  0.00002639040636325  0.00002896405522481  0.00003191983116579  0.00003526588961591
  0.00003912678991267  0.00004378709014816  0.00004923812931917  0.00005598906794368
  0.00006445747872351  0.00007585130798079  0.00009160644881327  0.00011327612511961
  0.00014372821607266  0.00018251944087303  0.00024282868603590  0.00034986226447939
  0.00051160764008081  0.00111416622562912  0.02962574304677633  1.00000000000000000
 -0.00261725821387784  0.01031740716703958  0.02146377562817050  0.03246089782748038
  0.04348584245311983  0.05400402172738163  0.06464073262293279  0.07484728986672667
  0.08531439825445504  0.09576428755836550  0.10642333669353497  0.11748677927546351
  0.12845608953468671  0.13935820086177811  0.15006325759701020  0.16069484053595909
  0.17112079947679815  0.18144401398180601  0.19175316367263948  0.20203099770628158
  0.21219174154298601  0.22242426842618285  0.23250194636550350  0.24215299681427688
  0.25204318418837568  0.26223008865513436  0.27282662563297000  0.28345307212679155
  0.29393777820365424  0.30437045377612476  0.31481779435877377  0.32527094151885488
  0.33591612845954383  0.34646290867258611  0.35666294085978700  0.36677965307857890
  0.37726216522351502  0.38810872189008838  0.39899515361817328  0.40951605410898034
  0.41987295928630802  0.42994276263274983  0.44021970826838275  0.45051733370190095
  0.46110357319454159  0.47143730174366977  0.48167543596387691  0.49193666339333791
  0.50247927624382394  0.51329355246915043  0.52390963606601215  0.53428385217223151
  0.54488903165075497  0.55589121014686682  0.56667174699740297  0.57684562008774853
  0.58677140219579038  0.59696011783258274  0.60696195029282540  0.61727144992927363
  0.62780140630552850  0.63919183333362650  0.65057750175038553  0.66178536395017162
  0.67236091958700095  0.68247132945873157  0.69264022007889992  0.70303821271229594
  0.71346231604363919  0.72357529007408639  0.73402322757549632  0.74499612885695254
  0.75596025869272554  0.76671769214463281  0.77720113925843270  0.78773791370207735
  0.79811353300274424  0.80849960480950778  0.81895301918038377  0.82945888637880427
  0.84023177644483149  0.85089996187991424  0.86150272568158714  0.87218445699019131
  0.88311014255945885  0.89366709244797538  0.90408886408488220  0.91471579625711552
  0.92595149193851212  0.93668061504778233  0.94715960847673064  0.95760980007933172
  0.96801371509715228  0.97840757942633849  0.98902602729812694  1.00000000000000000
 -0.00190751322501808  0.01868750410014146  0.03740422996277420  0.05597190652974200
  0.07422955475903474  0.09198334845511195  0.10949511143975606  0.12696483755485072
  0.14429491369120934  0.16170854726647185  0.17887558872737333  0.19556837006250608
  0.21201487578979636  0.22823166570836276  0.24454811315642946  0.26048501380947719
  0.27613460931910810  0.29173863205639611  0.30717274441795722  0.32253520923259887
  0.33777932648394382  0.35268443406980166  0.36722483135660849  0.38130524658432080
  0.39512569046405677  0.40861189484763727  0.42189182751999066  0.43496086845271631
  0.44839381502535658  0.46170214562349515  0.47520721722309633  0.48867342195811142
  0.50209203866016627  0.51517572595035188  0.52794605514878457  0.54036569715558580
  0.55241341417044476  0.56414513795499999  0.57563294937429610  0.58698522599361924
  0.59828083864518189  0.60946495651110244  0.62060038005091311  0.63162603268137152
  0.64254102753505982  0.65321146700534083  0.66373550863638009  0.67415386102831698
  0.68440948972194915  0.69471796740972058  0.70477923648250063  0.71468600929932968
  0.72442664192537509  0.73397559679541102  0.74322446189775682  0.75237339004732762
  0.76124681973537223  0.76999126556407549  0.77858449939403607  0.78707026231370969
  0.79546773511590074  0.80376388373228336  0.81199160379704349  0.82009205871052526
  0.82808698540766079  0.83580493175851733  0.84304018803626835  0.85023187588384797
  0.85750555518382943  0.86472027055508516  0.87199544623333547  0.87891480448286818
  0.88543063950129652  0.89182156859839967  0.89809536516627408  0.90442170388537058
  0.91078525244400721  0.91694337255980340  0.92289809882059803  0.92874935178056761
  0.93444795252142254  0.93997381055638118  0.94530919722823614  0.95062322260277188
  0.95573781654125445  0.96064237503796324  0.96529826322665568  0.96982390714711786
  0.97427992798728669  0.97860455196737006  0.98267695575915393  0.98642084820400722
  0.99000149768513102  0.99343285690687866  0.99675194998247973  1.00000000000000000
  0.00077543634435992  0.05888433716241853  0.08532063568259941  0.10288187674713621
  0.11650741458394043  0.12811821589802982  0.13818468148680357  0.14752001225950639
  0.15590546773695335  0.16399657632569373  0.17169253762766040  0.17912056759952319
  0.18642288900902493  0.19345582443669623  0.20038671070604500  0.20725303487089161
  0.21397308259373546  0.22051540941111944  0.22698202592678191  0.23335478600766699
  0.23972080707174837  0.24620385802666039  0.25256280861200597  0.25887805912461437
  0.26514143412339408  0.27138810107313427  0.27772221355467330  0.28412611129785648
  0.29059633589436251  0.29715747674863763  0.30364092218859717  0.31014048226200636
  0.31662168481387842  0.32304312491404596  0.32939567792686852  0.33566356037940459
  0.34187800856958922  0.34816523284614537  0.35463933632148897  0.36143050521284081
  0.36828891274269171  0.37513018046244018  0.38173231364829613  0.38821359347791862
  0.39470873165733750  0.40133478800547739  0.40806406751963259  0.41482915491958361
  0.42133679795287449  0.42753046913783771  0.43372513465614171  0.44010603227606632
  0.44673742641964814  0.45354788501283466  0.46031165199464141  0.46697742756880217
  0.47347562809894228  0.47985440916918876  0.48683426065855911  0.49360581708594453
  0.50035859195261356  0.50716378564725040  0.51416663215828884  0.52138986883697969
  0.52867067001966939  0.53589197717199177  0.54319833747883361  0.55063313739251041
  0.55817579160643127  0.56577640711547550  0.57343665058027837  0.58112008189194353
  0.58877423576686549  0.59662679586710277  0.60478894313166753  0.61312911850212171
  0.62159405541343193  0.62997786206939754  0.63825073889329209  0.64680230272854755
  0.65582994069075218  0.66530147462577738  0.67488602795252106  0.68466616822251236
  0.69493753380023593  0.70581024592517505  0.71758170262057286  0.73020519986269505
  0.74372230150184404  0.75840601426528798  0.77452951794366864  0.79281429391227431
  0.81414646526358536  0.84044174835707008  0.88261496613083124  1.00000000000000000
   1180.6714285673254       -1.0000000000000000     
 F T F F T F F F F F F T F F T F F T F F T F F F F F F T F F T F
  <DiscreteSampler_grid>
  grouped_processes
  1 # 1 for a reference and 2 for a running grid.
  10 # Attribute 'min_bin_probing_points' of the grid.
  1 # Attribute 'grid_mode' of the grid. 1=='default',2=='initialization'
  0.0000000000000000 # Attribute 'small_contrib_threshold' of the grid.
  0.5000000000000000 # Attribute 'damping_power' of the grid.
 # binID   n_entries weight   weight_sqr   abs_weight
    13   10   2.268880647540806E+013   4.555627770923319E+027   2.268880647540806E+013
    14   10   2.268880647540795E+013   4.555627770923265E+027   2.268880647540795E+013
    16   10   2.268880647540807E+013   4.555627770923321E+027   2.268880647540807E+013
    17   10   2.268880647540796E+013   4.555627770923273E+027   2.268880647540796E+013
  </DiscreteSampler_grid>
