  0.00000237326285359  0.00000240148025135  0.00000245770273326  0.00000250831242997
  0.00000256079889281  0.00000261990321454  0.00000267981273201  0.00000274226483470
  0.00000280913889432  0.00000287903418782  0.00000294991343191  0.00000302206078442
  0.00000309623438819  0.00000316937077791  0.00000325655118724  0.00000334845103454
  0.00000344203385629  0.00000353756390573  0.00000363637218937  0.00000374309388610
  0.00000385703899847  0.00000397905988322  0.00000410447728695  0.00000423403013081
  0.00000437248114303  0.00000452173191104  0.00000467807147754  0.00000483613310587
  0.00000500039656054  0.00000518171045441  0.00000537638793526  0.00000557518824883
  0.00000578402148799  0.00000601269494959  0.00000625654635178  0.00000650984979504
  0.00000677393486463  0.00000705665687383  0.00000735656731050  0.00000766003491351
  0.00000798370509536  0.00000833247833799  0.00000870175974514  0.00000907832753377
  0.00000951289001711  0.00000996769384074  0.00001044233339117  0.00001095274553517
  0.00001151203358599  0.00001208193961191  0.00001272456457110  0.00001341215301909
  0.00001412672048657  0.00001489038724684  0.00001571490951505  0.00001659834909111
  0.00001759080209851  0.00001863792561884  0.00001975447455476  0.00002096295677670
  0.00002224333355159  0.00002363826978809  0.00002513342326624  0.00002676245907273
  0.00002858891356085  0.00003048134747365  0.00003266736174403  0.00003491460769325
  0.00003762699646510  0.00004037302182676  0.00004348374119064  0.00004682000119584
  0.00005068745423028  0.00005507230939032  0.00005984255987804  0.00006517181864672
  0.00007132502293213  0.00007836888209970  0.00008586220568707  0.00009443118546617
  0.00010402198395163  0.00011576126962606  0.00012914391628304  0.00014386468672789
  0.00016025267865133  0.00017994855106674  0.00020662624952416  0.00023989054102226
  0.00028609437597602  0.00034826004659101  0.00042115889609691  0.00050799893586100
  0.00062929326454947  0.00083875038587717  0.01596981285605249  1.00000000000000000
 -0.00246207281069009  0.00988005784647237  0.02022402832989493  0.03062305931685414
  0.04116192263125720  0.05163403002641555  0.06199245503295746  0.07227136502770704
  0.08257668329907519  0.09305054046230021  0.10341826601299971  0.11370683873608121
  0.12414188150604440  0.13466903201332209  0.14517911659531357  0.15570942556479095
  0.16626694827161229  0.17697785435054933  0.18768096410213317  0.19820092081219004
  0.20866627606512789  0.21893300323458315  0.22899627422666538  0.23920737750243698
  0.24954297476056403  0.26023677369717768  0.27087278488313954  0.28163798427965520
  0.29259366861899233  0.30334263591657024  0.31395865878087653  0.32414329844870970
  0.33431581735739579  0.34468439474414070  0.35509462530166852  0.36548293340797877
  0.37597617846799269  0.38649714013363284  0.39692832680878426  0.40717319853444367
  0.41740759812983014  0.42781820741695026  0.43826601337565524  0.44887528812683247
  0.45959825088070677  0.47037912677157628  0.48121591938796060  0.49195357929362293
  0.50256572360990626  0.51326109051904212  0.52388899261951705  0.53437267798183563
  0.54492946519596652  0.55560910142788977  0.56642192083037812  0.57691941672634828
  0.58736413761422923  0.59782092789283869  0.60836733337357718  0.61902829722108321
  0.62961871058879548  0.64022455387731803  0.65066399236316930  0.66108691849124390
  0.67151869435052647  0.68184934409823739  0.69219360555593645  0.70248710291335359
  0.71287265485903251  0.72369732425188316  0.73463284990102540  0.74562523031281580
  0.75636595656683747  0.76683135014655046  0.77723395816372409  0.78743067389628218
  0.79814166181725332  0.80894256509776319  0.81960288542536097  0.83023357161578681
  0.84094901140743172  0.85187404754702267  0.86253802949716940  0.87309198589532189
  0.88382259694427601  0.89431470611859487  0.90469676363630325  0.91500962244689754
  0.92548514381782976  0.93624315773410249  0.94676150989721120  0.95750390097949756
  0.96815754961283695  0.97887934362450812  0.98941613937236172  1.00000000000000000
 -0.00294210625763349  0.01421441279346062  0.02838677530077465  0.04279516848034238
  0.05648940808239632  0.07006044672025732  0.08337647380933925  0.09652427018599823
  0.10964679154946792  0.12289196891278568  0.13620052537933491  0.14960900233579688
  0.16296690057487609  0.17606556418190414  0.18888466366821824  0.20156997095930107
  0.21415807220746619  0.22662263444366845  0.23890805129574053  0.25119332698309149
  0.26357896066159497  0.27583264004622104  0.28800455324532948  0.29985391282454543
  0.31168297476567924  0.32337630229614034  0.33507580237332973  0.34673058689016573
  0.35829287798729692  0.36976741789259598  0.38111360696191060  0.39233636043042025
  0.40357448371168408  0.41464356465084629  0.42533549285268835  0.43578378657582817
  0.44636734906454223  0.45693758066300283  0.46742119548067246  0.47787957411571153
  0.48842240895665923  0.49891241638624806  0.50935157513415319  0.51979860562235469
  0.53020035461540149  0.54053077358680401  0.55066923899730580  0.56061454230386432
  0.57043544615469766  0.58024490275843676  0.59005506585858503  0.59980128637175356
  0.60951795510497253  0.61917256432322731  0.62869933451276205  0.63809794578806622
  0.64741156389714161  0.65670599454055589  0.66595951411372922  0.67509408233001944
  0.68413332478142264  0.69310582093307727  0.70199227751734083  0.71094999316251239
  0.72001651621890195  0.72912944827485182  0.73804162916721117  0.74690977936301373
  0.75575007630277591  0.76453856034522893  0.77318605534914664  0.78181471162356531
  0.79054361382800065  0.79937377594007886  0.80826013386773632  0.81706405233798474
  0.82584119481023843  0.83459045812995425  0.84326592403466749  0.85189460871472067
  0.86042647224073354  0.86891447341369665  0.87744154175232292  0.88594650354540827
  0.89441789243080905  0.90287652689977971  0.91137659747582611  0.92000550823737381
  0.92876899259487555  0.93765431692529788  0.94663528505076278  0.95574524479360723
  0.96539249473640465  0.97561937966491730  0.98723685224431545  1.00000000000000000
 -0.00832059630657264  0.09106064466870742  0.14748623654818266  0.17971707467199152
  0.20437028980632388  0.22517589012908618  0.24329358305565019  0.25991868337316426
  0.27521275695658953  0.28953557783198264  0.30310734423181351  0.31605996136516229
  0.32839066843468168  0.34029384286912828  0.35182961245420818  0.36326218406008520
  0.37451233994503874  0.38569632951415272  0.39668409221188583  0.40738467507784065
  0.41792164220360695  0.42812149081958861  0.43833395943306525  0.44817539961503722
  0.45802753968474258  0.46757810488167550  0.47710456386296873  0.48640167632769687
  0.49565175541082329  0.50471081911396343  0.51363053292956906  0.52245026047386145
  0.53111272168060031  0.53976924681073901  0.54821860803126310  0.55646665685224217
  0.56460568086419682  0.57256942188114457  0.58057099299778625  0.58846422103016605
  0.59628446825573544  0.60406366947640866  0.61174643321857136  0.61938023164110312
  0.62690541886628881  0.63433394285611699  0.64171747295030557  0.64895385870763100
  0.65595035882291597  0.66284783784985346  0.66967208476458984  0.67645047838461292
  0.68313404827639168  0.68972171146788164  0.69623869908246327  0.70270784721675472
  0.70911991358966919  0.71542193098052576  0.72167397322832849  0.72778734811090362
  0.73378262542369621  0.73970191124866169  0.74558375722610604  0.75132386832339570
  0.75691781064010855  0.76243980925638843  0.76794556400817593  0.77343595556459388
  0.77890897409474424  0.78436583817696870  0.78976890991525639  0.79507917535642547
  0.80024176556948823  0.80546230695111287  0.81066131183202084  0.81582761568402540
  0.82095007476714588  0.82605593113611331  0.83119344068385170  0.83642466050004538
  0.84175190874576200  0.84707496114538694  0.85234375990330191  0.85782231419597110
  0.86341453785546662  0.86907381596305178  0.87486777636605106  0.88104222135902766
  0.88750132444961138  0.89444403780210113  0.90215961045156645  0.91081503852696932
  0.92095582625288841  0.93378496469722438  0.95329282571148899  1.00000000000000000
  0.42718238069498748       -1.0000000000000000     
 F T T F F F F F F F F F F T T F F F F F F F F F F F F F F F F F
  <DiscreteSampler_grid>
  grouped_processes
  1 # 1 for a reference and 2 for a running grid.
  10 # Attribute 'min_bin_probing_points' of the grid.
  1 # Attribute 'grid_mode' of the grid. 1=='default',2=='initialization'
  0.0000000000000000 # Attribute 'small_contrib_threshold' of the grid.
  0.5000000000000000 # Attribute 'damping_power' of the grid.
 # binID   n_entries weight   weight_sqr   abs_weight
    10   10   6.162897990973866E+008   5.560616401723075E+017   6.162897990973866E+008
    16   10   6.324539875676936E+008   5.713465270455477E+017   6.324539875676936E+008
  </DiscreteSampler_grid>
