  0.00000236529073705  0.00000238162217506  0.00000239909860423  0.00000241703649560
  0.00000243447069010  0.00000245078874333  0.00000246683209583  0.00000248933180942
  0.00000251448723060  0.00000254103916082  0.00000256841857551  0.00000259710035574
  0.00000262652470610  0.00000265640388175  0.00000268659173416  0.00000271715661183
  0.00000274891568725  0.00000278665184622  0.00000282613392584  0.00000286675176581
  0.00000290832507677  0.00000295109551066  0.00000299752628215  0.00000304593183183
  0.00000309537163087  0.00000314484846195  0.00000320065113270  0.00000326730810832
  0.00000333883645281  0.00000341391504580  0.00000348957367497  0.00000356685879715
  0.00000364767369735  0.00000373547020193  0.00000382958973696  0.00000392852767855
  0.00000403133947131  0.00000413663694224  0.00000424371382630  0.00000435827641980
  0.00000449617142731  0.00000463667905411  0.00000477966021135  0.00000492857671740
  0.00000508672320905  0.00000526278182683  0.00000544814857523  0.00000563982790888
  0.00000584767999650  0.00000607225429555  0.00000630623562636  0.00000654508582996
  0.00000679368649684  0.00000707960450491  0.00000737820161775  0.00000768719864882
  0.00000803566116713  0.00000841915460092  0.00000882393620704  0.00000925715026962
  0.00000974353736283  0.00001026413743426  0.00001080699075232  0.00001139121779294
  0.00001200454698729  0.00001271112896409  0.00001350328409376  0.00001434333463751
  0.00001526271525933  0.00001628485069202  0.00001749980727030  0.00001884524989294
  0.00002032534122732  0.00002186047726413  0.00002364331701929  0.00002563537582047
  0.00002791050496588  0.00003049253298811  0.00003354840536654  0.00003712725143200
  0.00004146505300454  0.00004687687143960  0.00005332604751181  0.00006113810404992
  0.00007099294475604  0.00008328706191907  0.00009834520709175  0.00011902354770584
  0.00014907201665536  0.00018626652789182  0.00023762620055568  0.00034533481390252
  0.00050918530471088  0.00094846845765314  0.01589916806854343  1.00000000000000000
 -0.00223193280663837  0.00950138410484828  0.01920999107673973  0.02926548138913845
  0.03960214284044359  0.05051758105336175  0.06156342055220745  0.07234877136701899
  0.08294284773316694  0.09357709726384508  0.10391992414829292  0.11418248480991111
  0.12430454900920553  0.13426222448503564  0.14434918165627295  0.15491955039610603
  0.16591124407432781  0.17694317591629177  0.18793500989362086  0.19904873912345861
  0.21027367271063593  0.22097442064994866  0.23105527862685399  0.24080746915030182
  0.25054241025785051  0.26069882139654743  0.27138191257496330  0.28258308057543807
  0.29419388653678330  0.30577335531976046  0.31709045896987248  0.32806019684410359
  0.33877334749474575  0.34958588627549847  0.36025446251153131  0.37095723503764566
  0.38135115177366274  0.39154114688643227  0.40171341254125764  0.41178576325763383
  0.42179652547392166  0.43176018082504586  0.44214625204626107  0.45329147207095200
  0.46464675231259306  0.47589397237625586  0.48679703358630361  0.49717383316375863
  0.50753620972661817  0.51788377209151581  0.52831816170519563  0.53867299828235504
  0.54891957798900659  0.55943478802699342  0.56990154605381016  0.58041023349201082
  0.59018880503137638  0.59998518221047170  0.60996269724887675  0.62022526078848206
  0.63011877282596473  0.63998253715327325  0.65019431826176177  0.66048126334068225
  0.67049729249911072  0.68047305483324416  0.69055983966888212  0.70063811804811782
  0.71017337457120322  0.72002504160405123  0.73036551896527990  0.74112137174948700
  0.75161051055838946  0.76222095915297972  0.77286746334414369  0.78282482638468487
  0.79303420577029959  0.80356437653111079  0.81449103078456864  0.82574143030170866
  0.83697381912469793  0.84869746392914536  0.86020281117182262  0.87159927522365011
  0.88281544652683763  0.89399167786187372  0.90503621417049596  0.91598318173630755
  0.92717902742832170  0.93808879485326513  0.94870792318648789  0.95897920988144036
  0.96919580453085297  0.97950760477542687  0.98964717892704024  1.00000000000000000
 -0.00393339005963801  0.02044449789221553  0.04070094143138475  0.06015360360560709
  0.07877723331939056  0.09674295705793516  0.11478439754710688  0.13332525888619187
  0.15195890010651686  0.17034707987147069  0.18854525464227895  0.20661795927293669
  0.22412205783785044  0.24129351916694025  0.25817293652381146  0.27477742756063717
  0.29143202884928299  0.30808548381375805  0.32426498447608404  0.34008149423661083
  0.35562763883211435  0.37090793554658175  0.38615175345961178  0.40115972870001598
  0.41595623636986884  0.42965580581575746  0.44347706466111275  0.45718065910593109
  0.47072574632672060  0.48428830617414143  0.49795392303940017  0.51156683044169737
  0.52482968410481423  0.53779509710335649  0.55043253455502028  0.56302187906668255
  0.57538375788641238  0.58741899804551445  0.59911309813957858  0.61089979677713846
  0.62254496113799773  0.63398386692564512  0.64538561369697323  0.65691112208416624
  0.66822919083362542  0.67910849564545950  0.68960125471100564  0.69980127451872720
  0.70990920474645469  0.72004192854931759  0.72989646442557965  0.73933218615670160
  0.74861388240785387  0.75780074060200253  0.76674352826732983  0.77548477541972982
  0.78420417240403162  0.79303008129484431  0.80192659964511370  0.81064288847496735
  0.81891050021395217  0.82683469778050722  0.83448006372120775  0.84178157842233270
  0.84921821539948683  0.85645014005899867  0.86341592716775950  0.87023448363409928
  0.87685940062766077  0.88332882941576629  0.88975511095890847  0.89611552057294463
  0.90234526364745937  0.90839033949321879  0.91428333354892921  0.92002389579925792
  0.92559652221739896  0.93103537651816626  0.93635289649318487  0.94148413019765775
  0.94621577085874575  0.95076334117998929  0.95514969782405590  0.95939216697622698
  0.96358512623228509  0.96772528256613610  0.97167712297238018  0.97544703363634133
  0.97911882458454202  0.98259677088989317  0.98589169580894853  0.98903322310520747
  0.99198871553787560  0.99473212313522974  0.99739133056575302  1.00000000000000000
 -0.01738901368220159  0.13621640820862788  0.18538184834570892  0.21761900982713167
  0.24371872654568513  0.26651616190431143  0.28660150375598004  0.30479864213423630
  0.32141437217278174  0.33695994421891229  0.35159512212153804  0.36542356699471323
  0.37869663860947944  0.39117071854694546  0.40324250535028988  0.41488796513752468
  0.42638822270355786  0.43763726382525381  0.44843622149132689  0.45900826179992715
  0.46941540526129910  0.47929927710282660  0.48856425193324415  0.49751493449211870
  0.50639133640238976  0.51519544357817404  0.52379596437800369  0.53224955922228612
  0.54059067030517682  0.54883741398163888  0.55688081177205340  0.56470592589181778
  0.57223533327967058  0.57971584462325021  0.58691553354057679  0.59375804950001931
  0.60065223177274285  0.60716340071055475  0.61362743940207898  0.62021401368305151
  0.62689325993001055  0.63364673892123569  0.64027830944822806  0.64665837460373299
  0.65280306469791882  0.65868091093212344  0.66432906082772913  0.67002448621787059
  0.67575445049233085  0.68145607078234915  0.68709223537512720  0.69259101771219012
  0.69797415969414434  0.70331038315321470  0.70867791098459632  0.71410060558408994
  0.71948354409609461  0.72485615063789777  0.73021594344480090  0.73559926084272365
  0.74105168348219741  0.74647424426992937  0.75161756424584780  0.75651355497345729
  0.76132559902381991  0.76598369203558403  0.77079609533627513  0.77558050974799919
  0.78037520074051614  0.78514402217047352  0.78989831849755654  0.79463489867366888
  0.79925905081436899  0.80393822752888788  0.80854697732767922  0.81319726059036090
  0.81784331900654417  0.82243228233670629  0.82694942132336857  0.83156653364795541
  0.83640538545596188  0.84146587460441202  0.84671102313187641  0.85204295909559669
  0.85761185394223616  0.86333182487833560  0.86908099917641712  0.87511520177171132
  0.88156790498579574  0.88847923278200802  0.89609173387775076  0.90487372663853127
  0.91538581025106724  0.92919645551527752  0.95045119786019183  1.00000000000000000
   172.66877633418881       -1.0000000000000000     
 F F T F F F F T T F F F F T F F F F F F F F F F F F F F F F F F
  <DiscreteSampler_grid>
  grouped_processes
  1 # 1 for a reference and 2 for a running grid.
  10 # Attribute 'min_bin_probing_points' of the grid.
  1 # Attribute 'grid_mode' of the grid. 1=='default',2=='initialization'
  0.0000000000000000 # Attribute 'small_contrib_threshold' of the grid.
  0.5000000000000000 # Attribute 'damping_power' of the grid.
 # binID   n_entries weight   weight_sqr   abs_weight
    10   10   1.286663787777909E+010   2.398297935485353E+020   1.286663787777909E+010
  </DiscreteSampler_grid>
