  0.00000236735031684  0.00000237674869559  0.00000238970932364  0.00000240681779616
  0.00000242526372823  0.00000244355183389  0.00000246137846360  0.00000247893068602
  0.00000249671479725  0.00000251403261405  0.00000254380275865  0.00000257333559687
  0.00000260457998364  0.00000263894548564  0.00000267358028165  0.00000270890887916
  0.00000274732401588  0.00000278908526407  0.00000283299877191  0.00000287933155085
  0.00000292722881151  0.00000297645940563  0.00000302707541724  0.00000308095110964
  0.00000313443043008  0.00000319417625065  0.00000326036510608  0.00000333085823150
  0.00000340441040677  0.00000347905159500  0.00000355527607694  0.00000363393452397
  0.00000371737955905  0.00000381861671233  0.00000392531662750  0.00000403456205963
  0.00000414630589113  0.00000426222319271  0.00000438807798276  0.00000452949191503
  0.00000467611334602  0.00000482926143981  0.00000499358703926  0.00000517733677183
  0.00000539087940357  0.00000560119075920  0.00000582096781816  0.00000605325010796
  0.00000629485665243  0.00000654935703649  0.00000681418270518  0.00000714475965815
  0.00000748757640777  0.00000784856020610  0.00000823641683094  0.00000865296741494
  0.00000910605231158  0.00000961083299761  0.00001017659114135  0.00001076008101729
  0.00001142539982260  0.00001211022781684  0.00001289050773207  0.00001373891240947
  0.00001467231881942  0.00001569619858865  0.00001684632700227  0.00001814005093200
  0.00001958221417608  0.00002118720004401  0.00002301352977100  0.00002517383941070
  0.00002765260714579  0.00003040239184303  0.00003373714308524  0.00003758387402410
  0.00004207770029902  0.00004715991100114  0.00005297727514473  0.00006021234432346
  0.00006969746322735  0.00008113884139821  0.00009484088900087  0.00011328808407828
  0.00013772734756948  0.00016826382794078  0.00020998829873855  0.00026849495877661
  0.00035716424146635  0.00050745621424459  0.00074191527842464  0.00108297346346135
  0.00170953166798713  0.00375375592389226  0.02759276084763672  1.00000000000000000
 -0.00244042554526969  0.00910456439984521  0.01926249336296339  0.02867287571372737
  0.03828485094762823  0.04758012066544148  0.05684945593396955  0.06621462224674626
  0.07587852417062615  0.08554414117260149  0.09663940620055149  0.10748118596257952
  0.11804991877991630  0.12834980286555062  0.13869431145668773  0.14892578744489998
  0.15929990551503270  0.16975676084869645  0.18074819829575794  0.19139735862549795
  0.20185299328349093  0.21231588786667477  0.22293173274295394  0.23339855193860426
  0.24382950288967165  0.25425004410000795  0.26493850422316223  0.27542361080762395
  0.28554775893431361  0.29574169042437021  0.30577486735556941  0.31614779043122065
  0.32675095412247712  0.33770525067881513  0.34879602667342458  0.35971684806722976
  0.37057308283216978  0.38111361476285133  0.39152013121034018  0.40237560343815526
  0.41350918227205441  0.42458784490328449  0.43551424745368089  0.44654628629511778
  0.45777734969997991  0.46806968902824786  0.47785778767379805  0.48752602080169832
  0.49737373679139446  0.50752026751642842  0.51765147675314149  0.52837520454558284
  0.53965171273160528  0.55065436343468843  0.56135513919736191  0.57155337538497353
  0.58142286834170176  0.59125945994377049  0.60116430189833614  0.61125357803054836
  0.62154899230973526  0.63190175133368665  0.64229241930516512  0.65263465971176482
  0.66329693566453141  0.67427166559759699  0.68527844481218569  0.69625828773228160
  0.70713842844385411  0.71761264159557014  0.72786410762712161  0.73865193326999856
  0.74967556427522319  0.76080400024733530  0.77178673019381205  0.78267394480113095
  0.79363111980291223  0.80450216852725043  0.81527953261706410  0.82623493846238294
  0.83740620641574781  0.84872462845034213  0.86006037060896812  0.87135556644708922
  0.88252914421143791  0.89337217640358135  0.90382987760601496  0.91407789352842961
  0.92417645865483045  0.93437216488789476  0.94503662094781693  0.95596401155213584
  0.96670935798172264  0.97739635628505317  0.98823842703375020  1.00000000000000000
 -0.00365903686709261  0.02380883255096657  0.04857901684003167  0.07305060114695086
  0.09657302974675927  0.11980851889664502  0.14297501654058953  0.16576826892364432
  0.18792342350829827  0.20916282128499353  0.23002815479643118  0.25054060159830627
  0.27075210283237650  0.29064284540826113  0.31026439134096967  0.32919542776576072
  0.34781906837861210  0.36603883851364699  0.38395307892864983  0.40160006697809947
  0.41911453568351764  0.43602606208975797  0.45245674072872316  0.46844214214425001
  0.48430537316650352  0.50002788019153144  0.51538824477527079  0.53035361197118247
  0.54493354547035278  0.55913433868050233  0.57316558313381538  0.58702467206681519
  0.60056996649203143  0.61372734823330477  0.62656139581828740  0.63919950257460256
  0.65166589030427191  0.66378653473500959  0.67553574606679068  0.68700245488549538
  0.69825201082595345  0.70920282685750213  0.71976411563808496  0.73017468380083328
  0.74043729297232219  0.75050582108776132  0.76026641564831332  0.76992252200718836
  0.77943461917144918  0.78883107476414882  0.79794570365974493  0.80680336315191692
  0.81537953282603648  0.82365874289324825  0.83180098763761900  0.83969084103464020
  0.84735030959410107  0.85486600585372752  0.86210191033645078  0.86921085542301568
  0.87611926471515134  0.88281888315334411  0.88944249677299092  0.89586444400704812
  0.90202332483992442  0.90795033208347675  0.91373640975064996  0.91929334775634131
  0.92459226106531645  0.92978588329773360  0.93482405742449270  0.93964602232143757
  0.94404065217312216  0.94843980888283730  0.95278732293117707  0.95684354972919894
  0.96054387453605028  0.96393431436214461  0.96714075223815898  0.97027573264100231
  0.97326663646992218  0.97618274573978658  0.97902155411950420  0.98160328299338984
  0.98398192678452678  0.98622772444847684  0.98834491736305397  0.99017307985761371
  0.99185317163539843  0.99337488896501747  0.99474163151517359  0.99599172260169822
  0.99710673569837005  0.99810691685896169  0.99905863911604964  1.00000000000000000
 -0.00893442297938338  0.06171042521129637  0.08856450149512010  0.10620389491493294
  0.12009477759932399  0.13180071616457043  0.14240080636757219  0.15217048096369462
  0.16160901337582931  0.17072506985211139  0.17958064340312960  0.18815701656538261
  0.19655344474389147  0.20489141258096791  0.21308452133606481  0.22114269037472750
  0.22913970549441678  0.23721851142756512  0.24544061103321180  0.25345058032818701
  0.26108044741305569  0.26864317207269867  0.27624148746382077  0.28371909502154719
  0.29115030270871184  0.29868844527420840  0.30652289078640532  0.31486785250710270
  0.32370987682030539  0.33263158502400647  0.34177474190895685  0.35105501508172610
  0.36048753508813514  0.36963412742066315  0.37842511695106379  0.38707308602327473
  0.39553320022994559  0.40434076978304295  0.41314557532118457  0.42243523438184782
  0.43190931136147098  0.44104146818705903  0.44994603153141022  0.45849953548742828
  0.46702898419556049  0.47583355421014539  0.48504236076238721  0.49475632420846988
  0.50447164438018555  0.51384822288578258  0.52282865474328688  0.53122700628224329
  0.53987228071948712  0.54854245552422043  0.55727273275246036  0.56605381076919314
  0.57471040268632800  0.58369805701842359  0.59296342457565832  0.60253316579414118
  0.61280783973864750  0.62259041257541081  0.63188477069001248  0.64086708316500474
  0.64980034382885443  0.65901005419736236  0.66814378562369170  0.67712119739163812
  0.68590225377190417  0.69411783914270364  0.70197808126276573  0.70981885530422872
  0.71761720466548917  0.72533871427825114  0.73282979596507325  0.74006287915574409
  0.74735733295198459  0.75498343554270764  0.76294606391457720  0.77101301297503599
  0.77915046190048187  0.78743383859570981  0.79587018113978181  0.80447526579682072
  0.81315432564364720  0.82173892820909977  0.83032758346090385  0.83908818686740161
  0.84831373566546364  0.85799834344436854  0.86854627436177367  0.87999385469170655
  0.89365555926883611  0.91092715367349664  0.93787150149243259  1.00000000000000000
   2.9879042711331834       -1.0000000000000000     
 F F F T F T T F F T T F T F F F F F F F F F F F F F F F F F F F
  <DiscreteSampler_grid>
  grouped_processes
  1 # 1 for a reference and 2 for a running grid.
  10 # Attribute 'min_bin_probing_points' of the grid.
  1 # Attribute 'grid_mode' of the grid. 1=='default',2=='initialization'
  0.0000000000000000 # Attribute 'small_contrib_threshold' of the grid.
  0.5000000000000000 # Attribute 'damping_power' of the grid.
 # binID   n_entries weight   weight_sqr   abs_weight
    10   10   3.616621077689951E+011   1.014570650030426E+024   3.616621077689951E+011
    16   10   3.616621077689951E+011   1.014570650030426E+024   3.616621077689951E+011
  </DiscreteSampler_grid>
