  0.00000238447479523  0.00000241596584038  0.00000244462635195  0.00000246782080324
  0.00000248685628700  0.00000250968321287  0.00000253322972142  0.00000255769669323
  0.00000258321645272  0.00000260946130715  0.00000263691016471  0.00000266511418062
  0.00000269408616701  0.00000272390167325  0.00000275490953536  0.00000278787742303
  0.00000282269235721  0.00000285858183329  0.00000289528603891  0.00000293295188385
  0.00000297158068221  0.00000301151304342  0.00000305322394954  0.00000309610601668
  0.00000313996617233  0.00000318407970895  0.00000323491653151  0.00000329010887620
  0.00000334687572298  0.00000340473112542  0.00000346415238692  0.00000352570366376
  0.00000358925442829  0.00000365513267244  0.00000372562372583  0.00000380102090567
  0.00000388032089382  0.00000396197102821  0.00000404551731858  0.00000413130992483
  0.00000422014053863  0.00000431329831954  0.00000441214453134  0.00000451777681658
  0.00000462852014110  0.00000474242546662  0.00000486121313399  0.00000498535464619
  0.00000511715356348  0.00000525929904962  0.00000540851706681  0.00000556182736911
  0.00000572013984930  0.00000588704132856  0.00000606610579383  0.00000625501200098
  0.00000645004076193  0.00000665751610630  0.00000688125708894  0.00000712292544660
  0.00000738032542934  0.00000764627835598  0.00000791923927180  0.00000825218459935
  0.00000860309196611  0.00000896471899497  0.00000937130162118  0.00000981949859225
  0.00001028452474881  0.00001077874030285  0.00001136201936802  0.00001197968821795
  0.00001267528700040  0.00001344884200483  0.00001426214960025  0.00001518916896022
  0.00001622772469463  0.00001741240887740  0.00001878308616976  0.00002035887785205
  0.00002218235720385  0.00002430091387765  0.00002681870274189  0.00002989271553927
  0.00003357337314433  0.00003808944465566  0.00004385326803754  0.00005139621794401
  0.00006265628639556  0.00007937211141576  0.00010350859921023  0.00014333095751898
  0.00021707477715612  0.00068290315553214  0.00295538653469349  1.00000000000000000
 -0.00229503919228666  0.00940816081145005  0.01895902877382450  0.02933776925724419
  0.03961662820712098  0.05007697667688814  0.06031036340079754  0.07069074412819357
  0.08115029425685712  0.09149297147705036  0.10204276729525304  0.11243524535001215
  0.12288415258729837  0.13321875987983720  0.14365020975166931  0.15418935503040282
  0.16499187342509908  0.17588526905607876  0.18674567196263012  0.19756186392735425
  0.20832128445616546  0.21900601254331059  0.22982837125666508  0.24025759775777300
  0.25084481722319252  0.26116386598042440  0.27184881280174783  0.28270029341986791
  0.29376006565002433  0.30466152984071138  0.31565629384929050  0.32640116654996931
  0.33706716454030078  0.34759697334657219  0.35826070726967119  0.36879695357617881
  0.37901960525070733  0.38921491841293904  0.39945129874841145  0.40997288160185957
  0.42061472065838401  0.43112816793678183  0.44165365055363193  0.45209774890185522
  0.46272246614519019  0.47326079738662996  0.48395741293635219  0.49466601707935443
  0.50528242040671822  0.51576788199158030  0.52613087883729759  0.53667034925480017
  0.54732870064114814  0.55828608634374088  0.56914870240314086  0.57957340581359729
  0.58986648094498451  0.60012494785201054  0.61019721885442058  0.62010818620204611
  0.63007690775564562  0.64022439496424111  0.65043204915234376  0.66058591955483736
  0.67103706320581824  0.68174234178432724  0.69232632996662868  0.70307529067054186
  0.71374018553080476  0.72457036193471858  0.73547831690341658  0.74659867314234651
  0.75739916805523710  0.76807443015935806  0.77857915926439192  0.78913594062959447
  0.79946315271743074  0.80981323868501409  0.82013919605385588  0.83051098557766279
  0.84111381173590105  0.85202382360232276  0.86304064286687843  0.87373043791691474
  0.88418889412472645  0.89468112204810613  0.90520866394273281  0.91581195013271999
  0.92631517819013653  0.93686729474922270  0.94737357356157925  0.95815630055680079
  0.96871022231673742  0.97944620496400392  0.98966869489774434  1.00000000000000000
  0.00028931180320623  0.01730102990567175  0.03366497977072438  0.04986957501022531
  0.06574446864163996  0.08133337967533139  0.09683249865403860  0.11219634728391541
  0.12751111063144166  0.14277240235373262  0.15767116527419284  0.17225105757872441
  0.18689852702168974  0.20164228984191956  0.21635151008575287  0.23082967734894289
  0.24516746441378401  0.25930670402757594  0.27349549643315135  0.28758232386898969
  0.30130880673421867  0.31461679831381650  0.32783006247865143  0.34106833415112719
  0.35421137476596298  0.36728036893094462  0.38038654761178453  0.39345262415732785
  0.40623669369100385  0.41876398167678452  0.43120887100502059  0.44367976803356396
  0.45627184799821013  0.46889018321690512  0.48135640220600151  0.49358370243450073
  0.50559029043937687  0.51741321255368666  0.52915648998950715  0.54091633154097163
  0.55266389952736084  0.56419743847635451  0.57540924305145891  0.58653005922560952
  0.59775905623952952  0.60895401110816705  0.62004246658054840  0.63107563845318759
  0.64199448937133063  0.65261577116038827  0.66289135495666618  0.67298057649049370
  0.68302607745390309  0.69307424428944420  0.70307897446528378  0.71295946349395034
  0.72268803629253464  0.73229173508723333  0.74176044892265591  0.75107205266699129
  0.76022667464459792  0.76928374427909418  0.77826336562317322  0.78709597806454457
  0.79573616586933693  0.80421122128858413  0.81256614214933642  0.82076184728910206
  0.82875779564809504  0.83661930530874351  0.84439601675615061  0.85209882474110754
  0.85971567965091866  0.86726887480196901  0.87464001192471874  0.88189922707030766
  0.88910370675738493  0.89618169580114704  0.90305588314973406  0.90975638932838243
  0.91633289247668603  0.92271892452296778  0.92897028303342488  0.93514481290905282
  0.94107529586991223  0.94680299379933897  0.95240733373525532  0.95797219364847042
  0.96349597938187370  0.96895392605340713  0.97430321153320787  0.97948943126562971
  0.98455870733405770  0.98962053716477960  0.99478347826411340  1.00000000000000000
 -0.02118215399547372  0.11303261939859904  0.15253045309110441  0.17673762509469659
  0.19532141360222779  0.21068391849387719  0.22400551356428239  0.23592935082803015
  0.24684030538064633  0.25705558338208678  0.26681223554328781  0.27594532926890097
  0.28452427310047956  0.29270445547649898  0.30046954457075631  0.30804380730740621
  0.31533707168416175  0.32229033230995346  0.32911887913908155  0.33583864657076878
  0.34244661281699945  0.34891926475614049  0.35532535911671181  0.36170166413392957
  0.36799815644502110  0.37417921522528730  0.38021018103790771  0.38613648227894842
  0.39205720799650551  0.39792187731845585  0.40375790480668938  0.40952960863324095
  0.41522327169988932  0.42079124862176120  0.42627966104532955  0.43176697149952398
  0.43721903537239704  0.44260194313373830  0.44792580348287542  0.45321789884654889
  0.45850734949843719  0.46380645960126260  0.46914332052470714  0.47451804110164125
  0.47983815426726328  0.48509526285069138  0.49032441624837864  0.49555294439268149
  0.50079044448211341  0.50603468031305898  0.51138549030794933  0.51670624382323793
  0.52215248077691401  0.52756176151650891  0.53291490803746777  0.53826318601428980
  0.54365103739975507  0.54910530310465777  0.55456392261778076  0.55995548526467509
  0.56533654307100367  0.57076953053044355  0.57631142100056854  0.58198136473364293
  0.58773576294533270  0.59352973222425631  0.59936218243369499  0.60530454262475264
  0.61143182909857430  0.61765063627113470  0.62386038237615471  0.63016362985166929
  0.63652441006514437  0.64289863145554749  0.64937618047197732  0.65594211374132649
  0.66265607862790543  0.66947038761483835  0.67642108565433445  0.68355119757146465
  0.69095493412721476  0.69864126670941595  0.70654661811690511  0.71480415637380890
  0.72342998930203795  0.73247276342093115  0.74200136482039170  0.75209690301797005
  0.76302137411481896  0.77499820973680922  0.78850940202569431  0.80418137108939602
  0.82319533127017053  0.84736761444163600  0.88669344105215742  1.00000000000000000
   1127.4095347362418       -1.0000000000000000     
 T F F F F T T F F T T F F F F T F F F F F F F F F F F F F F F F
  <DiscreteSampler_grid>
  grouped_processes
  1 # 1 for a reference and 2 for a running grid.
  10 # Attribute 'min_bin_probing_points' of the grid.
  1 # Attribute 'grid_mode' of the grid. 1=='default',2=='initialization'
  0.0000000000000000 # Attribute 'small_contrib_threshold' of the grid.
  0.5000000000000000 # Attribute 'damping_power' of the grid.
 # binID   n_entries weight   weight_sqr   abs_weight
    10   10   1.389879127081122E+011   7.050774670190152E+022   1.389879127081122E+011
    16   10   1.390247426039261E+011   7.050977265526924E+022   1.390247426039261E+011
  </DiscreteSampler_grid>
