 -0.00009256633831390  0.00984608033329297  0.01355690073072811  0.01756841812419991
  0.02246804735746111  0.02716236910163271  0.03201440494175212  0.03719553607750100
  0.04256956786606531  0.04792968261719503  0.05327354099117210  0.05895692475969346
  0.06492598864002361  0.07097987244129202  0.07723030955727421  0.08368265200899780
  0.09018194791194591  0.09685910534082136  0.10372945858784333  0.11094519521105162
  0.11823087641204341  0.12564488325421566  0.13334160657083083  0.14100061515102191
  0.14867543283621443  0.15663983570277101  0.16481403431093028  0.17314314613530973
  0.18197735627506409  0.19096210203470193  0.19993910351478075  0.20893941718832321
  0.21845509310751018  0.22806938122728529  0.23753603157344580  0.24710558329884014
  0.25703028555061791  0.26723747681141585  0.27760635988745425  0.28813873753250846
  0.29914361221910907  0.31053754912077391  0.32194213392794002  0.33325239258945982
  0.34463357387656240  0.35639142865076151  0.36867856375342095  0.38117880910525542
  0.39365755000458236  0.40601453879820665  0.41868056217743405  0.43190071695467402
  0.44539744937106007  0.45891004071953218  0.47227722426443686  0.48543740651843709
  0.49855362327658459  0.51211993356446828  0.52575841866887596  0.53941062273471996
  0.55309675073591769  0.56681617709219745  0.58025643546316685  0.59399871067047161
  0.60787962216121183  0.62180671670367682  0.63566737266371787  0.64929644711301926
  0.66270178310655192  0.67597341716262038  0.68909891560084979  0.70209841206671753
  0.71523512358461794  0.72836898202118283  0.74131306898654714  0.75421329453354380
  0.76713191813305903  0.77995407071958534  0.79254207164548540  0.80489249077111513
  0.81714856632414612  0.82906814591701183  0.84112068930719430  0.85359390820254499
  0.86588758306925107  0.87787289241263433  0.88980398195972732  0.90154372402166572
  0.91355938302130557  0.92565796274665846  0.93764731493525655  0.94932728136485356
  0.96035404328039919  0.97298160621235175  0.98629427592330854  1.00000000000000000
 -0.00237685827176504  0.00963377564544991  0.02007844540866826  0.03040155693252507
  0.04096629789506587  0.05152425841321993  0.06213170378666824  0.07277881607499774
  0.08364585362480391  0.09446752270389575  0.10539355347205286  0.11562149470339078
  0.12601247132244997  0.13647793878505463  0.14689673123183686  0.15758877677548805
  0.16822712103008214  0.17922148857300915  0.19003567043187158  0.20023433364668283
  0.21066667123266120  0.22100393293531101  0.23167976433735499  0.24254361057917495
  0.25339710170061963  0.26393684008200424  0.27427757139296333  0.28447896117030236
  0.29466342107621057  0.30478878824025452  0.31502252224178212  0.32555916161023030
  0.33606881054548660  0.34656859803731432  0.35699090425544422  0.36751605283992378
  0.37814561258144924  0.38825060384375704  0.39878333267753824  0.40965033602120882
  0.42054658560496544  0.43109749664453889  0.44136452811166116  0.45158311564981596
  0.46188575808544519  0.47237745930782932  0.48288111283363605  0.49347245137098161
  0.50429523421279587  0.51512418960511652  0.52596825484149368  0.53675320302186780
  0.54762570319612403  0.55848478055925899  0.56883117175572973  0.57903131689405141
  0.58939286292125270  0.59991258050368490  0.61027205975857723  0.62059260079801326
  0.63103250447351522  0.64192473973050179  0.65283514991460034  0.66361771486135479
  0.67422337938200172  0.68489595726188457  0.69587362936102604  0.70706914709485291
  0.71782982872250356  0.72838847640041038  0.73895885857881949  0.74952401984187234
  0.75980647246762545  0.76986010698605645  0.77979990488362649  0.78994737666488746
  0.80018032702626318  0.81046303366643491  0.82074032082012072  0.83096024621775189
  0.84115322557053285  0.85131557089408494  0.86161422200798610  0.87199672763598013
  0.88242804926344598  0.89295771826742365  0.90343194263047888  0.91421413945504792
  0.92498864052710561  0.93594407946959346  0.94670001953280858  0.95751200556331406
  0.96800435559678089  0.97874601324280408  0.98927508214587623  1.00000000000000000
  0.00277957989914909  0.00884795869039230  0.01728939194451699  0.02560651120140696
  0.03389019644791551  0.04209878520211228  0.05030256347334310  0.05859223076743315
  0.06673650297938459  0.07488848340158480  0.08304342323930528  0.09113904863411440
  0.09916436060039008  0.10710572111626704  0.11490897586482943  0.12273368399534580
  0.13057823953576381  0.13849143555348306  0.14640723576705969  0.15439596059996227
  0.16247117291153429  0.17076700693108504  0.17929669531996187  0.18775645050936279
  0.19622185223203717  0.20467596868933607  0.21324476581552465  0.22193176416573510
  0.23055755817782631  0.23908474374927569  0.24763436292276902  0.25632272269858969
  0.26501304450174423  0.27369566234993475  0.28249119928883959  0.29145871603007079
  0.30062002781623987  0.30984846783683745  0.31905270417306808  0.32823617182699616
  0.33743399116330469  0.34664381800874289  0.35583742082641312  0.36493785561332204
  0.37422987361255944  0.38305107074214167  0.39193072836450915  0.40090323782751669
  0.41005142653453036  0.41923137343792471  0.42840023669886246  0.43766255788671898
  0.44711734818940219  0.45638939550663188  0.46563204338472131  0.47489767659737631
  0.48448561403769019  0.49413952738975897  0.50375643132271053  0.51330453624275219
  0.52290153524701921  0.53245256070155766  0.54182056212360474  0.55121642403493487
  0.56050407116788081  0.57069685001255732  0.58100845825962077  0.59170635663319204
  0.60235700071708842  0.61266227362709791  0.62316599007718210  0.63381546941265621
  0.64474158266162296  0.65586340066720028  0.66707251636835496  0.67895887398136123
  0.69090825107803489  0.70299414275867245  0.71536895528785394  0.72788851744451633
  0.74026374663051864  0.75301751221978874  0.76595347558089044  0.77891463186258891
  0.79213875610869855  0.80555375921241457  0.81950725797141855  0.83392184177590167
  0.84889954221243280  0.86452569109707766  0.88091048381302384  0.89823103977031216
  0.91693642590276014  0.93803984858025413  0.96471046181969544  1.00000000000000000
  0.00209708925455238  0.09417746607054708  0.14672052482499848  0.17815620714077654
  0.20289096796897824  0.22378203753412720  0.24176861570623023  0.25834669432735985
  0.27377808258686248  0.28801540082160026  0.30141062395951002  0.31426570822269051
  0.32673962429981002  0.33870155369156363  0.35021463349986487  0.36148198119858255
  0.37265657586753553  0.38376939501922408  0.39487542522289371  0.40601829968172015
  0.41690044172696367  0.42735733350790645  0.43739889717379438  0.44724025771670800
  0.45690020967610223  0.46664433689981211  0.47630999850338718  0.48632580646936535
  0.49644085628780343  0.50609903608557039  0.51552502981851678  0.52466189517913764
  0.53369971504371227  0.54246576974798821  0.55087486463329671  0.55904940203939935
  0.56724703425381617  0.57543478826683070  0.58347162111695261  0.59141822377654540
  0.59928562846265565  0.60717609373318870  0.61496725207852121  0.62265343283096974
  0.63017687035557457  0.63756001133699547  0.64488570052290817  0.65217882153018947
  0.65935217162221915  0.66637750669990214  0.67331867778052923  0.68026182129491641
  0.68714755739575639  0.69384609813087694  0.70036846104129669  0.70681269544296776
  0.71317038622179851  0.71936424806177723  0.72560977628606849  0.73169604668330868
  0.73779147732062267  0.74374489004587574  0.74960519273145143  0.75545882158074951
  0.76124521682846513  0.76705876507169501  0.77272760216370362  0.77824574576106509
  0.78371977299394346  0.78913158960857344  0.79449031579419360  0.79985155622025506
  0.80511624771940149  0.81037873286587803  0.81555745321400275  0.82074140021683095
  0.82600676564544895  0.83133061158691490  0.83673859563047759  0.84221031951096081
  0.84763657236382961  0.85308752360217877  0.85865543161220981  0.86430335820845061
  0.86998231697672279  0.87576645314227619  0.88165897126686310  0.88774969418720495
  0.89411589411981063  0.90079331949962116  0.90785342157816940  0.91550315479746114
  0.92438859677383589  0.93591449479023392  0.95351127827199755  1.00000000000000000
  0.33343022864516947       -1.0000000000000000     
 T F F T F F F F F F F F T F F T F F F F F F F F F F F F F F F F
  <DiscreteSampler_grid>
  grouped_processes
  1 # 1 for a reference and 2 for a running grid.
  10 # Attribute 'min_bin_probing_points' of the grid.
  1 # Attribute 'grid_mode' of the grid. 1=='default',2=='initialization'
  0.0000000000000000 # Attribute 'small_contrib_threshold' of the grid.
  0.5000000000000000 # Attribute 'damping_power' of the grid.
 # binID   n_entries weight   weight_sqr   abs_weight
    10   10   3.313357671955661E+008   1.161049469585287E+017   3.313357671955661E+008
  </DiscreteSampler_grid>
