  0.00000237314445023  0.00000242172576324  0.00000247347444543  0.00000252461284033
  0.00000257940474914  0.00000263621305852  0.00000269180321327  0.00000275057430279
  0.00000281166369061  0.00000287420430472  0.00000293807191339  0.00000300288502395
  0.00000306902730108  0.00000313676395032  0.00000320622651189  0.00000328102517531
  0.00000335933740853  0.00000343845214159  0.00000351908924336  0.00000360168208916
  0.00000368389638367  0.00000378027656030  0.00000388221906384  0.00000398616566154
  0.00000409210325915  0.00000420069390269  0.00000431259490851  0.00000443063425181
  0.00000455726732537  0.00000468515481634  0.00000481912658980  0.00000496243772043
  0.00000511633416547  0.00000528106712926  0.00000545421524395  0.00000562912247869
  0.00000580657921928  0.00000600622350948  0.00000621764692905  0.00000643379582539
  0.00000665169691228  0.00000689613965478  0.00000715811683110  0.00000742674792382
  0.00000770516568587  0.00000800321379103  0.00000832664151689  0.00000866686790661
  0.00000901771896580  0.00000940421471267  0.00000981697881254  0.00001024647273348
  0.00001069515114830  0.00001120586735910  0.00001173677989735  0.00001229092669124
  0.00001291500422604  0.00001357427830502  0.00001426044608073  0.00001500835844470
  0.00001581469666637  0.00001667158692689  0.00001763719717388  0.00001866170812661
  0.00001973200123353  0.00002097548579602  0.00002223445239051  0.00002370804199700
  0.00002526130940817  0.00002696336400597  0.00002886897369433  0.00003093199656351
  0.00003323600664837  0.00003573080536566  0.00003859036131584  0.00004181684089307
  0.00004551311485251  0.00004967910131860  0.00005434196363043  0.00005955117721930
  0.00006548821184313  0.00007233974881519  0.00008055967635043  0.00009034982924862
  0.00010186158307992  0.00011496451459394  0.00012970962280395  0.00014869709968419
  0.00017430833426861  0.00021126762314321  0.00026571348134161  0.00033332198946244
  0.00046653385126014  0.00076646743764792  0.16415654573961411  1.00000000000000000
 -0.00239603230214282  0.00966753376871824  0.01977640375139824  0.03034589097874728
  0.04064491371716388  0.05130239333989780  0.06203542326472069  0.07260810992240509
  0.08325158396704831  0.09363345060307612  0.10403863862899893  0.11423844205787123
  0.12442841889832128  0.13495669324266590  0.14554978171202604  0.15619845527225840
  0.16688288160752163  0.17746447894880135  0.18796616707276326  0.19814268841050467
  0.20836209001360761  0.21877629833421244  0.22923650014295702  0.23969438977355279
  0.25000393482830519  0.26049832480956486  0.27103791962083729  0.28172883356655948
  0.29239617877328261  0.30305554964027764  0.31362007651792484  0.32412111794431464
  0.33398031448486487  0.34383048622659523  0.35365454868607127  0.36411828431014664
  0.37484235865781740  0.38569313399627536  0.39656532029064212  0.40737576618172289
  0.41812839188793682  0.42882977017544943  0.43951791120401168  0.45026202957273215
  0.46104148049208138  0.47187651821237669  0.48257893858985096  0.49329667359284729
  0.50407690235328317  0.51492803608298454  0.52568848720448036  0.53632055126581113
  0.54691941521777754  0.55760209667835448  0.56819447130106793  0.57873944050210624
  0.58913973922782281  0.59943711401706712  0.60960548894273281  0.61966674050870652
  0.62979900669568212  0.63999775385021040  0.65038204685571022  0.66077993717545580
  0.67138716563617429  0.68211190251388598  0.69300583476218791  0.70380073032870039
  0.71445991644719398  0.72512499212687431  0.73573177607611051  0.74644779024328978
  0.75695409151162829  0.76738119197918675  0.77773185664720390  0.78809040368333183
  0.79827162544416552  0.80844183311766205  0.81878355989322582  0.82937508356619649
  0.84004613230124803  0.85057369988678910  0.86111702747901331  0.87171056765201138
  0.88243645565723972  0.89314628591028189  0.90399083068510699  0.91496857533219089
  0.92595830632552911  0.93693539796543091  0.94768474674382808  0.95848788787526351
  0.96894041530052100  0.97947456374623232  0.98983381102102741  1.00000000000000000
  0.00411568971856732  0.00461687372940387  0.00511805774024042  0.00561924175107697
  0.00612042576191352  0.00836222442526089  0.01076257197439928  0.01316291952353766
  0.02194435066804800  0.03542416413884045  0.04883077799435185  0.06201917317175659
  0.07524398408803731  0.08836984041169506  0.10130506265386549  0.11399427604407712
  0.12659082326927418  0.13924255471985675  0.15197330353446550  0.16454443242480662
  0.17725811677501371  0.18991103006677240  0.20201539783657424  0.21412308440805702
  0.22609963978198347  0.23797233216944055  0.24962679106043978  0.26111922691825129
  0.27258630505274911  0.28422444707253125  0.29589551851195056  0.30759557468268733
  0.31921530787186103  0.33079777062087717  0.34229716650578645  0.35370937107133887
  0.36497410711327177  0.37608621075676840  0.38706646862608246  0.39799122250495961
  0.40883243852602325  0.41962532096525773  0.43041678372632597  0.44125693943856942
  0.45231075982368374  0.46331923148611803  0.47412193809201242  0.48487880624801361
  0.49557197452259533  0.50626872727354899  0.51685289182734762  0.52722361210435120
  0.53743456311232918  0.54754563884942287  0.55764596233048702  0.56780491781848319
  0.57799689327185455  0.58812908243559037  0.59810718541860897  0.60789760452054298
  0.61777150519202084  0.62771121536970753  0.63762194695219510  0.64741131538057128
  0.65716736093073713  0.66689136386873249  0.67657670763632716  0.68623619599570074
  0.69587967467992751  0.70555052473758684  0.71532071773250883  0.72514990464658846
  0.73499774011264762  0.74485594954360423  0.75467482051366952  0.76446631991515113
  0.77433709139799289  0.78425730079918909  0.79431899088755453  0.80448802329615421
  0.81460986349457798  0.82475029207003980  0.83487867891402312  0.84509765506732393
  0.85531840738014597  0.86558352324819376  0.87609793532821756  0.88701153791260912
  0.89808396502475940  0.90932931652777971  0.92103144618453958  0.93339398942954033
  0.94641801973047379  0.96077977624059729  0.97837040459273561  1.00000000000000000
 -0.01280030155653714  0.09889866112431184  0.13691300845315998  0.16067601903314380
  0.17959311689589985  0.19551318069898585  0.20940058092733174  0.22195750686323462
  0.23347008918540810  0.24411017879931526  0.25409188277196004  0.26355050512554334
  0.27262656845944022  0.28066238454262249  0.28842771151173618  0.29592906737987978
  0.30362952988567032  0.31137775861991746  0.31888672634622522  0.32623769911138600
  0.33338183527922938  0.34027631125444352  0.34702380152559698  0.35365688412828222
  0.36017756927599914  0.36663252695619586  0.37304457689062370  0.37940565576587881
  0.38568128698516618  0.39189763518883236  0.39805966230409684  0.40405883678368737
  0.41014679307356222  0.41616465106736134  0.42208059157661576  0.42788197764657576
  0.43362993241004266  0.43938641788118304  0.44514692988790983  0.45090185977389363
  0.45661421114525913  0.46226546940040808  0.46790626337534780  0.47353849838172829
  0.47915444181560141  0.48477097796953744  0.49040295633528647  0.49600930696459511
  0.50164917716500979  0.50723151235160169  0.51283525749632630  0.51847271421052377
  0.52417178559916644  0.52990536582695780  0.53561956579355341  0.54131697041695803
  0.54704041537961468  0.55281046849818749  0.55861720257362457  0.56450572396625087
  0.57042890652275435  0.57636266090675026  0.58235530902833921  0.58836469373479361
  0.59445191406763254  0.60053912445549840  0.60659823942795266  0.61268229845850253
  0.61883245703243994  0.62509117345843379  0.63149065723998543  0.63798943650738693
  0.64457461559070994  0.65127488662296418  0.65810249258637010  0.66498103128892438
  0.67209138388378797  0.67933543790819195  0.68668003294688162  0.69423724920536034
  0.70197854750131872  0.70991295154726686  0.71822786608249412  0.72685452947641060
  0.73593042829490030  0.74539000640256348  0.75539652784185207  0.76614769845828123
  0.77769075119971731  0.79029978718695670  0.80441822051370793  0.82028189097568582
  0.83884630201586374  0.86225248433121360  0.89990395297797687  1.00000000000000000
   13.359645328736352       -1.0000000000000000     
 F F F F T F F T T F F T F F F F F F F F F F F F F F F F F F F F
  <DiscreteSampler_grid>
  grouped_processes
  1 # 1 for a reference and 2 for a running grid.
  10 # Attribute 'min_bin_probing_points' of the grid.
  1 # Attribute 'grid_mode' of the grid. 1=='default',2=='initialization'
  0.0000000000000000 # Attribute 'small_contrib_threshold' of the grid.
  0.5000000000000000 # Attribute 'damping_power' of the grid.
 # binID   n_entries weight   weight_sqr   abs_weight
    10   10   5.796911361169159E+008   8.631257823920289E+017   5.796911361169159E+008
    16   10   5.882975520222914E+008   8.811523355379741E+017   5.882975520222914E+008
  </DiscreteSampler_grid>
