  0.00000236017164957  0.00000240821212889  0.00000246618049171  0.00000251830285389
  0.00000257139600172  0.00000262569571454  0.00000267975962955  0.00000273505746298
  0.00000279552192442  0.00000285645948704  0.00000291817557409  0.00000298109730341
  0.00000304494917257  0.00000310977628137  0.00000317648508725  0.00000324727993404
  0.00000332358257562  0.00000340186760130  0.00000348131728279  0.00000356187639910
  0.00000364521956409  0.00000373382358652  0.00000382768014843  0.00000393022914482
  0.00000403465929658  0.00000414046125315  0.00000424930017488  0.00000436455099051
  0.00000448819881503  0.00000461684790970  0.00000474837677140  0.00000488316621011
  0.00000502035777974  0.00000517493971662  0.00000533902696006  0.00000550499285120
  0.00000567501420941  0.00000585365753507  0.00000605324636095  0.00000626299979784
  0.00000647516436099  0.00000669842573670  0.00000694005070858  0.00000720127724036
  0.00000747328934275  0.00000775597598815  0.00000805680111551  0.00000837864139355
  0.00000871660948999  0.00000906661233976  0.00000945457465024  0.00000987016810922
  0.00001029120064492  0.00001074619524245  0.00001124185358641  0.00001175955699190
  0.00001228924234115  0.00001289523691016  0.00001353313074761  0.00001419890207315
  0.00001491303073621  0.00001568646173651  0.00001650145987981  0.00001742722991822
  0.00001842659800173  0.00001947493353459  0.00002063143135779  0.00002188022766854
  0.00002323957856097  0.00002471978757461  0.00002632668199094  0.00002814481123352
  0.00003018903295859  0.00003246724271922  0.00003492950232503  0.00003753752090668
  0.00004034945695492  0.00004356687212015  0.00004729983065200  0.00005155681229248
  0.00005631509246764  0.00006171379974883  0.00006789965490549  0.00007541610632852
  0.00008486643347380  0.00009627928544650  0.00011011850106987  0.00012612522367657
  0.00014474945072394  0.00016754296506156  0.00019615703875645  0.00023903364931264
  0.00030295490783356  0.00039876642720229  0.00700089827469721  1.00000000000000000
 -0.00225679020737754  0.00915570772278716  0.01909912871393792  0.02955743668196853
  0.04004613782037150  0.05063519157265127  0.06127703063546295  0.07219066210063939
  0.08310532839006299  0.09359401461982134  0.10421481763990742  0.11472161828929113
  0.12519067694233069  0.13541175971250741  0.14569858089957008  0.15608987449808620
  0.16634742470024730  0.17669826342402351  0.18712641051129186  0.19750387858075558
  0.20781700611589748  0.21817850982303191  0.22861977896998861  0.23898241279317342
  0.24934621302715410  0.25991650437862868  0.27041049683130230  0.28100130741837998
  0.29147919553479112  0.30210230051912074  0.31270505437915314  0.32332819140831404
  0.33407824406758674  0.34451932518880585  0.35490569013564427  0.36521179540556664
  0.37541700246439574  0.38581477050189611  0.39599005395056813  0.40668754851304589
  0.41737932884628232  0.42805561848395085  0.43875277540813062  0.44901751065443146
  0.45928006600842358  0.46934960688340627  0.47949325128995779  0.48966748828361889
  0.50000574909807349  0.51060665824861529  0.52109814639209950  0.53163802540401273
  0.54209689108204784  0.55261502168699683  0.56315435131643610  0.57389887072207624
  0.58488883593717000  0.59582399944269593  0.60664818989325686  0.61747301248264586
  0.62817767676065017  0.63870190639631219  0.64924207672029821  0.65993061175940726
  0.67062690605240849  0.68126220939034754  0.69192379942224080  0.70273752393090561
  0.71354754133697396  0.72431928772482768  0.73492940870398016  0.74549192043364243
  0.75606556126980762  0.76671931156876760  0.77733751701055942  0.78795929657351127
  0.79879105395576955  0.80968617421055267  0.82041073154975663  0.83091142368187332
  0.84149915383191176  0.85212871321034767  0.86275578324796709  0.87327594964277322
  0.88377347343755053  0.89422099385614862  0.90469558079677992  0.91528149429712879
  0.92573269789744561  0.93625454687876464  0.94695132695513218  0.95778015157306373
  0.96837812159389203  0.97891041688295843  0.98946326568608101  1.00000000000000000
 -0.00153082363290335  0.01269776895684899  0.02530894699648115  0.03853133060576183
  0.05140841957498285  0.06416546503013010  0.07668051400208993  0.08913446082845630
  0.10140517193057619  0.11359962931981293  0.12555253089156090  0.13736592437323203
  0.14915175855990512  0.16107327842697258  0.17312262833133957  0.18504687181560217
  0.19666638687382609  0.20799276397209876  0.21916693244320021  0.23021962969403303
  0.24114333861440954  0.25201338026711650  0.26297017470397538  0.27395734956655660
  0.28488823856599438  0.29557657920310160  0.30613955221853933  0.31677812683658080
  0.32747157353079143  0.33810900288107176  0.34865025965538904  0.35903971500692239
  0.36944953010546328  0.37965202753663913  0.38962065338937951  0.39944247881278788
  0.40929666253609714  0.41927089306100074  0.42928666870453996  0.43927489839232003
  0.44937449546467351  0.45936793197935982  0.46930294556891189  0.47919749105341752
  0.48901654357330382  0.49885375860604048  0.50851885691622589  0.51816385392450592
  0.52770513172242750  0.53710710663131733  0.54641082011217101  0.55566443105064112
  0.56496359508181926  0.57441105930664571  0.58394274235844301  0.59347755489974074
  0.60290927170274877  0.61227438055496752  0.62155160196062897  0.63079239028204648
  0.64002201543313453  0.64924435195312147  0.65849867320027655  0.66778068594486883
  0.67708577670995063  0.68634946061888413  0.69552970976892103  0.70467459699545842
  0.71380476763733103  0.72303556938869129  0.73232754750102880  0.74163610110515155
  0.75092948668859838  0.76013402963599452  0.76926437829193461  0.77839386366079955
  0.78762015731417068  0.79700207884646812  0.80638453892779349  0.81577215790567104
  0.82513620233900764  0.83457742942646884  0.84415873403897324  0.85384433683040706
  0.86362134749692787  0.87344063931302640  0.88331721207348113  0.89333448483854216
  0.90355723614362060  0.91411401493827149  0.92500860510363547  0.93640508467830330
  0.94855862741817532  0.96221172757940010  0.97910605289542396  1.00000000000000000
 -0.01354060668341123  0.09837874804367719  0.13582252920712018  0.15966313724450348
  0.17870699577015031  0.19471927934496727  0.20881259154585544  0.22148642371695804
  0.23304842109025797  0.24378423784257050  0.25378254191532051  0.26321245180662384
  0.27216839448347774  0.28073389294287959  0.28902699442377949  0.29703769865096430
  0.30480588760012189  0.31240544727912989  0.31973020010443809  0.32697082770531916
  0.33410831138409958  0.34111634337943597  0.34796354279207514  0.35470635121775423
  0.36136327178524580  0.36793304432282137  0.37442667962165482  0.38086681810448497
  0.38723650737003334  0.39350801452378725  0.39961041573072004  0.40550101422660190
  0.41141074910598729  0.41729000417061174  0.42306079820092202  0.42881278610273826
  0.43455427025113141  0.44024095036532651  0.44585470466515192  0.45145036264464689
  0.45705405026583706  0.46269063859757270  0.46832188938095842  0.47393672215700139
  0.47956816179563733  0.48522802226852979  0.49088991525674153  0.49653521307358400
  0.50217743692930428  0.50788138126917559  0.51360870512670498  0.51930809553988311
  0.52500990885732457  0.53075370844920522  0.53652356321249783  0.54229968481987745
  0.54801865444076236  0.55364968614195886  0.55925107311454147  0.56487298867549418
  0.57054425401269682  0.57629609310911767  0.58212753412445606  0.58808329517898839
  0.59408835063349630  0.60009017124339281  0.60619851943803083  0.61237997401195854
  0.61862633256426747  0.62496260853649621  0.63141002758248499  0.63791132498459835
  0.64445382264398010  0.65111126048153123  0.65788677496384362  0.66477604055491424
  0.67187546567038181  0.67915021071043613  0.68658187143617211  0.69421647843399392
  0.70198683287334529  0.70994482309223850  0.71818860146823582  0.72676985981438325
  0.73582086089285126  0.74533125687686519  0.75539330085192402  0.76623550238142535
  0.77802153356238946  0.79099747098785433  0.80523987966965371  0.82134125058135032
  0.84050670158215146  0.86524381695817321  0.90363243331264820  1.00000000000000000
   13.137749705608806       -1.0000000000000000     
 F F F F T F F T T F F T F F F F F F F F F F F F F F F F F F F F
  <DiscreteSampler_grid>
  grouped_processes
  1 # 1 for a reference and 2 for a running grid.
  10 # Attribute 'min_bin_probing_points' of the grid.
  1 # Attribute 'grid_mode' of the grid. 1=='default',2=='initialization'
  0.0000000000000000 # Attribute 'small_contrib_threshold' of the grid.
  0.5000000000000000 # Attribute 'damping_power' of the grid.
 # binID   n_entries weight   weight_sqr   abs_weight
    10   10   1.048404243675940E+009   2.768269065562990E+018   1.048404243675940E+009
    16   10   1.057328475804864E+009   2.785610564600591E+018   1.057328475804864E+009
  </DiscreteSampler_grid>
