  0.00000237987506132  0.00000239141487876  0.00000240942849441  0.00000242943938657
  0.00000244714194998  0.00000246565972004  0.00000248610826653  0.00000251161778612
  0.00000253906359811  0.00000256699193375  0.00000259574299927  0.00000262637643507
  0.00000265778604658  0.00000269000251757  0.00000272385958436  0.00000275995089165
  0.00000279790973418  0.00000283939733482  0.00000288186587803  0.00000292519450011
  0.00000296937933894  0.00000301448368708  0.00000306105100005  0.00000310804451774
  0.00000315690390774  0.00000321044154052  0.00000326939170993  0.00000333256616309
  0.00000339730675798  0.00000346300154227  0.00000353081856354  0.00000359947338253
  0.00000367061997963  0.00000374842105029  0.00000383685136012  0.00000393045891156
  0.00000402584415819  0.00000412265645497  0.00000422082578279  0.00000432111203684
  0.00000443830166368  0.00000455863028799  0.00000468240578947  0.00000480917412732
  0.00000494035414985  0.00000508082469319  0.00000523803097672  0.00000540169439557
  0.00000557004794491  0.00000574222886850  0.00000593372634236  0.00000614083529040
  0.00000635534582745  0.00000657894906376  0.00000681896932668  0.00000708033854061
  0.00000736286002309  0.00000764879339083  0.00000796130989012  0.00000830547090622
  0.00000866583692214  0.00000905362636904  0.00000948424536367  0.00000995168407928
  0.00001044062843784  0.00001099016082892  0.00001159529255706  0.00001223368081953
  0.00001294182099302  0.00001371915814197  0.00001457437309606  0.00001553302270771
  0.00001659354571523  0.00001777361251494  0.00001906643383180  0.00002050043089546
  0.00002212806546446  0.00002402314087050  0.00002619471006896  0.00002879203921688
  0.00003179074622838  0.00003526739526784  0.00003932599402060  0.00004433279804826
  0.00005055536227089  0.00005821648778646  0.00006812308982633  0.00008111478562449
  0.00010009215423009  0.00012679429135301  0.00016279241329014  0.00021330596681268
  0.00030315222490214  0.00051852890971468  0.00928818913337385  1.00000000000000000
 -0.00239765034041725  0.00991894850780622  0.01998799043611627  0.03063224553896208
  0.04110133905930964  0.05172061513562200  0.06224185704745954  0.07262100826982981
  0.08314372829372828  0.09354301779918631  0.10396006814229625  0.11448353634131558
  0.12513370024801415  0.13597805854340791  0.14662809459339826  0.15716059796710216
  0.16770917448322054  0.17826201594469243  0.18848826860415421  0.19849994297429857
  0.20846789786890568  0.21885757751430204  0.22934365921973079  0.23968106640349868
  0.25015331769047772  0.26064166137874856  0.27117827227040231  0.28163197807781165
  0.29203988581090856  0.30240313694867460  0.31271825238166034  0.32335288762039482
  0.33409638982543771  0.34479822651542619  0.35541870175156104  0.36598550474554670
  0.37668740429068809  0.38726234910574137  0.39768986591581296  0.40830585109368223
  0.41904371990733685  0.42989696208160239  0.44054278176582312  0.45099159966850355
  0.46154714481741921  0.47219940600654886  0.48267941684078047  0.49290378653878419
  0.50334593247176729  0.51404253209069439  0.52480206888581837  0.53538424892425940
  0.54591750454394017  0.55671930205548115  0.56735866426795312  0.57777093255617229
  0.58815025224484607  0.59813166049491506  0.60823023110887531  0.61838092857430760
  0.62864495227638928  0.63913012955470516  0.64972084844107125  0.66061349299130301
  0.67146270873384040  0.68220740091545662  0.69313144977940966  0.70398783971466172
  0.71480524272994372  0.72539234288627774  0.73576163538416095  0.74602415543868295
  0.75638417056065288  0.76705079212803995  0.77751002581166329  0.78781733175369495
  0.79812414210373517  0.80859169521407237  0.81908368729814107  0.82952015652863398
  0.84041385788030620  0.85142829802284370  0.86217847121595792  0.87261370732887322
  0.88280132205735562  0.89334596318570481  0.90419355507532440  0.91527686581936074
  0.92614873731891367  0.93700274580292664  0.94779368641859818  0.95851140664031120
  0.96892340435905244  0.97942058279391930  0.98968391724980975  1.00000000000000000
 -0.00183679344454101  0.01458265336230269  0.02989865033380304  0.04575335078497157
  0.06123439474356344  0.07663558078518416  0.09182763557076723  0.10673072508601734
  0.12150154613920831  0.13602403707136956  0.15031291664074353  0.16459305918416658
  0.17924871038105000  0.19387659487338879  0.20815994899212517  0.22210564077535019
  0.23586161660895702  0.24916795360487298  0.26267335389627855  0.27607396328708650
  0.28933543470431311  0.30258558842863592  0.31586311303449927  0.32907520764492082
  0.34218867551211912  0.35513926468113594  0.36795840582652084  0.38068663520801527
  0.39334337420512672  0.40585886094387846  0.41807295175804765  0.43007689736679372
  0.44209379094154683  0.45422675173129057  0.46632900602094374  0.47843840076935429
  0.49034542983580237  0.50189036949349541  0.51298360182575542  0.52398284891437330
  0.53502192475169097  0.54619313020186044  0.55737091316710374  0.56841778393092957
  0.57929003949851032  0.59007377425195151  0.60072531041035337  0.61134064053589876
  0.62191925983146112  0.63250500262943721  0.64309182901828355  0.65367323685425505
  0.66426625834957653  0.67468667012218986  0.68502639075051908  0.69502684916235957
  0.70494885505020444  0.71460895563946880  0.72419038063580687  0.73359040584154722
  0.74280446050381999  0.75181583876546432  0.76075837995920570  0.76971834041712750
  0.77882198296427196  0.78790592511245583  0.79685599652709971  0.80572245610196935
  0.81451091719230384  0.82334694997255575  0.83196761875283443  0.84038533843499719
  0.84870912641102170  0.85682859247800969  0.86467800287133811  0.87230776326756077
  0.87975063290599576  0.88706933299230484  0.89433261552682819  0.90151346612254790
  0.90864970483768126  0.91578230650792980  0.92259374769536151  0.92910804052511831
  0.93534703115575168  0.94134583197860189  0.94724661339041372  0.95321525294894827
  0.95928772194670409  0.96542960002245370  0.97137677131477818  0.97715838716843695
  0.98284650317310507  0.98851643984936111  0.99424573434447794  1.00000000000000000
 -0.01425466616517474  0.10078892716985936  0.13903666667676398  0.16334513946102489
  0.18239695622046992  0.19879886746452283  0.21304666634800920  0.22573177568121461
  0.23722321292363716  0.24790079179777355  0.25792255501473083  0.26751290557485730
  0.27649937167563238  0.28507481511436583  0.29327236458942690  0.30113126243320432
  0.30879962710228681  0.31614022674798148  0.32323612737738017  0.33023046966807640
  0.33708010912455144  0.34371600621627346  0.35016532165902442  0.35650923706716497
  0.36292237471163463  0.36931886042483580  0.37562773079783973  0.38186466681266468
  0.38797903228763209  0.39403210120475307  0.39996819974530895  0.40573288970442739
  0.41149101236710373  0.41703811857230488  0.42237396829920920  0.42776595969116776
  0.43319816587121984  0.43868470005841864  0.44419607426986840  0.44977307984597137
  0.45542481409208818  0.46115965735005138  0.46686145163266862  0.47251184451479566
  0.47821977444704961  0.48403797097163553  0.48986921130008415  0.49561506399800265
  0.50127755329634549  0.50693926303990489  0.51261011403613510  0.51825652767540120
  0.52392133510201699  0.52962875415406130  0.53538015847105758  0.54112188932684380
  0.54681462431955263  0.55250040457143756  0.55822652523298022  0.56396243663360879
  0.56971218984827854  0.57547354688540109  0.58132362239619961  0.58733996144454159
  0.59338609976834067  0.59941660089472426  0.60548441358904181  0.61160673873287263
  0.61777840376364390  0.62402853695181104  0.63034673144213627  0.63668502625214340
  0.64308079425901477  0.64963828990792383  0.65638229016007432  0.66325085147471186
  0.67029819173403571  0.67765731874203716  0.68509798766657637  0.69255738012711521
  0.70011076438268416  0.70770161804012399  0.71557276095253730  0.72386340281782224
  0.73264911925426501  0.74197187760006122  0.75177990109337134  0.76245146958565135
  0.77388423712415100  0.78624045669351428  0.79998868851141858  0.81555216472465741
  0.83392381603918175  0.85840975089554095  0.89703449688142112  1.00000000000000000
   2253.9964297859306       -1.0000000000000000     
 T F F F F T T F F T T F F F F T F F F F F F F F F F F F F F F F
  <DiscreteSampler_grid>
  grouped_processes
  1 # 1 for a reference and 2 for a running grid.
  10 # Attribute 'min_bin_probing_points' of the grid.
  1 # Attribute 'grid_mode' of the grid. 1=='default',2=='initialization'
  0.0000000000000000 # Attribute 'small_contrib_threshold' of the grid.
  0.5000000000000000 # Attribute 'damping_power' of the grid.
 # binID   n_entries weight   weight_sqr   abs_weight
    10   10   2.545815658675239E+011   2.094339714311199E+023   2.545815658675239E+011
    16   10   2.546399252950789E+011   2.094505085456734E+023   2.546399252950789E+011
  </DiscreteSampler_grid>
