  0.00000239128830959  0.00000242504653798  0.00000245219288490  0.00000247104028266
  0.00000249330630554  0.00000251669723970  0.00000254097277343  0.00000256612377092
  0.00000259226387873  0.00000261898455064  0.00000264796321646  0.00000267804248679
  0.00000270906700771  0.00000274067643501  0.00000277422681586  0.00000281116490106
  0.00000284864162475  0.00000288704753730  0.00000292557650929  0.00000296443813458
  0.00000300348986885  0.00000304307239952  0.00000308406249436  0.00000312591944365
  0.00000316931979560  0.00000322031116008  0.00000327793947372  0.00000333921671758
  0.00000340255148833  0.00000346763304392  0.00000353543831947  0.00000360436091759
  0.00000367202421967  0.00000375120143837  0.00000383615254912  0.00000392478646411
  0.00000401834283108  0.00000411849209330  0.00000421954948839  0.00000432975654907
  0.00000445077827739  0.00000457872683889  0.00000471123252918  0.00000484841485134
  0.00000499224976890  0.00000514299842401  0.00000531312254710  0.00000548144659214
  0.00000565517035964  0.00000583606505965  0.00000604102909006  0.00000626327143161
  0.00000649018349164  0.00000672786170192  0.00000698763737712  0.00000726417232783
  0.00000754701662490  0.00000784701695742  0.00000818649597891  0.00000854679287896
  0.00000890770166387  0.00000928626041215  0.00000972932457020  0.00001018584106337
  0.00001070042796299  0.00001126904070024  0.00001187497430238  0.00001254005652179
  0.00001329111290573  0.00001408744739994  0.00001494598480586  0.00001590705476915
  0.00001696674488790  0.00001818170771584  0.00001948681178286  0.00002093933691220
  0.00002248805739527  0.00002432499353135  0.00002643718907948  0.00002900849379622
  0.00003201024245616  0.00003546758274882  0.00003972705924807  0.00004463284003739
  0.00005046162822858  0.00005743320215938  0.00006714666001336  0.00008003954693593
  0.00009743299424447  0.00012237544179492  0.00016153907468255  0.00022157478537303
  0.00032031329347374  0.00055514525164654  0.00205139287539980  1.00000000000000000
 -0.00246316256958875  0.00986485353147608  0.02010818105839625  0.03080029569233579
  0.04147234266279748  0.05169199085633296  0.06230275729492700  0.07182536448315835
  0.08160417858126930  0.09088465234964263  0.10035316303077499  0.10988876316598546
  0.11997508212660686  0.13037251513418191  0.14158568239346600  0.15280505943837630
  0.16444354939258185  0.17618860842591366  0.18796727635514346  0.19895927185768200
  0.20962207376273997  0.21970600258045136  0.22995923511939750  0.24066630897849012
  0.25182940934610343  0.26275162658550211  0.27344595667636534  0.28380994680800992
  0.29451243409500655  0.30493275988444690  0.31521384531703639  0.32562128770676146
  0.33627948074219011  0.34740835091168476  0.35889077985570650  0.37063450495005801
  0.38192747389239701  0.39292517987935643  0.40413421576055686  0.41562516903972829
  0.42717049146061059  0.43871113828405722  0.45046246087070929  0.46187417359279270
  0.47300533211509305  0.48417955208376440  0.49560442411312883  0.50635287804825091
  0.51643881053407770  0.52649519941862699  0.53668606942593011  0.54673677781585639
  0.55689577876265250  0.56779557620447230  0.57895074905655608  0.58953368893881519
  0.59972229862138449  0.61029125984044008  0.62141445172442034  0.63167595219151595
  0.64124368783789742  0.65079459671778983  0.66059516482407865  0.67024156080963082
  0.67960485535548532  0.68874263631051935  0.69873473442292511  0.70888725092447802
  0.71900058531835720  0.72920385049561443  0.73956223657077180  0.74991099325029065
  0.75986733275174878  0.76954339533450888  0.78004264223320829  0.79061160994024637
  0.80038214292816845  0.81008830650672403  0.81998902731254220  0.83013853121128978
  0.84073078063413420  0.85124437668453690  0.86242763894485319  0.87385389259113866
  0.88570996060525597  0.89759512997485780  0.90918898839141660  0.92075808894740885
  0.93228526818555812  0.94286855389719737  0.95272060204881992  0.96235367961828733
  0.97227281179601821  0.98184686555311163  0.99107008254055551  1.00000000000000000
  0.00267557897685175  0.02216063975496908  0.04048498173515987  0.05884887909195864
  0.07637634663101144  0.09359977050109729  0.11085129513357997  0.12831031041994254
  0.14582403482238168  0.16288302414015188  0.17974915578808093  0.19653342638626695
  0.21302412026228781  0.22908471421440371  0.24487410923810898  0.26035452264952152
  0.27587481134346148  0.29132167404759945  0.30654616758634934  0.32154011855781200
  0.33618071041966990  0.35049051265906594  0.36460862552140982  0.37881508101100464
  0.39279436461389206  0.40702220304626213  0.42108499426367102  0.43523186266584485
  0.44889625787847526  0.46219448236052779  0.47512564216311076  0.48793468000555784
  0.50068801475617830  0.51350539862247513  0.52603095951284728  0.53838047045296200
  0.55045906324725813  0.56227262780291931  0.57348839554904818  0.58441206944141066
  0.59518866973290085  0.60611584310869915  0.61709504775169399  0.62818439231444767
  0.63916285827259012  0.64976580134080242  0.66008648866911679  0.67033023141328862
  0.68038440707197678  0.69036468828711939  0.70008128206676989  0.70973758585766966
  0.71936448625920157  0.72883819810053507  0.73830109064316307  0.74765660123637179
  0.75689681997793445  0.76601665028835564  0.77495903065885663  0.78357712466510621
  0.79212654621279965  0.80073766240554478  0.80939439559088944  0.81780652734612969
  0.82580841158011375  0.83354358120265060  0.84108930204055876  0.84859165384918422
  0.85611215497931448  0.86348612381704015  0.87063142447103381  0.87754947924925308
  0.88427777783331041  0.89085589380235963  0.89743679734797988  0.90404370036643156
  0.91058058279996790  0.91701226362384480  0.92292799075241716  0.92858874819253967
  0.93414490841851627  0.93959912803794654  0.94490865982771632  0.95009863149412377
  0.95526224608223786  0.95997269711227473  0.96448919015279477  0.96890762698557276
  0.97322566390477594  0.97741292454789408  0.98145097777206469  0.98538856295130151
  0.98924105812329943  0.99293297862171892  0.99650236073218346  1.00000000000000000
  0.00122710553946214  0.05709054451869652  0.08498310255064329  0.10294975462302877
  0.11700051209262466  0.12858324326277421  0.13921403433694457  0.14879917572743720
  0.15776937527035559  0.16603386521884267  0.17379636378822727  0.18126538173872853
  0.18845183066196500  0.19543908111234315  0.20229904546679564  0.20908935252741553
  0.21590397206701081  0.22265723001936130  0.22926900145803433  0.23616917275529720
  0.24317135291653427  0.25011202777032104  0.25663160862746875  0.26304471500504112
  0.26936484136723182  0.27593592014759466  0.28255331618650004  0.28902614812060828
  0.29535797034230671  0.30162310742947340  0.30788324253961480  0.31403698214601872
  0.32016790809384899  0.32628147164206212  0.33258446854184531  0.33858786439730476
  0.34456964304204707  0.35079678122836988  0.35675569455267858  0.36269103415656767
  0.36856375021178833  0.37458991502584171  0.38079736981044610  0.38705497023925228
  0.39326009554291969  0.39953622785631987  0.40591239606189555  0.41221776889616402
  0.41882842441665802  0.42564876926583228  0.43255464564341117  0.43933881452517159
  0.44587528819083894  0.45232771671108629  0.45876632354912794  0.46522226712694748
  0.47180167761750275  0.47834285415217970  0.48506739058299436  0.49187123388247767
  0.49842474679762649  0.50523249583150576  0.51211743376414809  0.51930035729552637
  0.52668474566316259  0.53421451186351310  0.54166897564720617  0.54897154428570905
  0.55625515218006127  0.56361654948939466  0.57107416526188914  0.57856805960126945
  0.58602502471510343  0.59351600696429563  0.60113891711192613  0.60916645327968955
  0.61754811269387599  0.62605294738412232  0.63493637525070423  0.64410371300307923
  0.65365681425551059  0.66335851362634934  0.67306678523952779  0.68297292097204332
  0.69365390536691063  0.70480716926272702  0.71632251396595403  0.72832220503460865
  0.74191078067992233  0.75622051191136319  0.77187585812520254  0.79012916344957707
  0.81201738851788063  0.83884779738813631  0.87992475943835413  1.00000000000000000
   3923.7622334516659       -1.0000000000000000     
 F T F F T F F F F F F T F F T F F T F F T F F F F F F T F F T F
  <DiscreteSampler_grid>
  grouped_processes
  1 # 1 for a reference and 2 for a running grid.
  10 # Attribute 'min_bin_probing_points' of the grid.
  1 # Attribute 'grid_mode' of the grid. 1=='default',2=='initialization'
  0.0000000000000000 # Attribute 'small_contrib_threshold' of the grid.
  0.5000000000000000 # Attribute 'damping_power' of the grid.
 # binID   n_entries weight   weight_sqr   abs_weight
    13   10   4.735479378692983E+010   5.604793104477919E+021   4.735479378692983E+010
    14   10   4.735479378692982E+010   5.604793104477921E+021   4.735479378692982E+010
    16   10   4.735479378692982E+010   5.604793104477919E+021   4.735479378692982E+010
    17   10   4.735479378692982E+010   5.604793104477918E+021   4.735479378692982E+010
  </DiscreteSampler_grid>
