  0.00000236627113581  0.00000238637337840  0.00000240700121560  0.00000242823803888
  0.00000244971482824  0.00000247067126334  0.00000249159547819  0.00000251442437080
  0.00000254066707834  0.00000256916485632  0.00000259958028026  0.00000263147066058
  0.00000266478418699  0.00000269952798394  0.00000273567972046  0.00000277668829208
  0.00000282018139294  0.00000286478610417  0.00000291097101852  0.00000296004985275
  0.00000300983244754  0.00000306049544265  0.00000311176236933  0.00000316095374783
  0.00000321793162377  0.00000327918197569  0.00000334301434807  0.00000341041476784
  0.00000348342840437  0.00000355795467219  0.00000363417179739  0.00000371517202872
  0.00000380361239965  0.00000389822258679  0.00000399556322818  0.00000409545021703
  0.00000419928843535  0.00000431390524581  0.00000443877111818  0.00000457126884603
  0.00000470835175368  0.00000484738286223  0.00000498771657979  0.00000515925251131
  0.00000533639224090  0.00000551685610460  0.00000569975349518  0.00000590299075588
  0.00000613652692456  0.00000637807278700  0.00000662917409468  0.00000690029554143
  0.00000719842158424  0.00000750788265572  0.00000783778944993  0.00000820525809031
  0.00000860289357822  0.00000901719310292  0.00000946266221019  0.00000993555517791
  0.00001043821897815  0.00001098392642933  0.00001163420720807  0.00001228569004660
  0.00001306350975531  0.00001387338616869  0.00001476616302807  0.00001574353162956
  0.00001677000423507  0.00001796000333546  0.00001923490811245  0.00002073247770026
  0.00002240671449345  0.00002437545145537  0.00002663262774060  0.00002918012146864
  0.00003198325633543  0.00003501197236997  0.00003866739150388  0.00004288665020430
  0.00004796871356507  0.00005398620423136  0.00006122161655224  0.00006951318208314
  0.00007992584115979  0.00009358903024820  0.00011136679560987  0.00013525210226616
  0.00016427478605516  0.00020496067760435  0.00026981178461935  0.00036696873972910
  0.00053460360665249  0.00114957995688763  0.01906998823052600  1.00000000000000000
 -0.00258587845441279  0.00936560232291293  0.02017869990230758  0.03113451503479539
  0.04266897147713240  0.05414338834124362  0.06533969151515695  0.07634022062397613
  0.08745401577852557  0.09878662815341882  0.11026297472941628  0.12154391581007140
  0.13250465938011463  0.14327866827521460  0.15384173100952139  0.16393994671252257
  0.17388345049798881  0.18400188476068199  0.19456435575619779  0.20498070107499911
  0.21487513341696612  0.22460730385664476  0.23452562366186025  0.24485149089156408
  0.25516279013846693  0.26546141052120820  0.27551004986015232  0.28576450139943171
  0.29579598971981880  0.30618747605028745  0.31675122461889860  0.32703924121037148
  0.33729568634557727  0.34746478013032533  0.35762479635348743  0.36772936311054827
  0.37790521714552427  0.38812955640853958  0.39803446005051590  0.40790023179415619
  0.41769806997199971  0.42843631281597838  0.43921792739217863  0.45051230571703355
  0.46172580976709982  0.47286417846434781  0.48362794051236790  0.49442505953333860
  0.50488704032811504  0.51538590799833728  0.52564981583152715  0.53589483037355534
  0.54602256989669540  0.55643054291335636  0.56715032103219443  0.57772390043711053
  0.58803923093353228  0.59780742376625662  0.60752384447005170  0.61736407567198837
  0.62736575337778799  0.63752587124714588  0.64791839318222511  0.65833724509869251
  0.66868517382346615  0.67913466338214945  0.68958526258173158  0.70043804606798166
  0.71155558161070731  0.72219866322867210  0.73295613047266750  0.74342879045688737
  0.75392190166275697  0.76446006381265486  0.77547745357819586  0.78703748418464969
  0.79817325429885000  0.80840035010040001  0.81840926004269654  0.82854925939081159
  0.83928910141876045  0.85018455778706481  0.86110006273080775  0.87199360818870675
  0.88234122982189755  0.89266386060200809  0.90301163009616081  0.91366319007546859
  0.92426711947239182  0.93495572739345290  0.94562055714049165  0.95659427251196394
  0.96721318432309322  0.97822714319881365  0.98879098566551649  1.00000000000000000
 -0.00142001876137433  0.02122762018534310  0.04204637831631654  0.06246905330779249
  0.08231696672246884  0.10177840424133600  0.12039111359774488  0.13902836198097279
  0.15760001605587753  0.17594518281851615  0.19408484550230773  0.21219243754024156
  0.23025509676130065  0.24783086080376618  0.26475756102604969  0.28155256389972066
  0.29851498923296710  0.31529795349560563  0.33154690576794327  0.34745473008378075
  0.36319342129413495  0.37883711719778146  0.39443574016784694  0.40994434567106181
  0.42499600112405017  0.43954666857277314  0.45389388215285398  0.46815388070901148
  0.48224585452890023  0.49606960124322824  0.50984809469853731  0.52343611962296943
  0.53664594977290581  0.54986958023743249  0.56293823714021407  0.57590639687014222
  0.58854318551039853  0.60088713802397142  0.61313603640952119  0.62530681343574712
  0.63715144583308103  0.64863901177592220  0.65983636021523950  0.67079505990748323
  0.68146596580139096  0.69195142560386846  0.70224534661473470  0.71237745549805798
  0.72238708356460479  0.73231472802440645  0.74209627155015168  0.75174836984689786
  0.76128109512429221  0.77065900484552263  0.77989146068034998  0.78895372645304607
  0.79784354195284612  0.80663593338069317  0.81522408909373267  0.82352444612939624
  0.83165968282074654  0.83954970211871116  0.84721764271011069  0.85468890518129015
  0.86180847009282169  0.86878087962686801  0.87566317208400679  0.88237970078441641
  0.88897077252986012  0.89540666741690478  0.90157727742846416  0.90770556746828568
  0.91364812584813948  0.91938090689966456  0.92491411430942905  0.93027584131160357
  0.93550621563342007  0.94057637145570405  0.94528314530587898  0.95002513040412984
  0.95463152553167396  0.95894319877143430  0.96287830923820761  0.96660735897522165
  0.97034097537201658  0.97394883439166646  0.97738861750531714  0.98062907184268611
  0.98367579455767795  0.98646852199082646  0.98904982609803316  0.99155546193198707
  0.99388675863504261  0.99600997589668827  0.99803378139894305  1.00000000000000000
 -0.01157554207144130  0.10607025558937712  0.16076701612232749  0.19188073895600646
  0.21651036588953362  0.23753014909507375  0.25570815376113298  0.27197092510075560
  0.28666198976847745  0.30072158555093442  0.31439310385883040  0.32775772891908156
  0.34078443714702700  0.35336177282360209  0.36533430606130896  0.37681032897365707
  0.38791771200471054  0.39860991737448231  0.40890247554572406  0.41909437439982150
  0.42916532110403810  0.43897483413382610  0.44847007724682775  0.45788283899711796
  0.46732811740467506  0.47660929571398969  0.48548926419614213  0.49367427962027755
  0.50196739933594248  0.51019296356066735  0.51875674633234226  0.52698721819636118
  0.53514438112932472  0.54299818154877644  0.55128629387592198  0.55970850058327748
  0.56768117868666024  0.57537568864909905  0.58269467139881370  0.58970116107865589
  0.59657126503075819  0.60339763677385572  0.61004865222216886  0.61655415223870647
  0.62314592607391217  0.62934214757718465  0.63540423369882715  0.64135874162652362
  0.64726358128425809  0.65303254580548664  0.65879684330492849  0.66449084741517428
  0.67020876050260225  0.67603319305261667  0.68190220709943428  0.68772725168715021
  0.69348550950967791  0.69930298498525723  0.70511539574324855  0.71116661676808590
  0.71702623235584639  0.72266970650568307  0.72793649722737985  0.73326426891595287
  0.73852596684792704  0.74373491241709533  0.74900860763128208  0.75438552563287709
  0.75981413727594838  0.76525016107890931  0.77069975472683561  0.77609733018936711
  0.78132334852741092  0.78669085783590975  0.79199038493893470  0.79727424845813699
  0.80255653690166417  0.80781813383703815  0.81305429522582617  0.81833479421049138
  0.82373638824313633  0.82921774854775376  0.83492879909551021  0.84082382155096702
  0.84681057785006875  0.85285059034365529  0.85953454459105372  0.86644361705587558
  0.87369615058153927  0.88161981325772287  0.89026563042546225  0.89990911930189010
  0.91117064278989912  0.92552776939837933  0.94842444803423320  1.00000000000000000
   4.5894046682648177       -1.0000000000000000     
 T F F T F F T F F T F F T F F T F F F F F F F F F F F F F F F F
  <DiscreteSampler_grid>
  grouped_processes
  1 # 1 for a reference and 2 for a running grid.
  10 # Attribute 'min_bin_probing_points' of the grid.
  1 # Attribute 'grid_mode' of the grid. 1=='default',2=='initialization'
  0.0000000000000000 # Attribute 'small_contrib_threshold' of the grid.
  0.5000000000000000 # Attribute 'damping_power' of the grid.
 # binID   n_entries weight   weight_sqr   abs_weight
    10   10   3.479240028090031E+010   3.433958668771054E+021   3.479240028090031E+010
  </DiscreteSampler_grid>
