 -0.00011658249334988  0.01192699662811946  0.01487735530568861  0.01815158290729076
  0.02141932504340948  0.02464478595859461  0.02802133994172299  0.03166472783306995
  0.03549226639553375  0.03940452849553944  0.04314961773538121  0.04677681303850368
  0.05059803953863902  0.05466550870879477  0.05889187321413587  0.06316162707993796
  0.06765322447052172  0.07224423949158376  0.07690724082972701  0.08158630501723660
  0.08624623521065869  0.09099791629807838  0.09583635218358913  0.10060816555222990
  0.10541810922437748  0.11041786137432624  0.11541055170981379  0.12053735654266932
  0.12579249199714126  0.13123212591075140  0.13671931921806138  0.14230574593184453
  0.14812288754381647  0.15409185369963477  0.16016708210598646  0.16622868105620406
  0.17237146376973078  0.17878556436576581  0.18542890757874092  0.19212312456549788
  0.19888317311156042  0.20579898628428955  0.21331624487639050  0.22173071703242064
  0.23037303075033311  0.23924577461211155  0.24800186507847413  0.25829858569331182
  0.26883556613515619  0.27964390494142810  0.29102109453160790  0.30400015653346352
  0.31948978751879553  0.33590251553149986  0.35474897402486782  0.38185168396518643
  0.41627800171395346  0.47925819638485029  0.55656054492998142  0.60142534397670344
  0.62930244468958862  0.65177935534804965  0.67184222209517774  0.69012372121003340
  0.70648093201002027  0.72069912755267151  0.73345910138092296  0.74573027187215513
  0.75743371830914064  0.76876689297153056  0.77957436648226264  0.79011533970816206
  0.80037201104055256  0.81041403333991635  0.82028880778906021  0.83001263972501893
  0.83960298910782627  0.84873646083803400  0.85766548760384265  0.86643578584575254
  0.87507272249651447  0.88360146213941759  0.89203084611256456  0.90020235727514963
  0.90817727131615267  0.91602168867405254  0.92371161530429136  0.93140883651227746
  0.93921355206371471  0.94697849259960742  0.95441519113001316  0.96173086893557791
  0.96911856031971277  0.97713460279104225  0.98677402355463684  1.00000000000000000
 -0.00215328851809607  0.00894137779223202  0.01886479550601744  0.02893068193351470
  0.03906678282301174  0.04940833496726327  0.05985318021932935  0.07041677777800093
  0.08121533359585506  0.09202084921276162  0.10295950421049221  0.11364518598255655
  0.12415371969280121  0.13442801366610502  0.14486793057291669  0.15609055858183218
  0.16804247991553334  0.18024750159093839  0.19164119018708917  0.20249031127057249
  0.21285921859072016  0.22319268843463866  0.23357360852652187  0.24372965156450405
  0.25449502746832287  0.26518973023409831  0.27550204954869562  0.28574438627192827
  0.29663348821267327  0.30778345576884147  0.31866455186855425  0.32945903993728026
  0.34005188059562674  0.35058708898846075  0.36123713251030198  0.37171893754438728
  0.38195839237926282  0.39206124100474204  0.40217621433430789  0.41271994981521126
  0.42321384942399776  0.43370083475028837  0.44387074678090288  0.45399198340121877
  0.46439896451177859  0.47510941694017045  0.48573414586871866  0.49649702409349433
  0.50734574896115259  0.51822795877553496  0.52887797687167448  0.53945727898506668
  0.55049081286224300  0.56172502169482585  0.57315097240290991  0.58468395389942140
  0.59607367837694192  0.60701117313027120  0.61773157894012509  0.62826152229460908
  0.63833186743842651  0.64794042101060889  0.65753375419402160  0.66785725370011984
  0.67821558589638764  0.68873121367825518  0.69948619517877664  0.71026002463897875
  0.72079380870132892  0.73135823483532447  0.74214290428728880  0.75297921460474282
  0.76340004929582750  0.77392947702954740  0.78487404060692201  0.79597143864837794
  0.80692469695055291  0.81762717975623866  0.82792675904287794  0.83774303478630308
  0.84730125769574738  0.85683550803359476  0.86639991946537798  0.87615284520121350
  0.88610779392339167  0.89608990163231528  0.90617823661420926  0.91598436930450255
  0.92670865774017253  0.93714783541633251  0.94725044257050739  0.95743494146779673
  0.96765456259657012  0.97825577653031381  0.98910195723293726  1.00000000000000000
 -0.00095092290760224  0.03283840455604606  0.05455838872168028  0.07082944559975989
  0.08478176907359262  0.09705277388615839  0.10812614257203249  0.11884911487795063
  0.12949349720778214  0.13999006925330171  0.15029739829471853  0.16045313733354635
  0.17052908731707761  0.18035956336191294  0.19015466897134439  0.19980751420691734
  0.20951234426774412  0.21948166519368978  0.22934347520195908  0.23885856066207814
  0.24816215294010033  0.25726435096230466  0.26612494907302592  0.27468943192370232
  0.28300835067791308  0.29157426416896065  0.30058507579077909  0.30951702288667637
  0.31794353362295524  0.32615959405944978  0.33438330323122711  0.34299581226429982
  0.35180611972389170  0.36061965417921821  0.36923287923432119  0.37772852456893219
  0.38620158718799180  0.39460121118499325  0.40287729222590579  0.41102920811505694
  0.41918688752285249  0.42738037082288555  0.43574683327351699  0.44402150791213146
  0.45244599630513971  0.46062267379781691  0.46905577041148844  0.47769343263634678
  0.48656025405327480  0.49554800771894242  0.50410852569406750  0.51253736873366418
  0.52076449437725969  0.52886581900030105  0.53708420787900313  0.54552356756480402
  0.55396361178773479  0.56235617664064963  0.57091446406227164  0.57965005845554629
  0.58849743168354851  0.59742849945518450  0.60599861887549977  0.61419586232648493
  0.62242827688107261  0.63090482973221429  0.63958782656778268  0.64809798410494091
  0.65637414482719736  0.66463500120522556  0.67326029157777212  0.68204272344208861
  0.69092304348315436  0.69988788553672610  0.70886302545077340  0.71797475703421554
  0.72720984881574280  0.73674363325679382  0.74658783575285925  0.75626844521637204
  0.76599684789966893  0.77599633642272181  0.78629672648773008  0.79689403512089418
  0.80773218614882147  0.81881251498338536  0.83031517469371197  0.84280416369656330
  0.85628628378306149  0.87042368334842846  0.88503080375551701  0.90030912730859447
  0.91690287823116889  0.93627116541981914  0.96239624515383537  1.00000000000000000
 -0.00430064742599088  0.10197121733803013  0.13819725554425344  0.16281175349169777
  0.18138023574281550  0.19721385231952793  0.21130340798054820  0.22400788021727211
  0.23521542379731736  0.24560064514525137  0.25552917803983705  0.26521420060439627
  0.27448232397236227  0.28349160480649804  0.29209030720964202  0.30013643999636141
  0.30790624973513525  0.31521869229589622  0.32212003372098591  0.32891007209703221
  0.33560438360729966  0.34216152249525811  0.34856574562384651  0.35481046907772751
  0.36105363907876620  0.36717074058927879  0.37318086517121157  0.37950435973706009
  0.38600833623857000  0.39235942381192407  0.39855366297907047  0.40458260766010379
  0.41052221672749323  0.41647756450221812  0.42227139785473239  0.42807385119923491
  0.43398986181826738  0.43998062447956965  0.44607031039650336  0.45214978249280763
  0.45811837888094198  0.46395411992824781  0.46953143885442411  0.47501123684390834
  0.48063414216418221  0.48636628826632639  0.49233959877080641  0.49852654070877928
  0.50448122130905082  0.51028252690726517  0.51605070263092534  0.52169057711891298
  0.52720767621013531  0.53270886964921194  0.53835648480126175  0.54395252013213347
  0.54939258163478422  0.55475457143333751  0.56012633757918773  0.56548931308557382
  0.57088439847120087  0.57630681365441561  0.58182732038396578  0.58749221145450625
  0.59332391743533619  0.59922752060572060  0.60525359635095255  0.61133460876583490
  0.61742134364045431  0.62352462094145444  0.62972731880973254  0.63611730836618297
  0.64251656081025532  0.64896991184580033  0.65547178524759231  0.66213790329565392
  0.66907408072540830  0.67619828524461822  0.68330167589621904  0.69049021500861052
  0.69824215499872289  0.70581363003703279  0.71394906331546037  0.72230202743012262
  0.73132437196613076  0.74063662993627299  0.75020457536236651  0.76030255233232413
  0.77150356729769709  0.78428394607132190  0.79876470697856172  0.81513964215778156
  0.83444090211281718  0.85835522802383313  0.89402129516911755  1.00000000000000000
   6.9028388581601847       -1.0000000000000000     
 T F F F F T T F F T T F F F F T F F F F F F F F F F F F F F F F
  <DiscreteSampler_grid>
  grouped_processes
  1 # 1 for a reference and 2 for a running grid.
  10 # Attribute 'min_bin_probing_points' of the grid.
  1 # Attribute 'grid_mode' of the grid. 1=='default',2=='initialization'
  0.0000000000000000 # Attribute 'small_contrib_threshold' of the grid.
  0.5000000000000000 # Attribute 'damping_power' of the grid.
 # binID   n_entries weight   weight_sqr   abs_weight
    10   10   1.842005005149198E+008   6.953397051918654E+016   1.842005005149198E+008
  </DiscreteSampler_grid>
