  0.00000239146549112  0.00000243666697210  0.00000246937118092  0.00000249008561204
  0.00000251410189793  0.00000253860502363  0.00000256399041827  0.00000259025555708
  0.00000261716286020  0.00000264656871352  0.00000267653328977  0.00000270712523575
  0.00000273981128214  0.00000277593965937  0.00000281630535191  0.00000285733044721
  0.00000289912659041  0.00000294210699553  0.00000298633023364  0.00000303127026284
  0.00000307734666527  0.00000312337844933  0.00000317323968284  0.00000322713881804
  0.00000328408962124  0.00000334778668816  0.00000341163331113  0.00000347684717959
  0.00000354353059071  0.00000361118671483  0.00000367886190825  0.00000375677251796
  0.00000384697645612  0.00000394101625393  0.00000403662829575  0.00000413584633322
  0.00000423942992697  0.00000435246400848  0.00000447368443686  0.00000460080089825
  0.00000473186952110  0.00000486687866842  0.00000501237144988  0.00000517199975542
  0.00000534331911599  0.00000552038604452  0.00000570557453600  0.00000590534533333
  0.00000612214042358  0.00000634869475562  0.00000657839291432  0.00000682951700675
  0.00000710166380425  0.00000738658154962  0.00000767305751167  0.00000798944351790
  0.00000833848452368  0.00000870482319734  0.00000909258694110  0.00000952646794314
  0.00001001340946400  0.00001050389683213  0.00001105841498458  0.00001165639713794
  0.00001230372296426  0.00001300287880938  0.00001378117995879  0.00001457989103080
  0.00001548908172365  0.00001644117720443  0.00001751856934597  0.00001873234221458
  0.00002010260590086  0.00002164798641585  0.00002333735607171  0.00002519007569513
  0.00002728036690791  0.00002968373709150  0.00003243899268918  0.00003556699967225
  0.00003935292365709  0.00004385416201295  0.00004947254856504  0.00005657000465836
  0.00006539268832151  0.00007608485038481  0.00008973630223699  0.00010934341137603
  0.00013369305586729  0.00016703604081833  0.00021086192021342  0.00027567472124614
  0.00037710368637907  0.00058761307851098  0.03566895215920277  1.00000000000000000
 -0.00266402397384557  0.01038244835392730  0.02094840782858584  0.03198080943286084
  0.04251932628859774  0.05342745308925194  0.06404047158795234  0.07385857072246349
  0.08387521230828728  0.09376777849320529  0.10351481384521562  0.11309446790524008
  0.12296713692990509  0.13313660856652043  0.14342080769214477  0.15343931527773957
  0.16344656104508221  0.17390064834562771  0.18487956033832675  0.19556320203507332
  0.20608006353564287  0.21647951288109610  0.22724152503803943  0.23850891131921226
  0.24999135757832053  0.26115839409013053  0.27229572504220712  0.28162990946780037
  0.29152833814138696  0.30115665879301173  0.31094643651233950  0.32097905291309098
  0.33130890579133110  0.34223981025227240  0.35320372313284132  0.36379276693600981
  0.37464375161763386  0.38538283044514998  0.39564046806022096  0.40632022227416970
  0.41736559445681565  0.42858913228970341  0.44000379212046592  0.45094505273628305
  0.46224459188105810  0.47338806819399948  0.48448008020198102  0.49505550995297221
  0.50578072952413911  0.51632642673262286  0.52681772322449794  0.53686408790055495
  0.54748468605852663  0.55834064806531991  0.56881587659743482  0.57927217392977637
  0.58960361956997920  0.59935653525309895  0.60877568333273702  0.61778661661822776
  0.62752140837687287  0.63780724066634298  0.64866316043258054  0.65970269347278909
  0.67101637026056549  0.68227931214296034  0.69318454662016415  0.70374304927534814
  0.71423998319436366  0.72469416401076170  0.73522867126760061  0.74600885805098349
  0.75713503461509468  0.76864633187955889  0.77888778128838454  0.78900114158170720
  0.79931348727743357  0.80925387406680160  0.81938427574488004  0.82930283712522701
  0.84057861693682490  0.85244087018407044  0.86385455751898665  0.87452739109127309
  0.88484768659069557  0.89534164638963454  0.90637666366447467  0.91789032260671866
  0.92928995108160972  0.94030991851343948  0.95084389761233234  0.96117031015689403
  0.97127084427956611  0.98123139626891276  0.99070414998619727  1.00000000000000000
 -0.00250988663106369  0.01968063702480865  0.03968786409304652  0.05979471749621819
  0.07963588413055958  0.09906372255656047  0.11780477503162906  0.13664170131501929
  0.15534720786280490  0.17377884517290890  0.19197149502400160  0.21000398334369316
  0.22813628012975684  0.24603644404244271  0.26365739740932004  0.28101479500666893
  0.29780371620928003  0.31402720610995305  0.33006560826128645  0.34589623072013159
  0.36141069335816017  0.37680118224747516  0.39193511631827088  0.40683713913663566
  0.42159471031154860  0.43627131569555450  0.45078267265359334  0.46500537808974662
  0.47888192409449959  0.49245688884550720  0.50594904068206448  0.51925761960164551
  0.53227042784206247  0.54490840527178430  0.55731681953994816  0.56944015566039474
  0.58141184265747725  0.59336566516844702  0.60533031907592139  0.61722720749085136
  0.62896742273129280  0.64054428323571244  0.65195252469562481  0.66323106371013862
  0.67423383157115824  0.68499312324961414  0.69562663087506427  0.70628941816631841
  0.71651401780886548  0.72646421685447538  0.73634368034805930  0.74614246838497122
  0.75558153851007559  0.76466759071612922  0.77370331342911780  0.78277793341926560
  0.79157128205389227  0.79996314338767927  0.80805191438672375  0.81611110241423024
  0.82422798116882467  0.83223646561565079  0.84006579609402066  0.84778717891424404
  0.85544182684272785  0.86302910393616195  0.87039045415646599  0.87762387892557903
  0.88467398930478658  0.89168378992444020  0.89821092032570238  0.90432414957016483
  0.91023121752988467  0.91606601404403254  0.92172115563074031  0.92712311953404758
  0.93248151034246562  0.93762875123595202  0.94239161866567922  0.94687525530542949
  0.95116108098534247  0.95534843909800582  0.95938575327211084  0.96332531667162902
  0.96719809753718200  0.97093085883980146  0.97451580014366890  0.97810189778821743
  0.98139513308082038  0.98449424074501379  0.98746119558245171  0.99031464534016789
  0.99281064718673884  0.99526932446861582  0.99767028008970793  1.00000000000000000
 -0.01848930752266841  0.13339570446141344  0.18355861871663209  0.21688010441737782
  0.24437745882571954  0.26765752778240393  0.28741227012964310  0.30527350681772503
  0.32126851447664395  0.33592296392091103  0.34982673360171074  0.36333071455567667
  0.37640185563630574  0.38871685472586437  0.40073251151334871  0.41217243210912374
  0.42297906526154755  0.43338289658210410  0.44400400855673283  0.45482718807866990
  0.46537821460214024  0.47539042301155077  0.48487127557562676  0.49423891683350285
  0.50351427626704703  0.51272382371884540  0.52175229473423568  0.53017846977593996
  0.53840662721848009  0.54611658840479393  0.55388572691609061  0.56171567513325549
  0.56957437576988246  0.57725091198089251  0.58468588462200310  0.59201152371234456
  0.59943363896069479  0.60688303299532498  0.61413081564409355  0.62106885135735979
  0.62767897108821524  0.63408388438388608  0.64052963151028108  0.64699469772179607
  0.65332731745435979  0.65961020535623938  0.66578861419897784  0.67196179812971080
  0.67817551761280814  0.68420811547742333  0.68999695662993521  0.69516349664790544
  0.70023700463488658  0.70536861725011235  0.71045231466317049  0.71548499735121163
  0.72046609179043852  0.72544648917244869  0.73042810217345022  0.73535815800823801
  0.74023737720281724  0.74503344938456917  0.74979883793419599  0.75504125113659304
  0.76029229188622194  0.76551071816728544  0.77070975032500866  0.77532114839534705
  0.77979325992815995  0.78421952752765745  0.78865129490426189  0.79312663537837524
  0.79764847625448121  0.80219080317934577  0.80674299921762682  0.81133302765900239
  0.81597859765172243  0.82064752278514752  0.82533292414776405  0.83005041068049412
  0.83497538610348310  0.84010635969454495  0.84532961383024741  0.85056070418308216
  0.85583523546029427  0.86141369526897171  0.86718201343394741  0.87335706718827721
  0.88006607263050074  0.88726306114419207  0.89516103706102124  0.90420820884776332
  0.91486339856947929  0.92900894853228710  0.95148218898993564  1.00000000000000000
   173.09681248648840       -1.0000000000000000     
 F F T F F F F T T F F F F T F F F F F F F F F F F F F F F F F F
  <DiscreteSampler_grid>
  grouped_processes
  1 # 1 for a reference and 2 for a running grid.
  10 # Attribute 'min_bin_probing_points' of the grid.
  1 # Attribute 'grid_mode' of the grid. 1=='default',2=='initialization'
  0.0000000000000000 # Attribute 'small_contrib_threshold' of the grid.
  0.5000000000000000 # Attribute 'damping_power' of the grid.
 # binID   n_entries weight   weight_sqr   abs_weight
    10   10   6.021771220612209E+010   1.359915746540116E+022   6.021771220612209E+010
  </DiscreteSampler_grid>
