  0.00000237130124824  0.00000239738453818  0.00000241789918266  0.00000243586355983
  0.00000245176027520  0.00000246805330038  0.00000248482281409  0.00000251258571542
  0.00000253973583275  0.00000256767037130  0.00000259652191762  0.00000262602185012
  0.00000265645287653  0.00000268801369776  0.00000272133857190  0.00000275648532154
  0.00000279354698306  0.00000283496353107  0.00000287638407575  0.00000291873565166
  0.00000296232638485  0.00000300730125740  0.00000305386536367  0.00000310036308939
  0.00000314806327635  0.00000319775397065  0.00000325311461257  0.00000331543155312
  0.00000337865747875  0.00000344396490200  0.00000351150689037  0.00000358087178826
  0.00000365303581242  0.00000373025939992  0.00000381451781206  0.00000390592011628
  0.00000399911308920  0.00000409384445792  0.00000419145047194  0.00000429383610180
  0.00000440578892691  0.00000452909704011  0.00000465527541505  0.00000478271309046
  0.00000491324816410  0.00000505120476395  0.00000520505408136  0.00000536645699281
  0.00000553091634343  0.00000570382852742  0.00000588945448256  0.00000609071250719
  0.00000630778234154  0.00000652750180889  0.00000676131207930  0.00000702081980647
  0.00000729621205657  0.00000758084155868  0.00000788052591845  0.00000821231770338
  0.00000857522997994  0.00000894966536222  0.00000935708078327  0.00000980992883238
  0.00001028024149131  0.00001079170224656  0.00001136100774532  0.00001197127321775
  0.00001264998533684  0.00001343572579768  0.00001426611292213  0.00001518629705876
  0.00001619115099288  0.00001729867147755  0.00001858566016166  0.00001997940387167
  0.00002158105876344  0.00002340066180090  0.00002555614040664  0.00002803607026244
  0.00003089317971160  0.00003414572819922  0.00003815102566929  0.00004297703470997
  0.00004888720134201  0.00005612753294997  0.00006557000203180  0.00007860995993023
  0.00009542325485669  0.00011903503674857  0.00015427061774817  0.00021681067593172
  0.00032484518724690  0.00062046032235621  0.01289127616471270  1.00000000000000000
 -0.00250089723042583  0.00962009897795430  0.02002292044685603  0.03102426501459558
  0.04125923132155459  0.05125743161686329  0.06118178461532057  0.07150513882485680
  0.08213118213210285  0.09253453219713008  0.10283562356111173  0.11320422628531553
  0.12367458791688626  0.13427650089649479  0.14492197373870050  0.15531958055773196
  0.16568090958374493  0.17598291712035941  0.18637473797800497  0.19695552585408771
  0.20765303442182007  0.21861324873926119  0.22959818839506563  0.24060074266253401
  0.25139197222322462  0.26210627270366671  0.27293311872990439  0.28384492282712387
  0.29431614068606149  0.30474250142897569  0.31528129412834000  0.32620038255523970
  0.33696415157492882  0.34748546415079035  0.35782522408187190  0.36804854321887309
  0.37818829667121806  0.38816583622447404  0.39789075488558956  0.40773313569971698
  0.41764060268522557  0.42825058711275277  0.43879314217982607  0.44951089041393871
  0.46010420553554593  0.47098855040652721  0.48200846018745785  0.49315815816922870
  0.50421105711526004  0.51488973117992543  0.52556297766872906  0.53616885934075464
  0.54675926053877455  0.55726536471322474  0.56797159939405506  0.57880073155121281
  0.58935874274455824  0.59982157690199744  0.61031514777394880  0.62097629483066852
  0.63145457391727244  0.64172484042318301  0.65173542392212813  0.66171782210991092
  0.67211573951314452  0.68274110052933845  0.69324832636458678  0.70373183985563070
  0.71423225592077544  0.72496256841056694  0.73541724953072585  0.74579389653480876
  0.75623233435763237  0.76672611297176640  0.77738449865730375  0.78809635833775427
  0.79856794721693092  0.80918599692908511  0.81990329964363307  0.83103694887989876
  0.84190311157329278  0.85265017251508035  0.86302654011823199  0.87325188645177865
  0.88357395230350355  0.89403167313487586  0.90457283345801465  0.91524059148807824
  0.92599450175843079  0.93654839948332880  0.94696641858509367  0.95738572748997952
  0.96813433530481552  0.97900752537255809  0.98960780370585222  1.00000000000000000
 -0.00175506935035579  0.01470702913517672  0.02992139178965655  0.04550843959467531
  0.06082278419286333  0.07553059574165408  0.08991934684464672  0.10430775417316994
  0.11879337192031912  0.13330924178746340  0.14768585742912635  0.16198207062389755
  0.17606779014731688  0.19004166512367621  0.20433102852083307  0.21857011131799201
  0.23249572358824472  0.24595535415300696  0.25943509755481575  0.27285007471475597
  0.28625667841846325  0.29961656977226009  0.31278140237882768  0.32575616646251443
  0.33874519937736725  0.35183182678723846  0.36466299078996900  0.37727347385913512
  0.38975824827363881  0.40206375934411392  0.41422425915573607  0.42625592442000554
  0.43825328359504018  0.45019002631742977  0.46230192242101481  0.47448854135092888
  0.48628126692122653  0.49785999089138294  0.50953365889137947  0.52126827169066026
  0.53258906955764274  0.54372658639245730  0.55475154794074977  0.56577981421629808
  0.57691020510395363  0.58807354646084220  0.59925837577128294  0.61042887670034696
  0.62168046435105806  0.63287170196705000  0.64379509110965460  0.65436517190170196
  0.66460720851646315  0.67463390914436994  0.68465220720453546  0.69469764363015152
  0.70458703831423164  0.71427991846904781  0.72375247795795994  0.73308859846707330
  0.74227595195827645  0.75137949147388849  0.76042996433731680  0.76956019818075050
  0.77856537859863728  0.78737582315984833  0.79597758225006143  0.80443628901768194
  0.81288510744106479  0.82115572572321360  0.82947887259217823  0.83783741291758163
  0.84641758623432806  0.85469968339236224  0.86265287323383655  0.87051893777064582
  0.87833610955687269  0.88604689716146812  0.89356109896778935  0.90088827659426896
  0.90810899906972287  0.91529582172305146  0.92245349089205886  0.92932911868656365
  0.93613909536367768  0.94242536262017218  0.94854244357514383  0.95456422417833819
  0.96056322732671984  0.96650530525518097  0.97238722397164401  0.97802468417881960
  0.98343311056312921  0.98886367024682142  0.99440719741927930  1.00000000000000000
 -0.02051104647635852  0.10893467683161082  0.14361024480061668  0.16713066884031463
  0.18501295764267897  0.20035140971413234  0.21416432281697781  0.22689127175578902
  0.23849748078751443  0.24913283048136084  0.25904934986665906  0.26856898096914678
  0.27745767024371309  0.28591928182947324  0.29403684371145283  0.30189257345919851
  0.30962311247609442  0.31715644910612634  0.32447938711129132  0.33157163274488999
  0.33851852048664510  0.34544353350265067  0.35230190696848035  0.35897821757125209
  0.36549332975539517  0.37197526428355959  0.37832993517250457  0.38423462947158982
  0.38984329250001354  0.39526392617861639  0.40064021227171792  0.40600361381191491
  0.41177247442957743  0.41746013119267483  0.42310296164573508  0.42879271538042357
  0.43442324167480084  0.44009395721933225  0.44576879468211816  0.45142710526764745
  0.45708359448924019  0.46278052186915669  0.46850147476213905  0.47418261675479284
  0.47984455985035768  0.48551981750265788  0.49118676144914097  0.49695226649535618
  0.50267138630268049  0.50839895106099031  0.51413977329714433  0.51990409780952773
  0.52563453830684748  0.53136387442658317  0.53711342867748202  0.54267549484622390
  0.54828375208769509  0.55383367095662317  0.55942977516226755  0.56505948370586800
  0.57073423277719515  0.57643439596240353  0.58221054932193295  0.58813853890315448
  0.59415530798369653  0.60028075305063711  0.60652622287876468  0.61281144621593198
  0.61914970813503700  0.62554899083564985  0.63210280718618783  0.63886575448724248
  0.64559446270044663  0.65243669170085272  0.65934449573550902  0.66626653865476815
  0.67317167384905130  0.68009119535788165  0.68708685354600041  0.69426339166419115
  0.70168913181044523  0.70946922894709463  0.71753745935750024  0.72582083717159207
  0.73466269414360097  0.74382199872537336  0.75355062766640224  0.76425112042290244
  0.77572470865577869  0.78827957430116224  0.80186551333089129  0.81728524051088769
  0.83529362812258923  0.85797359007214691  0.89607159815653015  1.00000000000000000
   2306.6578922494477       -1.0000000000000000     
 T F F F F T T F F T T F F F F T F F F F F F F F F F F F F F F F
  <DiscreteSampler_grid>
  grouped_processes
  1 # 1 for a reference and 2 for a running grid.
  10 # Attribute 'min_bin_probing_points' of the grid.
  1 # Attribute 'grid_mode' of the grid. 1=='default',2=='initialization'
  0.0000000000000000 # Attribute 'small_contrib_threshold' of the grid.
  0.5000000000000000 # Attribute 'damping_power' of the grid.
 # binID   n_entries weight   weight_sqr   abs_weight
    10   10   3.371617123439357E+010   2.054722649094869E+021   3.371617123439357E+010
    16   10   3.375246820537745E+010   2.056768653434182E+021   3.375246820537745E+010
  </DiscreteSampler_grid>
