  0.00000236925090239  0.00000237809872206  0.00000239045401165  0.00000240861231792
  0.00000242821976080  0.00000244686787367  0.00000246394377068  0.00000248209211605
  0.00000249978874257  0.00000252283093490  0.00000254924020577  0.00000257779774057
  0.00000260775850082  0.00000263887447352  0.00000267193615910  0.00000270749622674
  0.00000274596162685  0.00000278827860089  0.00000283358941744  0.00000288143994630
  0.00000293071340358  0.00000298144093553  0.00000303328384552  0.00000308594262896
  0.00000313995451709  0.00000319745408929  0.00000326939593853  0.00000334430411321
  0.00000342166394538  0.00000350140988512  0.00000358395771886  0.00000367126538818
  0.00000376735912670  0.00000387151391443  0.00000397986832955  0.00000408867135260
  0.00000419731564816  0.00000431943503885  0.00000445690963195  0.00000460231726979
  0.00000475456530400  0.00000490850263466  0.00000508094904699  0.00000527356871772
  0.00000547558584370  0.00000568171373633  0.00000590550405455  0.00000615655989709
  0.00000641668472865  0.00000669592993472  0.00000700942927373  0.00000735045758451
  0.00000770570952675  0.00000809366078462  0.00000852820100039  0.00000896692051821
  0.00000946634455550  0.00001001409584759  0.00001060883329284  0.00001126726575404
  0.00001196064752829  0.00001269595579756  0.00001349529738860  0.00001437657251588
  0.00001538543025245  0.00001653355958623  0.00001782678586662  0.00001930534963693
  0.00002093163848288  0.00002278114239032  0.00002483052171410  0.00002707471791563
  0.00002950066289610  0.00003228036819091  0.00003531262193896  0.00003891949029996
  0.00004334908094819  0.00004917317583185  0.00005592529872938  0.00006348938632036
  0.00007253921075333  0.00008359536842635  0.00009746315454538  0.00011557633419244
  0.00014139353829239  0.00017335377840986  0.00021046855199211  0.00026332017995433
  0.00035940362529004  0.00050193464003546  0.00074948193441782  0.00119193197699496
  0.00202212755539406  0.00453570492997288  0.01640522976641175  1.00000000000000000
 -0.00237790379591390  0.00918334137410060  0.01890264884093366  0.02869024180841829
  0.03834034851540325  0.04774494162171006  0.05718682731021555  0.06673946487264121
  0.07645669338100858  0.08639051527577285  0.09675991140139446  0.10773168529251877
  0.11915603053324005  0.13053259075886589  0.14174578003082480  0.15273002504530325
  0.16362207575546467  0.17434916222847469  0.18521561106628354  0.19614243788940852
  0.20672462608174424  0.21707693772066503  0.22755764234602721  0.23842969866823824
  0.24911970835738417  0.25917976089615880  0.26918542862487732  0.27944139424527897
  0.28991356152631964  0.30031209335901082  0.31034424768719382  0.32020480573253801
  0.33025924325057854  0.34071455728040018  0.35129531730665092  0.36160473184050607
  0.37170081316181197  0.38202491639116543  0.39242235254791835  0.40259591167901149
  0.41266384325855854  0.42312953362140071  0.43407389543701819  0.44486289305670157
  0.45545400614426623  0.46619093961292468  0.47711792299981565  0.48827115956105782
  0.49945163897784217  0.51044436213433175  0.52129352468774037  0.53214183567114259
  0.54317858565057997  0.55419171090234176  0.56496287518553889  0.57586759669439369
  0.58705534566270046  0.59853338898799247  0.60958046216381745  0.62003904625325579
  0.63058660893818030  0.64095795878709483  0.65116797234110757  0.66150911996848627
  0.67209337481377740  0.68332563354801068  0.69466762423111794  0.70617846394214945
  0.71721841082080995  0.72804234718249206  0.73862221247069781  0.74939927888917734
  0.76017328661914596  0.77096053989837576  0.78113356282361934  0.79156889347459292
  0.80223839042430001  0.81295118923684906  0.82348406756386439  0.83411183143369494
  0.84576424157768515  0.85677742361663967  0.86780486629960085  0.87899597429702481
  0.89048179801185479  0.90147314081014085  0.91205415461967865  0.92225176479856996
  0.93222595081908521  0.94158984651208111  0.95106327852498995  0.96111617626338253
  0.97121921160799785  0.98093866486889125  0.99036937292558380  1.00000000000000000
 -0.00379315191288278  0.02465294769157824  0.04973827914419224  0.07467831184973152
  0.09916412319189771  0.12275876725432242  0.14566404387702361  0.16813448587783320
  0.18995332283525168  0.21132129017663137  0.23234612072451158  0.25292075451461571
  0.27301765079134183  0.29278587295293235  0.31218674061651225  0.33108172356636911
  0.34975053754211471  0.36791865954124936  0.38571792532908294  0.40318339315103169
  0.42022043421975724  0.43688372687222266  0.45323464575123190  0.46923683310035630
  0.48498337932227675  0.50044465200228883  0.51550591633678577  0.53026377980245776
  0.54483109171688171  0.55910347805700544  0.57293994689775818  0.58653076264434356
  0.59976414266704237  0.61273397391501372  0.62532027251470212  0.63774383925872946
  0.65007176958932056  0.66225756245819101  0.67415604917236605  0.68576734784047577
  0.69695846934042416  0.70788097062215338  0.71862810635512153  0.72927851458385429
  0.73959589218073707  0.74969779816981963  0.75960154765767762  0.76936078451622358
  0.77885405743069902  0.78817380341107812  0.79726146243467322  0.80621087014279658
  0.81492039593072307  0.82335772193575130  0.83150345806359105  0.83932984258881349
  0.84687929263377859  0.85438342016814806  0.86176123601830201  0.86893591033706685
  0.87592696816893156  0.88253996437221527  0.88906863236000921  0.89538474869585982
  0.90147133105941213  0.90740549992828901  0.91319410848093741  0.91866681204618139
  0.92383899580034545  0.92887707387731999  0.93379434368971070  0.93850454370610215
  0.94299215990414476  0.94727006866122609  0.95148867791032854  0.95553623206604466
  0.95930014390641749  0.96272691654906062  0.96597799107854310  0.96915842319458156
  0.97220241230086313  0.97515569883990294  0.97797625150111245  0.98058612546428503
  0.98303720015333307  0.98535497414250317  0.98753965749697681  0.98950607660450796
  0.99131131337037404  0.99294114588487914  0.99441980262768526  0.99578178915941862
  0.99694137806341054  0.99801287631818070  0.99900963856922720  1.00000000000000000
 -0.01074215775946956  0.06387988130254474  0.09114213909606299  0.10824472150489692
  0.12161131610730440  0.13290800882147524  0.14313995786833528  0.15226278599902657
  0.16110599420266478  0.16976457844987861  0.17822911323669011  0.18655347436324732
  0.19471118411036942  0.20277281935097310  0.21076176575220440  0.21866248056330723
  0.22652567034859589  0.23451378713703849  0.24266811247233602  0.25095543681754806
  0.25924330640400545  0.26745789680330034  0.27571210470005686  0.28406105312167140
  0.29229337996639443  0.30024729475228035  0.30823381101431896  0.31644795701767370
  0.32499465347354611  0.33362185539188832  0.34212546268171595  0.35053789765957616
  0.35913693849549988  0.36824204067612176  0.37794179132224931  0.38780863150265688
  0.39753670090305893  0.40660971123041345  0.41543734543144406  0.42431596679223488
  0.43331190630204330  0.44243517885545924  0.45166806728874237  0.46119123335229728
  0.47100164389128363  0.48104569003330505  0.49122948195181565  0.50145372870391636
  0.51157075967121524  0.52174799598385868  0.53211457349776059  0.54220577820570315
  0.55179846294196788  0.56111292744598018  0.56984846672417944  0.57824731644410587
  0.58656959661574093  0.59506129520185180  0.60384313408550017  0.61240588640070626
  0.62068999814408365  0.62898678014032583  0.63737777204438262  0.64564156831110675
  0.65362793826884313  0.66137182026724439  0.66934862799091088  0.67785241432239585
  0.68641016865161897  0.69463923304104147  0.70265100433718231  0.71052926061269905
  0.71862525572588243  0.72683726199143495  0.73506715943536327  0.74321306260434739
  0.75128237349370219  0.75931599059588883  0.76722465249334704  0.77500371102485099
  0.78268546807218786  0.79029723530121976  0.79789201282322697  0.80553317205892117
  0.81330972855316597  0.82127176593511420  0.82954305959298769  0.83817066160284504
  0.84721513763325496  0.85657673875117690  0.86718947573605965  0.87889594961324313
  0.89298671562232146  0.91040365401954970  0.93731804377254613  1.00000000000000000
   2.9859455378451747       -1.0000000000000000     
 F F F T F T T F F T T F T F F F F F F F F F F F F F F F F F F F
  <DiscreteSampler_grid>
  grouped_processes
  1 # 1 for a reference and 2 for a running grid.
  10 # Attribute 'min_bin_probing_points' of the grid.
  1 # Attribute 'grid_mode' of the grid. 1=='default',2=='initialization'
  0.0000000000000000 # Attribute 'small_contrib_threshold' of the grid.
  0.5000000000000000 # Attribute 'damping_power' of the grid.
 # binID   n_entries weight   weight_sqr   abs_weight
    10   10   8.595633862108447E+010   1.934185266756101E+022   8.595633862108447E+010
    16   10   8.595633862108447E+010   1.934185266756101E+022   8.595633862108447E+010
  </DiscreteSampler_grid>
