 -0.00130829343530469  0.01320770160637210  0.01772166695629119  0.02273088711786914
  0.02807970124124056  0.03371774981576289  0.03967414771609327  0.04576175341039432
  0.05201163032915285  0.05822372504346728  0.06438573985843606  0.07078510240931607
  0.07753712205316325  0.08445931250597906  0.09143326811679379  0.09867166741460240
  0.10619230094132465  0.11385986444298581  0.12155238105485666  0.12948049052275171
  0.13759621655701182  0.14578526355185178  0.15414774071775261  0.16254692796204523
  0.17086460892661079  0.17967035180452631  0.18856414111786729  0.19737527692228596
  0.20624706541724597  0.21546566197466571  0.22503522946668747  0.23466497026144847
  0.24433920180672322  0.25436053293366678  0.26478746042311052  0.27531014781079016
  0.28583982082842208  0.29659871856525416  0.30766427627260373  0.31895118893904817
  0.33034287519063138  0.34179906625924872  0.35341895590890615  0.36545123583590922
  0.37770978381402059  0.39000916629102089  0.40242982040605252  0.41498022196597023
  0.42782468808334728  0.44096419685868360  0.45424861473189565  0.46762863911364744
  0.48109936598766556  0.49477403886420268  0.50810933664523839  0.52096098261946044
  0.53370580325171835  0.54639429908439507  0.55983118758337747  0.57315065786831465
  0.58625078790302987  0.59929375196076562  0.61232297034634320  0.62531243275713144
  0.63822143102896933  0.65107797028782044  0.66382041952396820  0.67642793585933270
  0.68890801702072391  0.70130027875209044  0.71370686315124698  0.72607773610457527
  0.73833892766404963  0.75050306866670591  0.76260307867339794  0.77463394737974300
  0.78652500201780162  0.79830392594409982  0.80991190465352358  0.82119210008547139
  0.83232396541797171  0.84350676140706848  0.85484458526478446  0.86605802465315940
  0.87726690440952781  0.88853902479970692  0.89980102338822832  0.91088848606097927
  0.92161979923321347  0.93219808875689170  0.94237715415583756  0.95268779152629479
  0.96347774096638372  0.97480761885665335  0.98684727079434142  1.00000000000000000
 -0.00245141026061227  0.00967082421398050  0.01978450731830212  0.03035442596990182
  0.04084688396458266  0.05172979067709625  0.06295249815429987  0.07344923928466575
  0.08407222366404712  0.09435112704356992  0.10497555509346199  0.11524358594741949
  0.12534137829865122  0.13536960611449567  0.14546608413871048  0.15594492107003075
  0.16634582009005558  0.17689797537677843  0.18759767556629137  0.19851658358710481
  0.20951308050758347  0.22013476672486346  0.23073955487750791  0.24131385224298324
  0.25203281756291457  0.26265993423109407  0.27323180311182521  0.28395770467548603
  0.29468196123183632  0.30510659419030800  0.31547559611060150  0.32636447053124878
  0.33762388217898043  0.34889097054476992  0.35987057537443229  0.37072521837933631
  0.38150129692280155  0.39207787541443051  0.40265894399965108  0.41326852220976273
  0.42418363985313584  0.43512075176516496  0.44577220721777966  0.45641936413513251
  0.46699128063804218  0.47765215217085044  0.48814084658273771  0.49841878942189072
  0.50872698783143055  0.51898551411241178  0.52944394137978534  0.54002310790114494
  0.55096940457294830  0.56194863632834569  0.57274297468976798  0.58341134827308438
  0.59422862386866782  0.60506659377338379  0.61596012735535277  0.62679462671863606
  0.63639233827489328  0.64554432091246428  0.65453030578932292  0.66417326825346712
  0.67460683734218130  0.68507998997555963  0.69543922683304193  0.70573076213745034
  0.71607257269006863  0.72655630121203829  0.73700500358552035  0.74751765125606784
  0.75819103137615429  0.76880737960127732  0.77932891738151133  0.78972183508716876
  0.80032132755324548  0.81101432279876196  0.82172119880167127  0.83234997054581217
  0.84296650161716158  0.85341793804556498  0.86380771430461745  0.87419423088604109
  0.88477982536971844  0.89526095997585808  0.90560311386335102  0.91609481438189522
  0.92658720836810704  0.93714415251590655  0.94763130857560540  0.95830933316481048
  0.96884333433286818  0.97919344727716207  0.98949766907873127  1.00000000000000000
  0.00955644910606393  0.01013333323176662  0.01065320304284137  0.01191801092712423
  0.01375770484781574  0.01598309340235547  0.02145947875015251  0.02961320657844256
  0.03813866985999713  0.04643418645673826  0.05462550131417480  0.06279427910982632
  0.07096171249113345  0.07913004697971553  0.08744430864883850  0.09570807558546021
  0.10395403610032398  0.11235713368179685  0.12089458931899214  0.12962786099941215
  0.13849784413223121  0.14737033730782198  0.15627129748332980  0.16519656789700091
  0.17401921288701333  0.18275424595153938  0.19138755792679690  0.19995883189661010
  0.20857803550917689  0.21721658476935715  0.22599188351119628  0.23483391611100807
  0.24368224134103800  0.25256501283089811  0.26149619447980416  0.27045655393477547
  0.27942630122162065  0.28847501751104693  0.29758831775312239  0.30661859748836368
  0.31556453179133997  0.32443792247552167  0.33349675855732508  0.34248415093363660
  0.35139039814318479  0.36046787641955758  0.36973132595348107  0.37916392391571296
  0.38874587473147504  0.39846008320802923  0.40832207494893369  0.41809427158294415
  0.42771924569186892  0.43734017698804067  0.44705777898187299  0.45685215671569057
  0.46665508643136189  0.47647600178554533  0.48647865529178980  0.49663884524024526
  0.50687041688143752  0.51716457303187413  0.52761932518299870  0.53815406660332954
  0.54863193338251626  0.55913444048474559  0.56977385883314180  0.58059242974899050
  0.59148926905560528  0.60250839881918328  0.61368317002568085  0.62490422769353093
  0.63610957345934005  0.64732170091854058  0.65857544976512228  0.66993967813013544
  0.68144518163603374  0.69316029775741106  0.70509024759402295  0.71744193946219836
  0.73015887133386181  0.74304553814881413  0.75618519428290953  0.76947390282360884
  0.78310328917038374  0.79718973561978601  0.81191727064477404  0.82672722233976204
  0.84211264309367329  0.85812941832469891  0.87498332450579785  0.89315366596280044
  0.91253134548819703  0.93413877835545467  0.96144345711982471  1.00000000000000000
 -0.01979545190706710  0.11780810615049399  0.17053413897484507  0.20092302988529451
  0.22380843151896451  0.24289930454849237  0.26009243526960280  0.27592974297019451
  0.29080722145468890  0.30499906946081345  0.31840174899897467  0.33108504121549648
  0.34327939574965144  0.35506429218082325  0.36654450300677849  0.37773064452234140
  0.38867262135721725  0.39934526145792831  0.40990952205670589  0.42036880899646473
  0.43074514304877071  0.44096158646545974  0.45110080066177005  0.46115682975875566
  0.47110812830495413  0.48085165058907087  0.49044955310243127  0.49990223628614050
  0.50924607341757655  0.51850143021553052  0.52765375048044016  0.53669335738107449
  0.54552919243737008  0.55413736054633256  0.56262866572105397  0.57098774117585871
  0.57922615582224035  0.58736927920212756  0.59538883743111304  0.60316782567660765
  0.61030035784467929  0.61725065452913774  0.62403726678263505  0.63119771142645253
  0.63868760781916667  0.64614513151092279  0.65356432690969080  0.66090558695418844
  0.66813774024230121  0.67519497573814080  0.68213387504221967  0.68898494822445522
  0.69575702064469680  0.70247758748419264  0.70905398883832949  0.71540085965038502
  0.72159111468364145  0.72771581773035021  0.73375320175892067  0.73965951632280413
  0.74549431288216250  0.75119948699857331  0.75679965109227654  0.76231700090937160
  0.76777845718915927  0.77314948218363300  0.77846706476876670  0.78373676484943200
  0.78899043089443288  0.79414883784796608  0.79925404643550702  0.80435803199464351
  0.80944080086360204  0.81443304170436437  0.81932133691929199  0.82416973191475940
  0.82903942969339295  0.83394760041231519  0.83885492999362421  0.84377242749479742
  0.84874408140155877  0.85371403233855447  0.85883479655042039  0.86398593986658501
  0.86923807295031963  0.87463767691802075  0.88029080105737489  0.88611946375026818
  0.89211957230116412  0.89851452936801868  0.90547887306151686  0.91320181995284366
  0.92234844414684436  0.93399128240385365  0.95277789907030885  1.00000000000000000
   7.1172799298990758E-002  -1.0000000000000000     
 T F F T F F F F F F F F T F F T F F F F F F F F F F F F F F F F
  <DiscreteSampler_grid>
  grouped_processes
  1 # 1 for a reference and 2 for a running grid.
  10 # Attribute 'min_bin_probing_points' of the grid.
  1 # Attribute 'grid_mode' of the grid. 1=='default',2=='initialization'
  0.0000000000000000 # Attribute 'small_contrib_threshold' of the grid.
  0.5000000000000000 # Attribute 'damping_power' of the grid.
 # binID   n_entries weight   weight_sqr   abs_weight
    10   10   3.691043723100670E+008   1.411841211863210E+017   3.691043723100670E+008
  </DiscreteSampler_grid>
