  0.00000236953817760  0.00000238372414992  0.00000239908403554  0.00000241556241300
  0.00000243295907832  0.00000245254994849  0.00000247265580947  0.00000249344639567
  0.00000251593530380  0.00000254453113497  0.00000257370729478  0.00000260433983012
  0.00000263634431596  0.00000266943819070  0.00000270413176877  0.00000274434183188
  0.00000278676685469  0.00000283236071583  0.00000288097578001  0.00000293060847062
  0.00000298234894753  0.00000303597812963  0.00000308966583938  0.00000314558668565
  0.00000320676793529  0.00000327468906765  0.00000335250327113  0.00000343126676950
  0.00000351174440325  0.00000359347524002  0.00000367735967859  0.00000377707259846
  0.00000387843219565  0.00000398230218472  0.00000408914523397  0.00000419845658614
  0.00000431061270614  0.00000443428305509  0.00000456891821081  0.00000470702200904
  0.00000484814945727  0.00000499801190893  0.00000515977698883  0.00000533256814733
  0.00000551472774293  0.00000570253565197  0.00000590342274336  0.00000612734658681
  0.00000636033581237  0.00000660401236207  0.00000686306895914  0.00000716197482349
  0.00000746754240604  0.00000778388500620  0.00000812833646169  0.00000850218810296
  0.00000890128574531  0.00000932762305500  0.00000980385218297  0.00001029156965482
  0.00001081744264537  0.00001139209305974  0.00001200190195167  0.00001265746636881
  0.00001340234893102  0.00001420272337817  0.00001510970851120  0.00001610671812322
  0.00001722721317039  0.00001852876772735  0.00002003650718558  0.00002173401734735
  0.00002359722521520  0.00002558623877544  0.00002783297395212  0.00003040230418736
  0.00003335334868675  0.00003667939173709  0.00004045681884138  0.00004493106512402
  0.00005042727868403  0.00005711310908835  0.00006498450619337  0.00007479911627207
  0.00008671132159421  0.00010142268859604  0.00011998918179601  0.00014446495926113
  0.00017578924841287  0.00021659394306341  0.00027529306123426  0.00036309941185354
  0.00053217172054889  0.00086882911320199  0.00345767988506222  1.00000000000000000
 -0.00234367138991738  0.00873990781344635  0.01855123974633489  0.02855147591832316
  0.03927832599983697  0.05002013861014638  0.06104855348681563  0.07200721910540191
  0.08268895289007533  0.09282668527401332  0.10310725018679312  0.11418094949152922
  0.12559285691263444  0.13703391105830814  0.14820284537700262  0.15888677739112009
  0.16937257125921476  0.17952438601714224  0.18972233946469869  0.19974870157238214
  0.21005003988148560  0.22053778179749742  0.23098477726307015  0.24133386112453195
  0.25161242693448971  0.26260836335998672  0.27375367402739786  0.28481005335172960
  0.29547819340829995  0.30582679642821420  0.31662909529970662  0.32743347062500072
  0.33853651327037754  0.34916502069270766  0.35953957351259763  0.36981943126721045
  0.38043203189339081  0.39151516978483614  0.40175463749251322  0.41178712704855613
  0.42207278870700499  0.43276861052599142  0.44373372448390236  0.45433884023403093
  0.46528766607558097  0.47633283042550467  0.48709973401437040  0.49760772190701869
  0.50816267452301200  0.51886585725363166  0.52980235861313574  0.54045091591972527
  0.55107536171538007  0.56177684762164148  0.57233871388746982  0.58259877183049413
  0.59294036162986530  0.60308832970720938  0.61345029162067488  0.62374232888951575
  0.63334240308558121  0.64286407395346423  0.65223849585429228  0.66173465119074359
  0.67119789389694595  0.68072082357391261  0.69046403675518209  0.70143464526674715
  0.71229834006583603  0.72292639080709398  0.73350551518664431  0.74408305538199948
  0.75451836668704164  0.76480913290237840  0.77507476224337857  0.78592830158630833
  0.79727225532924451  0.80905493564550657  0.82032853142233275  0.83099073929834832
  0.84121853200422569  0.85112526814475731  0.86089694764074309  0.87123116205829920
  0.88231210894068879  0.89400193932974703  0.90548289641983848  0.91674985125840336
  0.92723313989813116  0.93767301499302158  0.94831721140818603  0.95922441291422933
  0.96936435561310141  0.97947884620157311  0.98960941605823105  1.00000000000000000
 -0.00225125709661704  0.02137473269675840  0.04255376641035648  0.06372241886935096
  0.08435770227826397  0.10437633509275630  0.12420288815137032  0.14346323092868138
  0.16218523212671884  0.18032527441118754  0.19788862930287582  0.21526106364599887
  0.23261177288994017  0.24958023610782071  0.26625524103918741  0.28249653643849698
  0.29862011568154601  0.31483248749144482  0.33074912775871629  0.34637383563231183
  0.36175884192516056  0.37693675372780416  0.39179344089158080  0.40662944782835914
  0.42153862940817055  0.43645394230331841  0.45128754048541458  0.46585039271768469
  0.48007789647498844  0.49372107877752491  0.50686613570363304  0.51979461135357408
  0.53278816587853017  0.54567522982717354  0.55829185143882187  0.57052448068945272
  0.58254678236473267  0.59449507502598209  0.60636322825146460  0.61805084795829113
  0.62964014161547999  0.64107237202350575  0.65217310172598897  0.66300217529980454
  0.67361035305337613  0.68409772928210444  0.69438532734046754  0.70443997079382836
  0.71422485080096576  0.72379603719935892  0.73340239562173171  0.74314934203260297
  0.75278228082127996  0.76222667923456267  0.77147333855597666  0.78048026343396326
  0.78938354924591603  0.79804913805312194  0.80658351416958607  0.81486844522279556
  0.82287559240899377  0.83067665319951656  0.83837004717178432  0.84600910838550070
  0.85351754884583131  0.86081176810738769  0.86792964183466281  0.87490942439550612
  0.88169354767495933  0.88824510474937912  0.89459298641889518  0.90075255386205022
  0.90676861075669812  0.91262017140088103  0.91848356514517293  0.92422402152717031
  0.92997024856075849  0.93560948306011860  0.94099784297478883  0.94607791960767651
  0.95086416302305943  0.95564238370511545  0.95993560251668208  0.96395345674274657
  0.96782994591527627  0.97156746768827273  0.97514108413694933  0.97858217404692727
  0.98187290490951418  0.98497838387095760  0.98791577510325101  0.99068131813204152
  0.99322211614040623  0.99555408957444091  0.99780533532863247  1.00000000000000000
 -0.01321816130222078  0.11121753327336709  0.16341381432479662  0.19375515726950246
  0.21737501921573935  0.23677597175096327  0.25451726111781792  0.27093212838295017
  0.28615627022734069  0.30000852236935305  0.31361099599152059  0.32658308984183509
  0.33923953601202167  0.35125565957740956  0.36315016216635210  0.37466908566758172
  0.38539291657903374  0.39555337295165249  0.40558171772424539  0.41554092244483598
  0.42514790420454451  0.43459227459997923  0.44428662406684089  0.45408672934654587
  0.46372215435063169  0.47312876649211905  0.48257938921005111  0.49203102941628496
  0.50132639370424770  0.51038774529298769  0.51903952854045543  0.52699586686755140
  0.53467617575049420  0.54222394984606204  0.54950448882980651  0.55671843798753462
  0.56385089650425679  0.57074730006573449  0.57755726440284783  0.58441051760811025
  0.59122237184170012  0.59800189269721138  0.60476746112383595  0.61189308269190645
  0.61923228968481014  0.62656595853745023  0.63393916223171276  0.64106334177080393
  0.64765345255013584  0.65398193894423695  0.66043138492149134  0.66693732217051593
  0.67326011045096579  0.67936308226870479  0.68539873089180037  0.69137454131392373
  0.69729959842161882  0.70321399576039134  0.70889063931229757  0.71456048783865034
  0.72016245274546931  0.72557978617652363  0.73099445850138089  0.73626463778312057
  0.74168750661018157  0.74713940791458533  0.75261299251813296  0.75801998761801181
  0.76336635585919688  0.76874500064336304  0.77419283043581899  0.77971295924308648
  0.78512485239395857  0.79041428315094819  0.79548535675312793  0.80053777602960119
  0.80566099829836291  0.81087306779001611  0.81614128903441840  0.82139886978138843
  0.82660107196997890  0.83183447719903469  0.83717756109964703  0.84278254913614603
  0.84847897655820981  0.85441487533214600  0.86066495903318707  0.86722135001981915
  0.87412137260074330  0.88160853818900020  0.88966649994551428  0.89862634200802849
  0.90927522484442413  0.92276462114760538  0.94277490660902308  1.00000000000000000
   4.5696907271757539       -1.0000000000000000     
 T F F T F F T F F T F F T F F T F F F F F F F F F F F F F F F F
  <DiscreteSampler_grid>
  grouped_processes
  1 # 1 for a reference and 2 for a running grid.
  10 # Attribute 'min_bin_probing_points' of the grid.
  1 # Attribute 'grid_mode' of the grid. 1=='default',2=='initialization'
  0.0000000000000000 # Attribute 'small_contrib_threshold' of the grid.
  0.5000000000000000 # Attribute 'damping_power' of the grid.
 # binID   n_entries weight   weight_sqr   abs_weight
    10   10   9.627808541571709E+010   5.562611136528076E+022   9.627808541571709E+010
  </DiscreteSampler_grid>
