  0.00000237921761300  0.00000239273753298  0.00000240679736962  0.00000242164686179
  0.00000243793900556  0.00000245576278579  0.00000247353363405  0.00000249402958164
  0.00000251612642258  0.00000253992267363  0.00000256540160418  0.00000259361578856
  0.00000262449073890  0.00000265679990779  0.00000269038836614  0.00000272577176026
  0.00000276330202138  0.00000280413081774  0.00000284761940471  0.00000289224895770
  0.00000293859643348  0.00000298658172562  0.00000303310879098  0.00000307817572267
  0.00000312245351285  0.00000316583812622  0.00000322139534150  0.00000328405685310
  0.00000335246311757  0.00000342562469300  0.00000350241218150  0.00000358099409408
  0.00000366273838805  0.00000374897143623  0.00000384087413781  0.00000394115162379
  0.00000404041992082  0.00000414363560271  0.00000425516330387  0.00000437931182683
  0.00000451664977442  0.00000466059284100  0.00000480295356550  0.00000495797671173
  0.00000512535951530  0.00000531543671345  0.00000551871229082  0.00000573100616198
  0.00000596553105046  0.00000621055720483  0.00000646205852011  0.00000673570432575
  0.00000706565214782  0.00000742986247826  0.00000781933862488  0.00000824715741863
  0.00000870586481723  0.00000918469302439  0.00000970565094927  0.00001027034139990
  0.00001087790187455  0.00001152576584284  0.00001220789629840  0.00001293198941764
  0.00001368517536025  0.00001447704945338  0.00001538881001867  0.00001642227677466
  0.00001766534344499  0.00001906742397847  0.00002063357939760  0.00002227225626146
  0.00002423664788977  0.00002638032902909  0.00002879538888312  0.00003149506266879
  0.00003468501268492  0.00003817101345747  0.00004197864396201  0.00004617932542928
  0.00005030295605952  0.00005490935434006  0.00006125210187466  0.00006920838552302
  0.00007920675644910  0.00009220984968258  0.00010949162042858  0.00013115383029825
  0.00015764053868452  0.00019504463573051  0.00025676801200721  0.00034080433219234
  0.00050174604511752  0.00085427762284868  0.01402037077096064  1.00000000000000000
 -0.00261160077521677  0.00967261784056920  0.02017281443364910  0.03063043789222641
  0.04178478911366761  0.05177071351336911  0.06204072568164535  0.07159107994911360
  0.08139453013346741  0.09118329334675623  0.10105586238158043  0.11147968685687171
  0.12161866718553190  0.13122711362401598  0.14084473518889254  0.15038669394973642
  0.16061048811652148  0.17158145517163562  0.18278218948443833  0.19437224598021846
  0.20598656532114887  0.21691574323808890  0.22719374731323458  0.23805199254554871
  0.24911259665992003  0.25950605312515634  0.26953510690909982  0.27966755182956737
  0.28981595610453098  0.30008190736877627  0.31090241347676395  0.32214720805755198
  0.33267821868043590  0.34287548278904595  0.35287060166646267  0.36384742138007420
  0.37566643858410859  0.38775635587224261  0.39991681643616372  0.41199930507054922
  0.42324515197440127  0.43386414964725134  0.44456849243260516  0.45521829982093315
  0.46560502206448057  0.47609471336469072  0.48703521558081725  0.49790509682702810
  0.50848542169438493  0.51837930827006395  0.52783583027330649  0.53726016007559230
  0.54721164357037799  0.55811062082428020  0.56962329710677329  0.58066983152002494
  0.59128578358232564  0.60170956885614424  0.61248164547784534  0.62390700125143261
  0.63575765014964924  0.64745171203931384  0.65878342950752544  0.66988238009056544
  0.68102165342292054  0.69239175776187023  0.70373677908246979  0.71496529346292947
  0.72580803746273925  0.73601819675545699  0.74624100341053967  0.75647729626390059
  0.76706136238267442  0.77672389721934143  0.78593696629699228  0.79539116311943514
  0.80569307072886631  0.81624769087151794  0.82645653766320426  0.83609626670957016
  0.84572092947481647  0.85544898842186734  0.86565334999322763  0.87649594044977852
  0.88729925074290528  0.89733229758796162  0.90775846759504375  0.91779247815708442
  0.92843286156998261  0.93969171922666650  0.95109157982979009  0.96202093298486291
  0.97192981894855446  0.98118854432533453  0.99061082725254601  1.00000000000000000
  0.00725061620153944  0.02895766773581119  0.05373590588492490  0.07826318267660576
  0.10253745174651191  0.12629153315380992  0.14918561211716283  0.17154903454522322
  0.19359306281304953  0.21514000304529446  0.23644147491613421  0.25704409392335414
  0.27684232011789828  0.29590039656570688  0.31453784928309519  0.33260111435502682
  0.35131890994834930  0.36979631927818096  0.38796191616544540  0.40541692208148744
  0.42226902332358646  0.43900687020554602  0.45569558473817573  0.47238670810990774
  0.48877443239479901  0.50442416660202427  0.51946076974976207  0.53434316881770372
  0.54883098269263197  0.56270016426346792  0.57654026196615160  0.59013756611386758
  0.60348996617211559  0.61639585011965459  0.62909507025869948  0.64160514149515147
  0.65402981288527529  0.66629487073555205  0.67846566501620098  0.69023171453690668
  0.70181372007331877  0.71304323220132049  0.72414512394019004  0.73508319843262671
  0.74596118901547193  0.75628199064295476  0.76616489407831501  0.77538513619012450
  0.78452297249835579  0.79365039890164801  0.80267719272636884  0.81152330113230120
  0.81990157072403314  0.82799829946561421  0.83602351573970324  0.84398547822564973
  0.85163896494012548  0.85895997891267373  0.86578545524130701  0.87247720257350292
  0.87886644333268771  0.88521527150312607  0.89150898641755660  0.89760437576958940
  0.90343220917840883  0.90906733296487896  0.91475808631482058  0.92023904530260325
  0.92550347130394184  0.93074647414554490  0.93575802869091051  0.94021179694937040
  0.94423427184349129  0.94813880873112077  0.95183114108822042  0.95566535585223911
  0.95922594686649409  0.96259324495943532  0.96593067236902252  0.96916220533323560
  0.97221331712920689  0.97508710571987267  0.97782623849811401  0.98048249675720611
  0.98283634599654002  0.98513026648054514  0.98732356411837452  0.98938664287901046
  0.99129331393468634  0.99292140268707818  0.99443404373739130  0.99586051316834745
  0.99694285336000865  0.99801735328576946  0.99900867664288473  1.00000000000000000
  0.00213106489630624  0.06469350923245290  0.09092118212850205  0.10855919326936675
  0.12239632929070185  0.13396913250153206  0.14442984269013626  0.15427992662147730
  0.16380692300627364  0.17311225739304859  0.18219676075135163  0.19101318687651572
  0.19948793549863514  0.20763689369567856  0.21536903801640661  0.22285277952415342
  0.23080453009143681  0.23907422631729272  0.24764583484722352  0.25623653023109599
  0.26465951116347425  0.27287505184559946  0.28115694182537093  0.28944731018052161
  0.29853944571707730  0.30771897725920855  0.31684747946313913  0.32547620359812912
  0.33376611550809948  0.34225026312666573  0.35079831837525843  0.35999061223113465
  0.36826779228734846  0.37678337158171321  0.38478552256091941  0.39339715835438283
  0.40203379127091315  0.41153807761936639  0.41971415744623020  0.42790583019645340
  0.43573161348543082  0.44513986348000018  0.45507900129522788  0.46456335276730010
  0.47406058176223076  0.48372583335957670  0.49420165336307215  0.50408026074363554
  0.51390349057029761  0.52324580088240324  0.53218278204505343  0.54082025956174307
  0.54953890246533488  0.55850042885162865  0.56778829046604751  0.57753695403306149
  0.58797022511113262  0.59868920055859309  0.60876622324064877  0.61861278547697984
  0.62833348863249372  0.63837545699088860  0.64863788048125703  0.65828227893305469
  0.66716195364819786  0.67523025626879007  0.68286471105970326  0.69060629762294712
  0.69860684974011589  0.70677285028484460  0.71506686497361260  0.72326190775872290
  0.73095945231605020  0.73831035827344449  0.74591507236276855  0.75362446122736426
  0.76124912625828256  0.76858235529308894  0.77535673008399253  0.78165852859014018
  0.78790535402977768  0.79451467728936132  0.80163463895999587  0.80883215252293061
  0.81612883534950287  0.82355365551066284  0.83081784935537761  0.83893330796807086
  0.84829590256770993  0.85817720287654753  0.86897254642018973  0.88008620672800375
  0.89340831695866185  0.91105485811587039  0.93975265611251391  1.00000000000000000
   27.078460465617262       -1.0000000000000000     
 F F F T F T T F F T T F T F F F F F F F F F F F F F F F F F F F
  <DiscreteSampler_grid>
  grouped_processes
  1 # 1 for a reference and 2 for a running grid.
  10 # Attribute 'min_bin_probing_points' of the grid.
  1 # Attribute 'grid_mode' of the grid. 1=='default',2=='initialization'
  0.0000000000000000 # Attribute 'small_contrib_threshold' of the grid.
  0.5000000000000000 # Attribute 'damping_power' of the grid.
 # binID   n_entries weight   weight_sqr   abs_weight
    10   10   4.995418873424463E+009   4.364273635059536E+019   4.995418873424463E+009
    16   10   4.995418873424463E+009   4.364273635059537E+019   4.995418873424463E+009
  </DiscreteSampler_grid>
