  0.00000236810964045  0.00000239014119160  0.00000240997464563  0.00000243087284068
  0.00000245254159915  0.00000247452734151  0.00000249665278954  0.00000251891869467
  0.00000255056717564  0.00000258208052974  0.00000261414576924  0.00000264744305150
  0.00000268159822327  0.00000271535872297  0.00000275371926921  0.00000279774267750
  0.00000284318777798  0.00000289139437694  0.00000294141821588  0.00000299265186708
  0.00000304443071314  0.00000309834569912  0.00000315293272173  0.00000321260498756
  0.00000327839291698  0.00000334872635291  0.00000341928923140  0.00000349113319358
  0.00000356462674820  0.00000363997356942  0.00000372080849299  0.00000381767803098
  0.00000391599963383  0.00000401897292117  0.00000412477022059  0.00000423416981960
  0.00000434998251010  0.00000447523517411  0.00000461223505753  0.00000475128126986
  0.00000488971861586  0.00000504301486008  0.00000521385943075  0.00000539614691653
  0.00000558594620203  0.00000578451903105  0.00000601446937291  0.00000625384004547
  0.00000649822369145  0.00000675497270472  0.00000703590319381  0.00000734761736069
  0.00000765923796323  0.00000800129712391  0.00000837443081295  0.00000876614979370
  0.00000920439120004  0.00000970066773436  0.00001022563611303  0.00001078486713835
  0.00001139295670206  0.00001203769073960  0.00001274035720235  0.00001351151426125
  0.00001432894512418  0.00001526526183748  0.00001630225629430  0.00001744720789184
  0.00001869111934826  0.00002006375772052  0.00002161060997173  0.00002335343274614
  0.00002526540358120  0.00002736568647279  0.00002980947504432  0.00003256922902140
  0.00003563394737485  0.00003922845708729  0.00004373949499141  0.00004923396153141
  0.00005551876392634  0.00006325339062304  0.00007264293711876  0.00008433659678054
  0.00009833108618140  0.00011452953366854  0.00013637851357762  0.00016789182948069
  0.00021001688414958  0.00025902567306004  0.00032983037897548  0.00045705593473445
  0.00064448758406397  0.00104323758030012  0.16399712867282112  1.00000000000000000
 -0.00246707709329986  0.00996263038567156  0.02033811251574625  0.03059960617189006
  0.04105642949601082  0.05205798082486893  0.06312615635056081  0.07413805089630578
  0.08542635003755930  0.09687739443135344  0.10844085456273519  0.11906456847564688
  0.12988467062317663  0.14076858557351740  0.15188331837565286  0.16323820883433429
  0.17437890826916705  0.18522805168194706  0.19599794727562869  0.20661292643270887
  0.21668383285520024  0.22666812207219897  0.23666951933505986  0.24686493601021756
  0.25680439401995009  0.26674274554179633  0.27732933591104653  0.28833395215583940
  0.29898387380556446  0.30950949270538580  0.31999808361815529  0.33021528838789632
  0.34003554353134180  0.34985240850668581  0.36016868669958091  0.37029097817818840
  0.38025661384650222  0.39050898168297909  0.40095367421869671  0.41091204255556896
  0.42125992957938152  0.43169437176747871  0.44210791512524744  0.45250613452706162
  0.46277454054569173  0.47352593172339080  0.48373683095055858  0.49397879524024302
  0.50468866122439493  0.51590489212444990  0.52731545691739279  0.53887262408463488
  0.55099325714065006  0.56313363689055018  0.57478329654399363  0.58615991609160356
  0.59753741493115087  0.60848340928819267  0.61885752009952288  0.62906324589205520
  0.63932056157540074  0.64990059345557083  0.65943464414375885  0.66868535075326641
  0.67825442563779570  0.68824822266400554  0.69853142893247255  0.70871969069476970
  0.71907521666271956  0.72925610187191947  0.73935632923940686  0.74905429166795445
  0.75980815090993925  0.77027885199620671  0.78116685060421942  0.79223564794832346
  0.80304075815855935  0.81393400262702664  0.82475341374530131  0.83554026628861433
  0.84571041945092484  0.85560190735271913  0.86536777100504092  0.87533887452789150
  0.88560730337693316  0.89612542642344339  0.90635263348814299  0.91639581633720657
  0.92652264598473666  0.93692700409084972  0.94749521855855734  0.95784889136492657
  0.96848160029783525  0.97906506092297341  0.98951907235242131  1.00000000000000000
  0.00358679280479206  0.02336306223007525  0.04383568900926907  0.06366558277254374
  0.08320807272928613  0.10319814381477557  0.12299892963585474  0.14185122586527785
  0.16075745153917451  0.17938444664800782  0.19738066852236202  0.21508607249654049
  0.23276822834993371  0.25018825182940463  0.26737266135434873  0.28412390075177263
  0.30028450149514702  0.31633151600081072  0.33233023016442714  0.34831288664063220
  0.36409077416191343  0.37981283971177654  0.39550233358733455  0.41095223442794737
  0.42604379876853365  0.44081543596358930  0.45515960296992664  0.46908586374068645
  0.48263715081393815  0.49599800912015962  0.50929976194057291  0.52262981908247363
  0.53563054562234336  0.54842642231006589  0.56098552513616584  0.57359668828225630
  0.58594487397349693  0.59798513056861302  0.60977456927532425  0.62137364876703138
  0.63274499488446800  0.64403097417795974  0.65541274106190428  0.66650754857375005
  0.67726816688603608  0.68793696600827536  0.69821337147635931  0.70827278359467116
  0.71798816813478805  0.72767567529217159  0.73741923170895363  0.74709201864380559
  0.75683361904486190  0.76626966042233802  0.77569350111396351  0.78516729817127284
  0.79446730616707673  0.80347124308822093  0.81194185274713915  0.82007942414762069
  0.82795733338564415  0.83580010929722259  0.84346172484659288  0.85105635772395272
  0.85837000012918740  0.86535204440025915  0.87215967321803445  0.87884270297442491
  0.88541586250164095  0.89189948184780621  0.89822076077733648  0.90432931706919395
  0.91030021204037148  0.91616686226893329  0.92195077444900775  0.92757520644582991
  0.93313841521925822  0.93845326556015651  0.94350802694801694  0.94827654571639752
  0.95284744486859918  0.95728259207431665  0.96133995151366081  0.96529114800301952
  0.96917581124928387  0.97290729450114044  0.97642994655047521  0.97974476205255445
  0.98294130074092434  0.98589691564498605  0.98867188283865848  0.99124321901823120
  0.99362294418536257  0.99580208325235831  0.99792486567489291  1.00000000000000000
 -0.01195420155730609  0.10707756516059104  0.16182027840058047  0.19249042495122834
  0.21643699274758108  0.23673930576434588  0.25461319789586750  0.27130572078291421
  0.28659039084883475  0.30078749415948125  0.31431331777362892  0.32743212642650754
  0.34001693794747712  0.35205915435914359  0.36359693263526321  0.37480878260350659
  0.38587518957865924  0.39665925166053495  0.40683276586968103  0.41664416207708677
  0.42607281325748925  0.43506908532025312  0.44381764707077381  0.45257339310740985
  0.46169449258287748  0.47118920582596729  0.48069454009299506  0.49008226086667050
  0.49915778984914749  0.50785469525976812  0.51631775217213960  0.52460164334529746
  0.53294604177907001  0.54116816420906255  0.54912192002572280  0.55686979448471474
  0.56450110556041988  0.57214218838773689  0.57959655791382825  0.58672208419731608
  0.59344397428200257  0.60018063861986692  0.60699418717607412  0.61384658862853170
  0.62051005598157671  0.62710681958250525  0.63358347563902118  0.64000282820019627
  0.64672052128950708  0.65368697047460644  0.66045730044038864  0.66677975926090760
  0.67280166275538078  0.67902503655399471  0.68532695660870202  0.69170160148096693
  0.69800172074406974  0.70403082306592357  0.70974925957027202  0.71525207473524433
  0.72080915720769423  0.72649954975156661  0.73220994092833791  0.73766484890986583
  0.74294621760264934  0.74801992428436148  0.75314673168141522  0.75826508294431072
  0.76338680874649656  0.76860627887786070  0.77377817650011527  0.77881486234028663
  0.78398417176787050  0.78901712255203649  0.79414495181643852  0.79935897454361082
  0.80454148172980011  0.80975689949034924  0.81500499767893897  0.82026104260091881
  0.82559292508386861  0.83100242885030118  0.83657753564820092  0.84243054471334256
  0.84836300396383069  0.85446989265740192  0.86081651146891114  0.86739468915187856
  0.87452933877497907  0.88233345993973100  0.89072246256326459  0.89994030415306769
  0.91076710472035616  0.92491468827084578  0.94745765054177034  1.00000000000000000
   4.6324316630881937       -1.0000000000000000     
 T F F T F F T F F T F F T F F T F F F F F F F F F F F F F F F F
  <DiscreteSampler_grid>
  grouped_processes
  1 # 1 for a reference and 2 for a running grid.
  10 # Attribute 'min_bin_probing_points' of the grid.
  1 # Attribute 'grid_mode' of the grid. 1=='default',2=='initialization'
  0.0000000000000000 # Attribute 'small_contrib_threshold' of the grid.
  0.5000000000000000 # Attribute 'damping_power' of the grid.
 # binID   n_entries weight   weight_sqr   abs_weight
    10   10   3.276341474927941E+010   3.736469528195533E+021   3.276341474927941E+010
  </DiscreteSampler_grid>
